--contingency generator
conID,genID,busID,unitID,q(MW) 
1, '1 ', 8, '1 ', 4.304943316216914
1, '1 ', 1, '1 ', 2.4981950934674586
1, '1 ', 3, '1 ', 25.073697369672598
1, '1 ', 2, '1 ', 13.46649155527278
1, '1 ', 6, '1 ', -1.3057459387823451
--end of contingency generator
--bus
contingency id,bus id,v(pu),theta(deg) 
0, 4, 1.0560599425005368, 54.63567487895357
1, 11, 1.083089210910172, 40.580184056060595
0, 7, 1.082132460675071, 53.04257307450933
1, 10, 1.0747122739069874, 39.0657470583991
1, 14, 1.0533081097433006, 38.219775015537664
0, 12, 1.08462065605147, 54.453901265692856
1, 4, 1.0558365521217608, 41.2866714740075
0, 13, 1.077904488418546, 54.20776904757225
1, 12, 1.0532528536160455, 39.807414081859335
0, 14, 1.0570110264039134, 51.82169080069358
1, 8, 1.0885770061939857, 39.81739452020871
0, 6, 1.1000000000858814, 55.61118669763069
1, 5, 1.0594725536740355, 42.47069557658563
1, 6, 1.1000000000305945, 42.34342782395373
0, 5, 1.0595649684907027, 55.808317054466926
1, 7, 1.0816160170847335, 39.64092001718952
0, 3, 1.051436406333642, 52.915560099130225
0, 8, 1.0885770062371694, 53.21827646091452
1, 1, 1.0911593957972547, 46.692568294545964
1, 13, 1.070628165324443, 40.41097896703243
1, 9, 1.0787303595182303, 38.663318684710816
0, 11, 1.083593705527506, 53.91478892962692
0, 9, 1.0796971205858152, 52.09384247307757
1, 3, 1.0514364062942358, 39.57451372018119
1, 2, 1.0774481227054522, 44.4631550583702
0, 1, 1.0911593958189838, 60.033084441372594
0, 2, 1.0774481227991244, 57.804658758216185
0, 10, 1.0755723116479279, 52.46715565675318
--end of bus
--Delta
contingency id,Delta(MW) 
1, 0.0026723976485651954 
--end of Delta
--line flow
contingency id,line id,origin bus id,destination bus id,circuit id,p_origin(MW),q_origin(MVar),p_destination(MW),q_destination(MVar) 
1, 'BL', 1, 2, 'BL', 77.72895880112867, -1.8128546932910012, -76.74524154342066, -1.3917328172076395 
1, 'BL', 2, 5, 'BL', 24.02608159226955, 1.6579993248616347, -23.73630449257226, -4.723491991075207 
1, 'BL', 4, 9, 'BL', 9.672812396689247, 2.3538162212907707, -9.672812396689247, -1.8895579751595335 
1, 'BL', 4, 7, 'BL', 16.03678372639609, -0.816904960715533, -16.03678372639609, 1.2795414658909294 
1, 'BL', 6, 13, 'BL', 34.455856486296454, 7.819334614875629, -33.77339183470161, -6.475348671364372 
1, 'BL', 7, 8, 'BL', -2.058772067790049, -4.27109415185646, 2.058772067790049, 4.3049433162206014 
1, 'BL', 4, 5, 'BL', -52.341645508183774, 8.044245247366689, 52.677476903134675, -6.9849298884614655 
0, 'BL', 12, 13, 'BL', 2.9468227382841405, 0.3928160944859087, -2.9302254679734006, -0.37779951658569644 
0, 'BL', 1, 5, 'BL', 39.92969028509819, 4.263544767713256, -39.18269479082997, -6.870624456867461 
0, 'BL', 10, 11, 'BL', -14.516781660464147, 1.903167953490481, 14.668815784558603, -1.5472728381361094 
0, 'BL', 13, 14, 'BL', 13.653923894602798, 0.0489496766011257, -13.379653918126053, 0.5094744573333969 
0, 'BL', 1, 2, 'BL', 77.69765926794457, -1.8039351977724891, -76.71472998009972, -1.4030581016609176 
1, 'BL', 5, 6, 'BL', 1.1021148691800309, 16.588281275832742, -1.1021148691800309, -16.049263569390575 
0, 'BL', 2, 3, 'BL', 49.81841755230499, 1.8716976236248684, -48.80593238701202, -2.569517687149414 
0, 'BL', 4, 5, 'BL', -51.78600469128946, 8.183945992536337, 52.11503968958141, -7.1460685559768535 
1, 'BL', 9, 14, 'BL', 6.574312480344048, 7.064572030329373, -6.472584034114817, -6.8481819957808625 
0, 'BL', 2, 5, 'BL', 24.05156195630869, 1.5939719025448085, -23.761412199125317, -4.658665556272922 
1, 'BL', 9, 10, 'BL', -6.7377366009662865, 7.699764433539258, 6.76635306455654, -7.623747735225152 
1, 'BL', 3, 4, 'BL', -17.63328237590801, 3.7859613331750097, 17.833990256502716, -4.694691458763032 
0, 'BL', 7, 9, 'BL', 17.585334498615435, 2.541161019117226, -17.585334498615435, -2.2445768641514405 
0, 'BL', 6, 13, 'BL', 25.364471414519187, 6.050615755563513, -24.99273773862103, -5.3185561038742435 
0, 'BL', 2, 4, 'BL', 36.358150017300716, 0.10048847859866328, -35.69429599215195, -1.9556594598479933 
1, 'BL', 1, 5, 'BL', 39.91175242593684, 4.311050086594946, -39.16509571802885, -6.919046568870385 
1, 'BL', 10, 11, 'BL', -15.16180270632583, 2.0013815920145817, 15.32795181029769, -1.6124448656298682 
0, 'BL', 4, 9, 'BL', 9.382815620972286, 2.196684492651144, -9.382815620972286, -1.7618471195001462 
1, 'BL', 6, 11, 'BL', 18.75538536893825, 0.6798007965742272, -18.478902035345726, -0.10081011378258609 
1, 'BL', 12, 13, 'BL', -7.2145171929464595, -1.150549845025779, 7.32080698304884, 1.24671679797558 
1, 'BL', 2, 4, 'BL', 36.46931346477572, 0.2048259081211654, -35.80118492190712, -2.046224931804659 
0, 'BL', 9, 10, 'BL', -6.095456191617927, 7.594270574071288, 6.121332018043518, -7.525534097084119 
0, 'BL', 3, 4, 'BL', -17.760677229913256, 3.701303393811145, 17.96366138511658, -4.604525708471101 
0, 'BL', 9, 14, 'BL', 5.131813997569765, 6.651355945372643, -5.05485964556766, -6.487663728439884 
0, 'BL', 6, 11, 'BL', 18.07665227808036, 0.7039341181435361, -17.819766009849445, -0.16598214139975198 
1, 'BL', 13, 14, 'BL', 12.183545540758772, -0.4187740700474478, -11.961929528168596, 0.8699927250619908 
1, 'BL', 2, 3, 'BL', 49.81402191139493, 1.8723516811936634, -48.80171167872756, -2.570908739453216 
0, 'BL', 4, 7, 'BL', 15.534579623601669, -0.9802051988931453, -15.534579623601669, 1.414736249043699 
0, 'BL', 6, 12, 'BL', 10.271706749969525, 1.773070078882256, -10.16133993178596, -1.5433659395972086 
0, 'BL', 7, 8, 'BL', -2.0507548750136766, -3.9558972681602427, 2.0507548750136766, 3.9857638511097093 
1, 'BL', 7, 9, 'BL', 18.095555794185987, 2.9915526859654165, -18.095555794185987, -2.675222941624952 
0, 'BL', 5, 6, 'BL', 1.70725886138974, 16.63617139634266, -1.70725886138974, -16.09083021349113 
--end of line flow
