--generation dispatch
bus id,unit id,pg(MW),qg(MVar) 
101, 1, 13.905638680864014, 2.6478672816724074
101, 2, 12.883097919120326, -2.0519206911229984
101, 3, 42.41535642281694, -31.86779290999946
101, 4, 42.41535361657229, -34.010051037860855
102, 5, 20.780565082533577, 3.932948142363609
102, 6, 16.309028401350435, 3.660355523381354
102, 7, 59.4207021747614, -17.213394456803186
102, 8, 58.77982577681645, -40.16536662774429
107, 10, 29.61275809612655, 14.820849132085405
107, 11, 35.07164848321587, 2.0833327929227865
107, 9, 54.57281238497754, -16.893254840430387
113, 12, 44.361801866951325, 8.10956073009872
113, 13, 76.93247808347287, 7.169165911662502
113, 14, 68.64097093040682, 12.21434003380524
114, 15, 1.1342117408167383e-12, -43.41499242911605
115, 16, 0.11526399636486127, 2.9450178873062534
115, 17, 0.25871846464161286, 0.9150890282735226
115, 18, 2.9416570414368866, 1.7370721987024016
115, 19, 5.017876791060569, 3.3093736578416104
115, 20, 2.895948234847691, 1.9565581621295047
115, 21, 62.13931505518734, 64.08192443877972
116, 22, 56.53453693769837, 11.694776167661631
118, 23, 324.38036799941045, 50.71378279201466
121, 24, 356.67125937104436, 90.28407171476624
122, 25, 38.96872423546476, 2.1253479870575047
122, 26, 55.37261538630436, 7.877287439156089
122, 27, 50.8493691306011, 7.645031888252258
122, 28, 53.753025680352906, -1.3217348509904672
122, 29, 58.42817519050181, -2.5116267063822955
122, 30, 53.27773713231175, 2.0039824541660285
123, 31, 41.99935119302309, -19.706753155908295
123, 32, 41.999351804521666, -37.65310002680063
123, 33, 193.86738154393993, -18.335581933935426
201, 34, 19.109455573383784, 0.1816074738576504
201, 35, 17.497761024686806, -0.4003020315480059
201, 36, 40.672400174982535, -21.36443732068046
201, 37, 52.0808966657775, -17.043361369728807
202, 38, 14.533891828233285, 3.9296747962007244
202, 39, 18.03747042332118, -3.19762382971099
202, 40, 9.458174599090333, -28.95158818858122
202, 41, 29.92186475092934, -13.386288884012068
207, 42, 31.412727947400164, 18.52439471355632
207, 43, 10.378116681761897, -4.8500320115616775
207, 44, 7.065070812180902, -0.577660697937973
213, 45, 113.46073331856617, -34.664666507284444
213, 46, 61.81344116230428, 26.524566802683843
213, 47, 94.42046166772535, 18.901958553415074
214, 48, 1.1606433009195909e-12, 53.74422464117526
215, 49, 5.490289043981892, 2.3200031452154892
215, 50, 4.866633816783292, 2.025265094884641
215, 51, 1.8312999785915578, 2.05306258476431
215, 52, 5.448852358322938, 3.9470097698404687
215, 53, 0.6482647058906297, 2.441538472916579
215, 54, 53.38434240597779, 15.742823811584534
216, 55, 58.290615520119296, 24.94655314104222
218, 56, 427.8228150916288, 64.04481706246547
221, 57, 413.7561731462268, 42.74823367689571
222, 58, 36.89897025425743, 0.6769903566325451
222, 59, 46.046014981836194, 2.8383310039990093
222, 60, 47.48831302582115, 5.504551066230384
222, 61, 36.79768322457384, 8.629777345712784
222, 62, 47.70118524509311, -3.6246076007561423
222, 63, 57.364139500566, -1.9201932525226304
223, 64, 73.15158310602166, -21.317562401487386
223, 65, 73.15156634012293, -47.17207028148316
223, 66, 82.75329463495048, 22.635790248621653
301, 67, 9.570673996425239, -2.0676721967468636
301, 68, 17.30848596851675, -2.882507470710965
301, 69, 19.718537320910603, -32.0395060944745
301, 70, 32.33851784998846, -21.33144609688228
302, 71, 11.469423498631375, 1.1249173817213975
302, 72, 12.875170856404575, 0.8521576169626057
302, 73, 26.793713970195128, -23.000376598138885
302, 74, 23.13123359067385, -27.33791871499034
307, 75, 33.09128368557943, -8.691019570921133
307, 76, 24.90206721407034, 4.3337479443973725
307, 77, 30.827358387695416, 13.163496309791322
313, 78, 47.32538988613032, 12.668732634466759
313, 79, 108.9519356476002, 6.19939543645689
313, 80, 8.50463566810944, 0.21674334481262467
314, 81, 1.1460381788879654e-12, 24.61316337031928
315, 82, 2.690111062242906, 2.961651537303701
315, 83, 2.9707505203922797, 4.63985581659564
315, 84, 3.6907233579961085, 1.8985762701687496
315, 85, 5.034359942835485, 4.566645466907733
315, 86, 0.04674652680658739, 3.039363663695788
315, 87, 73.99974572845193, 56.130711122443294
316, 88, 79.11918051439672, 66.22052935901208
318, 89, 442.12146152317274, 67.8181037994581
321, 90, 456.1572540974276, 87.80844303140584
322, 91, 49.71074947114644, 4.571130206389824
322, 92, 58.76337893964333, 2.9883316609893376
322, 93, 37.22263453254084, -2.7641608011232286
322, 94, 63.2600161731763, 4.411274579343285
322, 95, 43.01940117921289, 6.724528532579646
322, 96, 42.05714022699353, -1.2402915909745162
323, 97, 89.62213084096247, -54.6970411973257
323, 98, 89.62209916198091, 22.297124884225525
323, 99, 113.96578192428704, 41.29303770732588
--end of generation dispatch
