--generation dispatch
bus id,unit id,pg(MW),qg(MVar) 
101, 1, 19.047782656603864, 0.4897388674281583
101, 2, 19.378584866902862, 3.383619655075623
101, 3, 26.044249204603695, -2.881046721356333
101, 4, 26.04425402980779, 7.081946372481055
102, 5, 20.28642246305607, 7.915353093082202
102, 6, 15.383281608020402, 6.751829030031804
102, 7, 55.50551399713656, -0.7744177309204513
102, 8, 55.505506398630814, -1.3324708054241599
107, 10, 57.55355666104582, 11.061014193698057
107, 11, 21.49284532981978, -8.435670418436567
107, 9, 46.45832747676122, 14.99371521743588
113, 12, 59.29721974864575, 41.971224959067456
113, 13, 68.75508880539957, 9.158675610181676
113, 14, 57.50696760046739, -0.46077224016978713
114, 15, 6.8337742567184205e-15, -51.45085017957594
115, 16, 2.0814880073041433, 1.7853257332680794
115, 17, 4.106172045761723, 1.6993112021730574
115, 18, 3.2639713259719048, 1.4891685098200598
115, 19, 0.8132973807478093, 3.5085527386325057
115, 20, 0.8984560763823698, 4.39394057411553
115, 21, 122.68164486765505, 33.75631249900631
116, 22, 61.43947132986481, -8.427472186261246
118, 23, 432.97706843684557, 72.75944619086353
121, 24, 445.6578843227414, 189.09701101658342
122, 25, 41.19506265469746, -6.556844906506607
122, 26, 41.41061922036962, -6.8885520009699315
122, 27, 46.56424685814337, -8.065170392042676
122, 28, 47.94232996147976, -2.453945265477478
122, 29, 41.48126171170653, 6.850687342400811
122, 30, 61.53822817341344, -10.728256740694174
123, 31, 33.26354351007671, -60.73645595677959
123, 32, 56.4550759264612, -86.87349211102217
123, 33, 50.561651666787824, 52.63119197862773
201, 34, 20.41934148546821, 2.637390314541689
201, 35, 19.04806943640744, 3.750382683289957
201, 36, 26.253202319094328, -3.4324085056066105
201, 37, 44.83620569273986, -16.36829392325691
202, 38, 21.293030910542903, 3.0441160181983062
202, 39, 19.79624394842057, 5.183424448185537
202, 40, 34.512930311420476, -1.38808280487497
202, 41, 1.8709773850887672, -34.02872860848429
207, 42, 55.99811274896881, 3.0223564266753065
207, 43, 2.453973406128056, 23.080897833010496
207, 44, 50.40148789052496, 1.6111540763500243
213, 45, 149.71606982402332, 32.04892041597995
213, 46, 65.0120158884251, -17.78601991275455
213, 47, 72.81066553307619, 12.95242695677419
214, 48, 9.53680319378278e-15, 44.326829989897305
215, 49, 8.948928510287564, -1.2540541050349776
215, 50, 3.301498499135434, 1.5522984228699588
215, 51, 4.409981114373937, 4.6591263794841
215, 52, 1.5731459999433413, 2.3108147364509857
215, 53, 3.2137960552378226, 4.101173333974947
215, 54, 89.47504781594793, -31.441221314848324
216, 55, 7.529537051228292, 66.66148890201258
218, 56, 357.56163492807195, 61.07746584101795
221, 57, 327.38310994195865, 27.394821889446
222, 58, 62.06985773712913, 3.757360663251453
222, 59, 37.03734541273259, 2.850599956839973
222, 60, 62.138304435262015, -1.2240519505936707
222, 61, 43.43658771792943, 5.415221103119957
222, 62, 47.75604620770136, 2.497014595421252
222, 63, 39.348203672175785, 8.056321245990787
223, 64, 53.21258197563837, 14.443035437183914
223, 65, 10.40713112961321, 40.56460879457605
223, 66, 171.95075234422816, -6.292754451772978
301, 67, 18.671682490936142, -1.5853910878463202
301, 68, 12.318794240209872, 5.940987838957544
301, 69, 27.95195805909929, -29.598308129852846
301, 70, 11.515929569254176, -11.181615297463296
302, 71, 15.567937355609459, -0.6603121004756923
302, 72, 21.297765162674924, -0.2642108217333448
302, 73, 32.19055382708297, -39.85817217940729
302, 74, 16.517502647359745, -44.34950608011775
307, 75, 37.75631080371106, 5.815918340101087
307, 76, 67.04998731485905, 1.926296351497078
307, 77, 4.015133256225686, 15.219234861378505
313, 78, 120.96998368299016, 8.909275040171147
313, 79, 106.69877004327248, 18.693889153728158
313, 80, 134.82426643841293, 3.113383383721238
314, 81, -1.4900654244910193e-14, 16.37655837335256
315, 82, 1.0781133577755535, 1.7811431591428748
315, 83, 2.170370665413026, 5.327849804529327
315, 84, 0.5641761139027238, 1.8020716973458866
315, 85, 3.368917792472009, 1.3294450269348708
315, 86, 8.199856334728056, 3.87427581504716
315, 87, 109.09086249932062, 97.96235036848931
316, 88, 71.97350031357954, 65.038486665052
318, 89, 357.94890537022786, 75.17701047277879
321, 90, 332.62917392136626, 30.359067727706453
322, 91, 39.83567900453229, -7.087148945395335
322, 92, 45.48150524693075, 2.4204789142635725
322, 93, 58.25957785556559, 4.005252865453156
322, 94, 39.88310773820152, -2.1820055053752814
322, 95, 57.743548564245, 8.991821300827008
322, 96, 45.51190036079381, 4.708610366164999
323, 97, 110.56650894425891, -15.47923989927112
323, 98, 98.41885604668111, 3.7679329402807857
323, 99, 134.51824104533503, 18.012132784782352
--end of generation dispatch
