--contingency generator
conID,genID,busID,unitID,q(MW) 
1, '1 ', 8, '1 ', 12.765827491739314
1, '1 ', 1, '1 ', -0.5881671633583788
1, '1 ', 3, '1 ', 14.555820617311996
1, '1 ', 2, '1 ', 8.327068301118205
1, '1 ', 6, '1 ', 0.8228638204530444
--end of contingency generator
--bus
contingency id,bus id,v(pu),theta(deg) 
0, 4, 1.0551205681680584, 60.65681967257602
1, 11, 1.0755287370393722, 8.774890652503089
0, 7, 1.080010854470418, 60.69171562911736
1, 10, 1.0629337803442047, 6.177371888293754
1, 14, 1.0485686223926434, 5.87723462677384
0, 12, 1.0851244599674539, 65.590433094734
1, 4, 1.0549171080377948, 5.378584530864995
0, 13, 1.0745531609044574, 64.97720123787096
1, 12, 1.054795511091229, 9.01340612885094
0, 14, 1.05197555547816, 61.4077481348251
1, 8, 1.0999967614996338, 5.529817254593606
0, 6, 1.0999996671809629, 66.75364408021454
1, 5, 1.0578485965399154, 6.384900997196254
1, 6, 1.0999996600679627, 11.56355396044491
0, 5, 1.057940396153541, 61.65087297602603
1, 7, 1.079558610423811, 5.3618121528432985
0, 3, 1.053535064531342, 59.60405053936057
0, 8, 1.0999967898902903, 60.85912879647363
1, 1, 1.0705425219087379, 7.139204125914393
1, 13, 1.0676246582270512, 9.25594701738936
1, 9, 1.0672790675357589, 5.244755179744375
0, 11, 1.0760256861957713, 64.03294749429055
0, 9, 1.0681413245369908, 60.602585538435854
1, 3, 1.0535350634592893, 4.332172820282386
1, 2, 1.0650389761099612, 6.3166669263162145
0, 1, 1.0705425256021082, 62.4092978311611
0, 2, 1.065038983638519, 61.5879178395863
0, 10, 1.0637306897461376, 61.50474948798987
--end of bus
--Delta
contingency id,Delta(MW) 
1, 0.002046498999768175 
--end of Delta
--line flow
contingency id,line id,origin bus id,destination bus id,circuit id,p_origin(MW),q_origin(MVar),p_destination(MW),q_destination(MVar) 
1, 'BL', 1, 2, 'BL', 27.986261267401687, -2.0360268117206033, -27.853650634480687, -3.5792683392605795 
1, 'BL', 2, 5, 'BL', 0.6059858125288144, 2.243837898837228, -0.5969188323294077, -6.114452949232032 
1, 'BL', 4, 9, 'BL', 0.48796146598295725, 4.186794566263501, -0.48796146598295725, -4.103417034617934 
1, 'BL', 4, 7, 'BL', 0.1630054554779054, -0.47000719072127595, -0.1630054554779054, 0.47045199852220776 
1, 'BL', 6, 13, 'BL', 40.18869471293493, 7.661033872088751, -39.27362500279969, -5.85897595615063 
1, 'BL', 7, 8, 'BL', -1.9767611626232349, -12.522893467361428, 1.9767611626232349, 12.765827491760206 
1, 'BL', 4, 5, 'BL', -44.2893825083471, 7.1058478156264755, 44.530751646382555, -6.344495425912555 
0, 'BL', 12, 13, 'BL', 5.6822045953389875, -0.5078879477081273, -5.6211433676786555, 0.5631338203531868 
0, 'BL', 1, 5, 'BL', 7.743065260737211, 1.3982104910338649, -7.706414256701095, -6.819548309558513 
0, 'BL', 10, 11, 'BL', -24.480657009648297, 4.228630676877344, 24.928194873639114, -3.180993900073986 
0, 'BL', 13, 14, 'BL', 19.299827683412772, -1.8778938760085566, -18.7432039959847, 3.0112009356161877 
0, 'BL', 1, 2, 'BL', 27.950949961874358, -2.025026495210568, -27.818669638656957, -3.5912772032540943 
1, 'BL', 5, 6, 'BL', -44.716503982473725, 17.7992532031908, 44.716503982473725, -13.267883993315536 
0, 'BL', 2, 3, 'BL', 20.041376772912713, -0.7125409428086869, -19.873685706617266, -3.495867292127514 
0, 'BL', 4, 5, 'BL', -43.708375645072124, 7.190227240073, 43.94366537827386, -6.448051160288742 
1, 'BL', 9, 14, 'BL', -0.8885916487635654, 7.8285894517802035, 0.9578624663625988, -7.681241141950693 
0, 'BL', 2, 5, 'BL', 0.6431939373531463, 2.1753590916738403, -0.6343904932047053, -6.047114814784209 
1, 'BL', 9, 10, 'BL', -17.271267498781413, 12.16793589052486, 17.39591639158516, -11.83681890083858 
1, 'BL', 3, 4, 'BL', -10.540326641751392, 2.6764076998709925, 10.614324835931342, -3.9101248828018242 
0, 'BL', 7, 9, 'BL', 1.6312713694898422, 11.654046893952, -1.6312713694898422, -11.52344296177489 
0, 'BL', 6, 13, 'BL', 31.212031529016258, 6.073903437117451, -30.65927785006005, -4.985358890517091 
0, 'BL', 2, 4, 'BL', 11.148020933030267, 0.4728580554428845, -11.081400057802739, -4.091612636532091 
1, 'BL', 1, 5, 'BL', 7.717986450208912, 1.4478596483560864, -7.6813196466003575, -6.868654423190435 
1, 'BL', 10, 11, 'BL', -25.108874864971284, 4.367596735520465, 25.58057541573106, -3.2633977741014633 
0, 'BL', 4, 9, 'BL', 0.19794369615000543, 4.0594224296444565, -0.19794369615000543, -3.9819372527689154 
1, 'BL', 6, 11, 'BL', 29.10171309785261, 0.3409876531531495, -28.43683229541074, 1.0513559097620941 
1, 'BL', 12, 13, 'BL', -4.439191373740357, -1.8586028946936608, 4.485180219494794, 1.9002118503762233 
1, 'BL', 2, 4, 'BL', 11.253179973383112, 0.562344369051516, -11.185128031520009, -4.17602689100886 
0, 'BL', 9, 10, 'BL', -16.650189335818595, 12.010003971949573, 16.76769853626223, -11.697852842195516 
0, 'BL', 3, 4, 'BL', -10.64693381852885, 2.5941889695244527, 10.72196352038523, -3.8255481885213385 
0, 'BL', 9, 14, 'BL', -2.308182830171745, 7.512465820028865, 2.37699475076775, -7.366093645607009 
0, 'BL', 6, 11, 'BL', 28.41849431837113, 0.3588124008717273, -27.78445175331896, 0.9689520357346737 
1, 'BL', 13, 14, 'BL', 17.807851248978807, -2.3413548403980826, -17.32407171157959, 3.3263484319599854 
1, 'BL', 2, 3, 'BL', 20.047290334202756, -0.7137333829964518, -19.879502807655157, -3.4942684225109133 
0, 'BL', 4, 7, 'BL', -0.3393502961348778, -0.5960054273051583, 0.3393502961348778, 0.5968505484314619 
0, 'BL', 6, 12, 'BL', 10.2302326662425, 1.5772344775471083, -10.121395969079288, -1.3507149469855335 
0, 'BL', 7, 8, 'BL', -1.9706216656245998, -12.250897442383234, 1.9706216656245998, 12.483415356379965 
1, 'BL', 7, 9, 'BL', 2.1397666181021817, 12.052441468838879, -2.1397666181021817, -11.911003072740186 
0, 'BL', 5, 6, 'BL', -44.06685144338927, 17.78636468948764, 44.06685144338927, -13.3694913726776 
--end of line flow
