--generation dispatch
bus id,unit id,pg(MW),qg(MVar) 
101, 1, 13.067244522104634, 8.381789205646363
101, 2, 11.624391725686241, 1.8040848386864852
101, 3, 46.8307837618354, -7.249704714472139
101, 4, 46.830783468481975, -5.1062975330682
102, 5, 11.436369347711022, 4.888521586624255
102, 6, 15.090606396001213, 4.760213680843682
102, 7, 66.2031379338735, -11.872853698707205
102, 8, 66.2031350500638, -13.287126859769536
107, 10, 61.29021774482777, -6.798323699617165
107, 11, 27.64825862939555, 7.732017990698815
107, 9, 6.596224128642386, 28.994654300139207
113, 12, 47.03043433714971, 12.098665572433504
113, 13, 142.5144664055648, 0.3905487848585845
113, 14, 74.95593159718504, 5.7929347571220084
114, 15, -3.920463380416833e-15, -12.327848936601182
115, 16, 2.1009632140630776, 2.3704323475092735
115, 17, 4.170287605578781, 1.3326162106859287
115, 18, 1.488303823488936, 2.5858977091567397
115, 19, 6.914037686119193, 3.5294995556286093
115, 20, 7.679886451715847, 2.9424708064425458
115, 21, 56.527095734129176, 49.30551468276976
116, 22, 8.22970830978542, -15.6457456710526
118, 23, 408.54417572142154, 29.84236951875181
121, 24, 444.34089633017754, 120.40268185123976
122, 25, 39.454714512504864, -0.7844561630588829
122, 26, 53.760678841319155, -3.874579710807953
122, 27, 37.99953345540561, 1.1285191477653211
122, 28, 51.3216786329227, 2.6763784039191973
122, 29, 48.83619734184467, 3.799334106796928
122, 30, 38.018672804866206, 8.484292316070634
123, 31, 101.93564040410384, -69.87859163902509
123, 32, 72.47311450613081, -6.706064715544906
123, 33, 112.19372745502915, 19.548132653823025
201, 34, 11.546259967571812, 6.215889305262818
201, 35, 16.43397145615713, 3.1886560646239763
201, 36, 8.995373573368791, -3.85807557503769
201, 37, 11.14385912274647, -4.2979753400937275
202, 38, 19.65788338895677, 2.984049377511344
202, 39, 20.516064180617825, 5.616326441240589
202, 40, 0.36610390142407806, -41.2504966524882
202, 41, 10.306225838425446, -11.834584696706797
207, 42, 20.469763561758256, 17.76625234569393
207, 43, 26.336649575252174, 14.864022916941519
207, 44, 61.07499820170961, -2.202408035902048
213, 45, 88.75081969518506, 3.720421252432299
213, 46, 31.76165690511786, 11.343758030547034
213, 47, 101.97148459678803, 31.26041029910992
214, 48, -5.524894524886173e-15, 105.24211572606622
215, 49, 1.2772948349073616, 2.8355637812814356
215, 50, 1.9872982123889333, 3.583282952332155
215, 51, 6.199228054935529, 4.741149934747123
215, 52, 6.321917322406946, 5.364224534182926
215, 53, 4.960237850452421, 4.153526006726863
215, 54, 29.21885055276132, -22.157698543760116
216, 55, 36.2527187992652, 23.79441849188234
218, 56, 420.70496039586106, 40.163709475146106
221, 57, 402.7153654506827, 55.209918074780596
222, 58, 35.50762727487149, -1.096237877390327
222, 59, 44.74239206270519, 6.764865508894797
222, 60, 59.270838029712635, 3.0088515512438683
222, 61, 45.56138859692235, 2.951818056929819
222, 62, 47.124607657112364, 1.777075169650225
222, 63, 39.520738533262346, 0.7910906049981165
223, 64, 52.77275101627177, 11.962174014045964
223, 65, 112.43032092165554, 5.697436699794688
223, 66, 71.20497657729439, 17.919936259524494
301, 67, 22.061271327200775, -3.5898219428579616
301, 68, 14.178139857024268, 1.8484621681746103
301, 69, 41.6430466274536, -39.95005778221747
301, 70, 28.220012255990863, -16.24080192439352
302, 71, 12.31033484630155, -2.5730943480016344
302, 72, 16.52172062340942, 3.010876105383713
302, 73, 38.870272827417786, -29.88172826006098
302, 74, 39.30628769160032, -26.078846268587355
307, 75, 8.777684904276864, -17.855998306873936
307, 76, 37.84073781212855, 19.88825919742758
307, 77, 37.655973948911466, 19.01788231829272
313, 78, 139.61567628628376, -15.522113687635768
313, 79, 5.221830492814564, 26.321002821780002
313, 80, 128.64512410416535, 28.74234891419836
314, 81, -8.962058332669336e-15, 12.58284715251313
315, 82, 0.5360274000187022, 2.708859631747965
315, 83, 5.107679293731796, 4.3449124789277285
315, 84, 1.8159881763338346, 2.7014990563278114
315, 85, 4.025999056416352, 4.512100494737108
315, 86, 3.5779342497688176, 2.5601330112678853
315, 87, 47.03204739191701, 61.272247918286304
316, 88, 88.52215778134504, 51.35440490373759
318, 89, 283.31242802205816, 50.96275649376075
321, 90, 310.2705165053601, 52.229950618547115
322, 91, 42.70586124952838, 4.145327951435118
322, 92, 64.13590294174806, 2.0161521924192596
322, 93, 44.47512877970889, 0.2126244807578894
322, 94, 46.34221476135731, 8.64124969893551
322, 95, 50.48623945197046, 5.613250385127204
322, 96, 62.76874882733405, -1.478967974565987
323, 97, 58.45228200440758, -60.244746818331066
323, 98, 52.82929637142826, 34.31841723858531
323, 99, 256.69129829378693, 40.5391867973289
--end of generation dispatch
