--contingency generator
conID,genID,busID,unitID,q(MW) 
1, '1 ', 8, '1 ', 1.8372259778075264
1, '1 ', 1, '1 ', 1.1743362098404442
1, '1 ', 3, '1 ', 25.222750356169954
1, '1 ', 2, '1 ', 24.932278789154267
1, '1 ', 6, '1 ', -7.851330389028148
--end of contingency generator
--bus
contingency id,bus id,v(pu),theta(deg) 
0, 4, 1.0703188478697219, 60.342626585265826
1, 11, 1.0709991117838102, 82.18766420519276
0, 7, 1.09728360728759, 61.391064199281935
1, 10, 1.0546027246887133, 79.27683493367195
1, 14, 1.0417949478826376, 79.5464366879677
0, 12, 1.0849665878015375, 63.08668254856392
1, 4, 1.0701130804120582, 81.38209917618022
0, 13, 1.0745204778424677, 62.56623233158498
1, 12, 1.0533550709569979, 82.63351292994814
0, 14, 1.0459404936516625, 58.844458030289005
1, 8, 1.0999999999807866, 83.31092301719343
0, 6, 1.1000000000364656, 64.35040425490641
1, 5, 1.0734640232192412, 82.56965792360256
1, 6, 1.1000000000354377, 85.44056105631347
0, 5, 1.0735677650330273, 61.52309919043358
1, 7, 1.0971871464048701, 82.43158643173018
0, 3, 1.0651740170753674, 57.472804766826535
0, 8, 1.0999999999937204, 62.269690276151536
1, 1, 1.0999999998507366, 84.94517488433543
1, 13, 1.0672741159597325, 83.07377296370038
1, 9, 1.0555103867893396, 78.23790244302182
0, 11, 1.0720092518392632, 61.181110806847066
0, 9, 1.0574670725173245, 57.359975018520075
1, 3, 1.065174017070528, 78.51854320376695
1, 2, 1.0912221767780612, 83.43661967205952
0, 1, 1.0999999998658878, 63.90030071170011
0, 2, 1.0912221767448198, 62.39229650532468
0, 10, 1.056335787370755, 58.359098404867304
--end of bus
--Delta
contingency id,Delta(MW) 
1, 0.0025239200944890444 
--end of Delta
--line flow
contingency id,line id,origin bus id,destination bus id,circuit id,p_origin(MW),q_origin(MVar),p_destination(MW),q_destination(MVar) 
1, 'BL', 1, 2, 'BL', 53.267095955245736, -3.6194881620629076, -52.812616662412324, -1.3309413015538212 
1, 'BL', 2, 5, 'BL', 12.525005453414053, 5.059365908441464, -12.4257363418632, -8.809824171302466 
1, 'BL', 4, 9, 'BL', 11.495347960354628, 10.01263380912107, -11.495347960354628, -8.952814166007016 
1, 'BL', 4, 7, 'BL', -10.514925742264744, -1.4744383531995027, 10.514925742264744, 1.6713551861305405 
1, 'BL', 6, 13, 'BL', 41.053494069397345, 7.555910702696224, -40.10088969874312, -5.679935323026939 
1, 'BL', 7, 8, 'BL', -10.514925742264731, -1.6713551861304268, 10.514925742264731, 1.8372259785977576 
1, 'BL', 4, 5, 'BL', -53.65800971081865, 9.081441140783681, 54.00327770785145, -7.9923598407799545 
0, 'BL', 12, 13, 'BL', 5.2177147093763665, -0.07264299053218792, -5.1666116221435345, 0.1188791170761192 
0, 'BL', 1, 5, 'BL', 23.831111469839342, 4.742103501817837, -23.550914453907254, -9.397296101212191 
0, 'BL', 10, 11, 'BL', -27.403114574080035, 3.801261046229911, 27.965911690461297, -2.483815072514517 
0, 'BL', 13, 14, 'BL', 20.649550650634566, -0.6368170732743579, -20.017687607639118, 1.9233143307673117 
0, 'BL', 1, 2, 'BL', 53.249331166469574, -3.6141830634853704, -52.7951556629896, -1.3371739137555778 
1, 'BL', 5, 6, 'BL', -25.179286629863864, 24.298010620768537, 25.179286629863864, -21.972000791296864 
0, 'BL', 2, 3, 'BL', 51.37668263033838, 1.718273770111523, -50.327672907613845, -2.3913123232556472 
0, 'BL', 4, 5, 'BL', -53.29399121560857, 9.216916690861126, 53.63487837332377, -8.14165390349126 
1, 'BL', 9, 14, 'BL', -5.5040065902375375, 8.047818802410916, 5.612464005281851, -7.817115349656092 
0, 'BL', 2, 5, 'BL', 12.530495821497198, 4.992867923114204, -12.431611647308472, -8.744886813322523 
1, 'BL', 9, 10, 'BL', -20.475551667813534, 9.05836050024459, 20.61868414244003, -8.678143772613566 
1, 'BL', 3, 4, 'BL', -29.626320807276244, 8.63767441946095, 30.196492631080844, -8.641453788330182 
0, 'BL', 6, 13, 'BL', 31.321403868041386, 6.050039618543451, -30.765069619359963, -4.954443812410091 
0, 'BL', 2, 4, 'BL', 25.342221584794743, 2.9842465208790827, -25.016568959557077, -5.967928609553383 
1, 'BL', 1, 5, 'BL', 23.82596628014575, 4.793824370745995, -23.545521035897835, -9.447444331507427 
1, 'BL', 10, 11, 'BL', -28.232164134561117, 3.816366669911986, 28.830925006208503, -2.414733511870395 
0, 'BL', 4, 9, 'BL', 10.927595269758788, 9.637079335976864, -10.927595269758788, -8.669342693176873 
1, 'BL', 6, 11, 'BL', 33.976379544661455, 0.7684069861418266, -33.06976419060166, 1.130158963768622 
1, 'BL', 12, 13, 'BL', -5.586416486258258, -1.1441847652136516, 5.651160363217571, 1.2027625586530348 
1, 'BL', 2, 4, 'BL', 25.427085562143134, 3.085550893364484, -25.098830149310686, -6.060586752782569 
0, 'BL', 9, 10, 'BL', -19.656596220788856, 9.016440900206817, 19.78963458195045, -8.663038148928536 
0, 'BL', 3, 4, 'BL', -29.73722458192654, 8.556780775823881, 30.310393876541383, -8.553191559077845 
0, 'BL', 9, 14, 'BL', -6.890714727886888, 7.88482115355788, 7.015356602511815, -7.619691186906209 
0, 'BL', 6, 11, 'BL', 33.06312534347015, 0.598302977447247, -32.20475087485801, 1.1992405244158135 
1, 'BL', 13, 14, 'BL', 19.167598744666336, -0.995209004244316, -18.614795010397103, 2.120738493511226 
1, 'BL', 2, 3, 'BL', 51.362724503921584, 1.7203433615077302, -50.31427361802764, -2.3957363077940954 
0, 'BL', 4, 7, 'BL', -10.50735398210905, -1.4152798026206028, 10.50735398210905, 1.6115445231382637 
0, 'BL', 6, 12, 'BL', 10.927210556627983, 1.3277042621458577, -10.804131195639116, -1.0715417746789058 
0, 'BL', 7, 8, 'BL', -10.507353982110171, -1.6115445231380363, 10.507353982110171, 1.7768660156745 
0, 'BL', 5, 6, 'BL', -24.79961857188393, 24.33221909520637, 24.79961857188393, -22.039540221788172 
--end of line flow
