--generation dispatch
bus id,unit id,pg(MW),qg(MVar) 
101, 1, 18.322550493005323, 4.693142076149831
101, 2, 21.612279746787856, 7.611226555130159
101, 3, 50.61969050681395, 17.43757586441377
101, 4, 50.80679838797432, 13.31562328340492
102, 5, 8.893393458468749, 1.7203165230884865
102, 6, 13.918119210852856, 1.61217261045041
102, 7, 91.47457528896973, -12.02816060496916
102, 8, 74.41173924597211, -5.647354890654779
107, 10, 5.448243371624549, 18.650737828535913
107, 11, 31.683632614941462, 0.8877865619612206
107, 9, 3.829782086860358, 2.0757380959117175
113, 12, 114.49433368872384, 7.482363606417749
113, 13, 77.36620684719989, 14.523046129102136
113, 14, 42.80680279789385, 38.110182111942805
114, 15, -2.110698843851995e-10, -58.8949928651596
115, 16, 6.436254743362151, 2.984616800931696
115, 17, 6.954571973797147, 3.0243202796917754
115, 18, 0.6137950171022974, 2.2075888714120815
115, 19, 5.354516352801214, 4.54193127070585
115, 20, 5.0096099075092875, 2.136913964114147
115, 21, 37.17972366183952, 53.214643272025135
116, 22, 52.43882641685792, -15.867090144087147
118, 23, 409.5516221276236, 12.42645526461844
121, 24, 423.61278712335536, 156.1952410739049
122, 25, 61.70438419855301, -2.81058471248379
122, 26, 59.26037521737561, 8.217849508253645
122, 27, 34.82506112380673, -6.95768297451261
122, 28, 55.47142468247452, 7.028133076858442
122, 29, 42.00814443538961, -6.010735113286734
122, 30, 47.9418259212607, 6.382661824804386
123, 31, 104.01363392665334, -10.467348315813757
123, 32, 88.80947675670056, -70.66304187420748
123, 33, 145.13309921209566, -3.408072815159256
201, 34, 18.04117247770825, 2.0141615616603428
201, 35, 10.440281224844746, 4.771590509347396
201, 36, 11.37180123315908, -8.547558509691045
201, 37, 31.66184259349487, -21.62490343204498
202, 38, 20.140924332165476, 3.933556934430913
202, 39, 11.613421542905801, 3.2911969742300986
202, 40, 12.297418212982938, -36.33778287945881
202, 41, 15.056837753970406, -24.044407912533103
207, 42, 58.687010068594056, 27.78015938068607
207, 43, 59.06633464311277, 7.274300303405773
207, 44, 36.783543551539545, 13.871297350423482
213, 45, 72.09183034542045, 43.930587170603026
213, 46, 75.29539371548537, 47.520657348249685
213, 47, 98.6667588358289, 15.691449138037598
214, 48, -3.1828028837232244e-10, -1.8012796309563683
215, 49, 9.126882348775503, 3.684363363172835
215, 50, 5.425676647437102, 2.1370735732945842
215, 51, 6.571188659687076, 2.857756513273012
215, 52, 2.0379406849064745, 3.33324455074588
215, 53, 2.3973344277669075, 3.2089189605224373
215, 54, 7.976027642643512, -62.185159445207034
216, 55, 111.09800346609221, -50.46097333303247
218, 56, 193.7797156640178, 58.3105233584084
221, 57, 126.43167703237975, 91.4538791959641
222, 58, 56.60275762564563, -1.4999643167696113
222, 59, 55.45847534212154, 8.406837484177958
222, 60, 52.278156271200324, 8.246171291997088
222, 61, 63.988603328645276, -5.123143390605055
222, 62, 37.72069391736745, 4.825028968645158
222, 63, 35.91823035869362, -4.069446094826509
223, 64, 75.41205512850222, -22.655033092343047
223, 65, 3.840491636322971, -32.59322700769597
223, 66, 139.51129026400312, 37.4664663937351
301, 67, 20.165643876561315, 2.120412164440962
301, 68, 11.847321108238281, 3.0911414896633196
301, 69, 26.723751218117194, -23.292485495554494
301, 70, 5.242948155301469, -18.669428481158988
302, 71, 13.914143936651705, 6.99072525508909
302, 72, 19.153239516094548, 3.0780433367868727
302, 73, 44.544870757733875, -31.908686285427883
302, 74, 13.547860649409298, -16.480548496655047
307, 75, 21.53378762539075, 15.886080082730194
307, 76, 22.748525913823002, 30.710987951012765
307, 77, 23.991022468351336, 11.36225638485545
313, 78, 75.21166482553873, 10.409234952641436
313, 79, 77.52461330386434, 13.94728788594844
313, 80, 61.2513030299004, 20.578516817890698
314, 81, -2.997877894560135e-10, 26.08473350639683
315, 82, 0.18011540088549266, 2.8415581902513742
315, 83, 1.0836787375122146, 3.071445031748895
315, 84, 4.831585325799993, 3.722768535994215
315, 85, 0.7868714916446345, 1.959971119705302
315, 86, 7.831154571752562, 1.4318815764473032
315, 87, 87.7881787742692, 53.52890319582848
316, 88, 62.22848696020351, 36.044034624980625
318, 89, 460.16218090681474, 77.34847914918296
321, 90, 407.7905900788471, 111.94731865432183
322, 91, 64.18840440663602, 9.186498851919815
322, 92, 40.816270756503314, -2.7283740632053806
322, 93, 60.64225206885572, 2.1561879096673593
322, 94, 57.41310834331659, -0.6317632234577697
322, 95, 37.26293242140906, 2.315777796407372
322, 96, 42.144608929745175, -3.433972403573013
323, 97, 45.994571057493424, -12.305227927339569
323, 98, 31.755090332058675, -3.942041772323478
323, 99, 223.63159120447168, 73.35487660667532
--end of generation dispatch
