--generation dispatch
bus id,unit id,pg(MW),qg(MVar) 
101, 1, 12.093818701292921, 3.7530969089166097
101, 2, 12.53621455399107, 5.390047884889473
101, 3, 30.199600364616707, 3.61295193999665
101, 4, 30.199607074876656, 10.74458492494562
102, 5, 13.241650239976702, 8.457637552349341
102, 6, 12.178238841278267, 5.418015206827357
102, 7, 46.78602891784604, -1.4702769872159493
102, 8, 46.78602876559232, -6.629348344893979
107, 10, 16.703897918727073, 30.214430532172585
107, 11, 25.629172485000055, -18.90196792022077
107, 9, 10.545233902912933, -3.4444028822499577
113, 12, 120.18405746047937, 11.128197932490018
113, 13, 133.43706576242064, 9.05592378375104
113, 14, 39.312487678459505, -16.376716519730095
114, 15, -1.7194348606261782e-13, -27.08393441944184
115, 16, 2.4524738647340993, 4.022984403284924
115, 17, 2.868674701515469, 3.731905859837556
115, 18, 6.511854885293436, 2.739723290487827
115, 19, 4.692983115884507, 1.3113337368098994
115, 20, 2.0477792399338672, 4.4227255973957025
115, 21, 84.11997742085529, 50.37252902078468
116, 22, 91.29982776610747, -3.571898934066143
118, 23, 401.1783835012658, 20.656570021138617
121, 24, 337.6751298390657, 115.3903689512659
122, 25, 60.276522746055164, 0.1703867080830657
122, 26, 44.655319401274205, 1.4752031368656204
122, 27, 38.70255913140876, 8.810956921667545
122, 28, 57.16507782482241, 2.0139501595050686
122, 29, 51.016909135716745, 9.443489865363173
122, 30, 59.35856789138798, 11.467091512469205
123, 31, 41.69071515486248, -43.674809004238334
123, 32, 48.95107766231758, -57.16047028275019
123, 33, 89.90262853878652, 19.315807781219128
201, 34, 17.65294239659126, 4.863558553903662
201, 35, 14.096359246939995, 4.191157618141376
201, 36, 23.166203983714556, -13.405424234080247
201, 37, 5.794168250383134, -5.966833456693908
202, 38, 10.612688681844599, 4.928034171366699
202, 39, 21.595062799545193, 5.118490295047296
202, 40, 35.78512267867711, -7.5256451173897725
202, 41, 51.799853492173675, -35.806259208554174
207, 42, 57.185771130373844, -10.191854837742394
207, 43, 44.88525089610875, 27.45719796958392
207, 44, 48.36909905344453, 14.068418570160725
213, 45, 95.68165036700294, 5.405777891646204
213, 46, 123.66797089162975, -13.530137459773558
213, 47, 82.94289280528666, 22.363574881541
214, 48, -1.7272233253664368e-13, 8.723493352754183
215, 49, 2.842630062389901, 1.1755623657938221
215, 50, 2.5167298150723085, 5.093048178453599
215, 51, 1.9714259807731118, 2.9537241309714974
215, 52, 0.8334013514082117, 4.750141454817041
215, 53, 3.0264308340344654, 4.019949805156891
215, 54, 41.15212032580145, -41.13771757199919
216, 55, 91.10016737118931, 72.30323357296874
218, 56, 258.46789257427673, 34.35443604696036
221, 57, 240.50265941329613, 61.468724866282116
222, 58, 43.61430289688011, 1.7861264954461773
222, 59, 55.7518610590925, 2.669230768487844
222, 60, 36.60746609790674, 6.289199519320975
222, 61, 37.40411178440279, 4.526134251578317
222, 62, 38.48241872618398, 2.0016008505362706
222, 63, 64.42200316347605, -1.4475373247380854
223, 64, 73.04643428573148, -28.495561011780474
223, 65, 32.462928931088506, -12.300405439472714
223, 66, 208.72441241334946, -29.876284191597065
301, 67, 18.250756972384746, -4.533674114577867
301, 68, 12.69601651631316, 0.30076025155903713
301, 69, 34.67707143901935, -27.288566258594308
301, 70, 18.78099173514947, -24.942304574648034
302, 71, 13.952187898242919, 1.590133740843756
302, 72, 18.66833429296165, 3.1884817264784884
302, 73, 48.497272815074155, -23.791246046227858
302, 74, 1.4625138156611237, -5.818457835318692
307, 75, 41.464726498015715, 11.16755241000723
307, 76, 3.402920906172724, 9.238620822770503
307, 77, 7.018621418788984, 6.438158645155638
313, 78, 24.87501168600962, 45.25059475834148
313, 79, 95.40405180084439, 29.85587566398999
313, 80, 105.5944470559419, -21.86224788897582
314, 81, -1.7650603904318796e-13, 4.385421780751766
315, 82, 5.672080908866934, 3.078780407401552
315, 83, 5.418751044749016, 2.0909299521389277
315, 84, 3.039616010958358, 3.2790324090392704
315, 85, 8.210566439304586, 1.95200913711149
315, 86, 6.486257023807216, 3.886582800443023
315, 87, 27.763796699093238, 67.19228197760125
316, 88, 93.99655515159762, 42.09322021501921
318, 89, 308.5767161158824, 67.61272148955966
321, 90, 359.6790650070971, 77.88380464464304
322, 91, 50.64339342550196, 1.7006578151997123
322, 92, 51.03010079148049, 4.3117952929809915
322, 93, 52.361826661739585, 4.407687176786079
322, 94, 45.227511571951304, 0.7341334173396686
322, 95, 52.85043825884173, 5.1476146903614355
322, 96, 49.583751228869055, 3.7541643658776898
323, 97, 67.46176826640239, 4.057450556876346
323, 98, 29.219233294564244, -15.737295084389679
323, 99, 173.4579690595099, 32.5287198128515
--end of generation dispatch
