--contingency generator
conID,genID,busID,unitID,q(MW) 
1, '1 ', 8, '1 ', 2.306096117765078
1, '1 ', 1, '1 ', -50.72195928576253
1, '1 ', 3, '1 ', 40.92177042528088
1, '1 ', 2, '1 ', 61.87670606426254
1, '1 ', 6, '1 ', -6.3078767763335755
--end of contingency generator
--bus
contingency id,bus id,v(pu),theta(deg) 
0, 4, 1.0754451904613926, 32.79450493596516
1, 11, 1.0598320205238831, 48.20991322189547
0, 7, 1.097984087191555, 36.41471237146246
1, 10, 1.0446961748319454, 46.590759512333
1, 14, 1.0343719258806723, 46.50527714617614
0, 12, 1.0715003233370748, 30.23655868408281
1, 4, 1.0751756704794726, 51.698617422608976
0, 13, 1.0631297077743034, 29.849101619283456
1, 12, 1.0424526245519716, 48.04584813137697
0, 14, 1.0390220035173472, 27.86660497991133
1, 8, 1.0999959320131656, 58.36942683572588
0, 6, 1.085909763657361, 31.216856843276904
1, 5, 1.0703336692944916, 52.14146692459452
1, 6, 1.0853343802935234, 50.157975601722
0, 5, 1.0705318802964383, 33.23208257449143
1, 7, 1.0978568243394657, 55.320730318579564
0, 3, 1.0999962642241523, 31.46198559072312
0, 8, 1.0999959210931893, 39.46257028723916
1, 1, 1.0774197403105223, 54.37171357117446
1, 13, 1.05564775256105, 48.336812289542934
1, 9, 1.0473826687474976, 46.22339562131306
0, 11, 1.0613187717455765, 29.33638210279243
0, 9, 1.0498530385252738, 27.450494549922933
1, 3, 1.0999962880536116, 50.368491064700194
1, 2, 1.0983275028484718, 53.43612524566383
0, 1, 1.0774192744414341, 35.4654172061606
0, 2, 1.098276645946675, 34.53120311209762
0, 10, 1.046911957107995, 27.787396004085828
--end of bus
--Delta
contingency id,Delta(MW) 
1, 0.0019316571907706242 
--end of Delta
--line flow
contingency id,line id,origin bus id,destination bus id,circuit id,p_origin(MW),q_origin(MVar),p_destination(MW),q_destination(MVar) 
1, 'BL', 1, 2, 'BL', 18.30945516424356, -46.86559168316603, -17.933191598858457, 41.76508645045851 
1, 'BL', 2, 5, 'BL', 19.077103477080215, 9.519966602365116, -18.84169007499193, -12.870053146500709 
1, 'BL', 4, 9, 'BL', 19.937172471915154, 13.360109842578993, -19.937172471915154, -10.758069546322417 
1, 'BL', 4, 7, 'BL', -36.46202170102045, 1.9439954812320366, 36.46202170102045, 0.36290398449136774 
1, 'BL', 6, 13, 'BL', 32.384961771493806, 8.732621153869445, -31.753172279942135, -7.488430419713268 
1, 'BL', 7, 8, 'BL', -36.46202170102046, -0.3629039844910267, 36.46202170102046, 2.306096127218666 
1, 'BL', 4, 5, 'BL', -15.608391200376332, 17.39277218755251, 15.671460609313499, -17.193831902133297 
0, 'BL', 12, 13, 'BL', 3.9736795531824782, 0.10832043204305819, -3.943273594546838, -0.08081027899174842 
0, 'BL', 1, 5, 'BL', 19.88635169023054, -3.953149432307839, -19.701724152210147, -0.9595960426686361 
0, 'BL', 10, 11, 'BL', -15.984760021849922, -0.812802169560598, 16.17653500760815, 1.2617262587085634 
0, 'BL', 13, 14, 'BL', 11.835479439222226, 1.7413964579633898, -11.619048717555046, -1.3007352530572405 
0, 'BL', 1, 2, 'BL', 18.29167492429508, -46.768787671022665, -17.916933843391007, 41.66393163968951 
1, 'BL', 5, 6, 'BL', 17.11798932744464, 29.04677907370268, -17.11798932744464, -26.874628353970024 
0, 'BL', 2, 3, 'BL', 30.913574480762477, -10.057869776819075, -30.519858748895217, 6.425118237699621 
0, 'BL', 4, 5, 'BL', -15.33536839665635, 17.489534156054106, 15.39782063183236, -17.29254062622158 
1, 'BL', 9, 14, 'BL', 0.32791835872569663, 4.890717014003599, -0.30007881878071885, -4.831498582642382 
0, 'BL', 2, 5, 'BL', 19.080149974131388, 9.362240608858542, -18.846378930151076, -12.717882459247107 
1, 'BL', 9, 10, 'BL', -6.1652399403755, 5.677445132811954, 6.185608459643845, -5.623338252013809 
1, 'BL', 3, 4, 'BL', -8.430293209100483, 18.678573548753434, 8.679221986865741, -19.557467744701967 
0, 'BL', 6, 13, 'BL', 24.58485045813194, 6.757606926234075, -24.220172713693728, -6.039442606234616 
0, 'BL', 2, 4, 'BL', 22.631933012063683, 5.019760529888117, -22.36109261285094, -8.21471400816813 
1, 'BL', 1, 5, 'BL', 19.87822973623352, -3.8563676029797307, -19.693847199109968, -1.0563478400499093 
1, 'BL', 10, 11, 'BL', -16.665535551130574, -0.8831207588206098, 16.874925064561808, 1.3732785143933484 
0, 'BL', 4, 9, 'BL', 19.511580102378716, 12.883021805807147, -19.511580102378716, -10.414626085342917 
1, 'BL', 6, 11, 'BL', 21.54979497256926, 3.9594720096811784, -21.1627061860502, -3.1488596740459798 
1, 'BL', 12, 13, 'BL', -4.678696864572714, -1.7034865168432987, 4.729097403630931, 1.749087004562682 
1, 'BL', 2, 4, 'BL', 22.69631468786767, 5.198803084588462, -22.42285723231538, -8.385020302933526 
0, 'BL', 9, 10, 'BL', -5.4866293956517325, 5.742012662815796, 5.504832930361772, -5.693656841281836 
0, 'BL', 3, 4, 'BL', -8.517458403656207, 18.540082930801418, 8.764231961638586, -19.424848839364586 
0, 'BL', 9, 14, 'BL', -0.7762845555361082, 4.581144029466714, 0.8011826007076195, -4.528182551585587 
0, 'BL', 6, 11, 'BL', 20.825225294837338, 3.7930963535729916, -20.46431612909754, -3.0373074183692665 
1, 'BL', 13, 14, 'BL', 10.696108007294399, 1.3604869878962518, -10.517787298065144, -0.99741922199226 
1, 'BL', 2, 3, 'BL', 30.905198544094787, -10.028830750019097, -30.511889826805003, 6.394119683552503 
0, 'BL', 4, 7, 'BL', -36.45622672944207, 2.0213963493976053, 36.45622672944207, 0.28414700691644157 
0, 'BL', 6, 12, 'BL', 8.736035060691705, 1.985923924318854, -8.65237641775633, -1.8118069488953665 
0, 'BL', 7, 8, 'BL', -36.45622672944214, -0.28414700691701, 36.45622672944214, 2.2261968453577765 
0, 'BL', 5, 6, 'BL', 17.404195113185313, 28.8965653131541, -17.404195113185313, -26.72297146531372 
--end of line flow
