--generation dispatch
bus id,unit id,pg(MW),qg(MVar) 
101, 1, 18.30132778634702, 7.009173599051573
101, 2, 22.20105184212729, 6.943263056852089
101, 3, 27.319719845819126, -25.731375680543202
101, 4, 15.781646894788583, -21.056342963846244
102, 5, 10.32198362880881, 3.8064641285770353
102, 6, 20.691532534144876, 2.014924771481823
102, 7, 11.93028169909278, -19.939289147545814
102, 8, 20.592280068529252, -25.335196500745948
107, 10, 12.353372390693655, 35.983515568385016
107, 11, 44.23292910960604, 30.687039742813262
107, 9, 15.03496713591972, 45.367967105211406
113, 12, 62.20601767929815, 99.86770379319174
113, 13, 70.44992483985567, 8.262044565388358
113, 14, 153.21579327377898, 20.731822832056807
114, 15, -2.4179204204178863e-7, -95.13290833080463
115, 16, 5.826081426261809, 0.5197969221536892
115, 17, 2.115302499170136, -1.2136642533303779
115, 18, 0.9344439376214592, 2.903014534747607
115, 19, 4.0529146045405895, 1.3060951696116714
115, 20, 3.955699217062348, -0.5770445584976891
115, 21, 163.96901486933535, -45.4539713459016
116, 22, 2.1907089678937317, -0.2086665221289382
118, 23, 245.987958175297, 150.922221464579
121, 24, 219.22203030819063, 104.15830810796824
122, 25, 32.25304530580993, 14.6179305063683
122, 26, 42.91600684048489, 17.33118166980729
122, 27, 44.45079277339406, 18.781493172784604
122, 28, 52.62839663331416, 12.117339248055439
122, 29, 57.044863623018685, 12.641101641949842
122, 30, 50.82136099745552, 13.632162028132715
123, 31, 193.95403897197983, 56.902828606988955
123, 32, 192.8341310677903, 35.690890297643094
123, 33, 342.7927011400896, 72.97236951642007
201, 34, 18.913032634607944, 2.676167726711526
201, 35, 16.340085291541655, 3.1850206452880343
201, 36, 79.9073524419652, 5.865153504689508
201, 37, 70.75261698413783, -9.494494421555288
202, 38, 18.933033918168572, 1.5689622729340598
202, 39, 16.422855810746587, 0.8584919024839576
202, 40, 92.56575626279492, -37.68364072866235
202, 41, 86.47670240802921, -28.78684724474605
207, 42, 98.80120899859884, 7.863623054076066
207, 43, 92.42372219323424, 42.98478397890646
207, 44, 83.45896808292524, 11.001902311637773
213, 45, 93.54071452625355, 41.30565483785428
213, 46, 88.17976789995762, -30.95552822375209
213, 47, 50.55229864249309, 58.242214275434755
214, 48, -1.8816820549711778e-7, -30.02944979510209
215, 49, 4.044286550567894, 1.5731299426398206
215, 50, 6.043713939139103, 1.4794834306620466
215, 51, 3.9365969607609625, -1.3736444485210972
215, 52, 4.34918470412852, -2.131848423500117
215, 53, 4.898676890162256, -2.4884875328514307
215, 54, 97.89571800665932, -76.14755922678367
216, 55, 49.849909036713846, -80.72322865597266
218, 56, 229.50600490493372, -126.15589529921462
221, 57, 282.8985050199663, -101.44440670198617
222, 58, 10.859040634401355, 14.760840760236304
222, 59, 37.7514635488434, 14.10834304673799
222, 60, 8.904457173976164, 12.672087523369829
222, 61, 2.913884171839728, 12.063243832870324
222, 62, 8.505401783930575, 19.574137192379943
222, 63, 2.1452649199881915, -2.1759016275448837
223, 64, 140.52829001676565, -15.164068169957034
223, 65, 169.34105313240448, -80.632441640894
223, 66, 292.88907225819975, -67.79970432985087
301, 67, 13.557310738848297, -0.6464298301839438
301, 68, 20.343705763299415, -2.8517787056138673
301, 69, 33.37139208475843, -0.5383076574457871
301, 70, 22.070918900595757, -29.80837642398775
302, 71, 12.630980371257891, -0.09717914419589987
302, 72, 14.788545866830509, 1.5364850993585062
302, 73, 36.5414523192636, 29.466976199298795
302, 74, 69.14869098464185, -25.97386381344107
307, 75, 36.79657766819297, 12.866852620408912
307, 76, 65.3883120191241, 50.99964243012977
307, 77, 71.61995332641803, 33.14528906955286
313, 78, 38.028623916223154, 0.8202749263662387
313, 79, 20.103260648290394, -28.81298621391127
313, 80, 92.98554115288792, 31.291593600200663
314, 81, -1.688280203422565e-7, -107.14462475929614
315, 82, 8.8539196537672, -2.2300750233871325
315, 83, 3.134071685837097, -0.5361968914253027
315, 84, 5.347218719904735, -1.9808257132017952
315, 85, 6.080759509796726, -0.5494022633117506
315, 86, 1.7834994663202508, 2.9611263116034614
315, 87, 83.2311428961558, -58.00108950783363
316, 88, 27.23132726057137, -7.889393362130342
318, 89, 127.56643158642872, 83.72506985319052
321, 90, 226.1839024501551, 155.1048114347122
322, 91, 34.8354930876755, 20.167646703878233
322, 92, 22.136293881229598, 15.222666805074386
322, 93, 34.95978598057164, 18.35822369375959
322, 94, 17.214353600638052, 19.26583839560581
322, 95, 8.543805595276785, 16.220968308275882
322, 96, 16.103888310351707, 14.538444765599547
323, 97, 33.22397790727612, -39.35093127586124
323, 98, 45.04064466343338, -49.91966574277495
323, 99, 216.64169225435515, -0.09381058996549431
--end of generation dispatch
