--contingency generator
conID,genID,busID,unitID,q(MW) 
1, '1 ', 8, '1 ', 11.241540113463262
1, '1 ', 1, '1 ', -0.15702121077598213
1, '1 ', 3, '1 ', 22.078445137173336
1, '1 ', 2, '1 ', 17.553746832588196
1, '1 ', 6, '1 ', -2.2790536665669303
--end of contingency generator
--bus
contingency id,bus id,v(pu),theta(deg) 
0, 4, 1.0652667659939061, 16.801367267999026
1, 11, 1.0808378214638874, 37.80147601851129
0, 7, 1.0848784812041425, 18.90662136726378
1, 10, 1.0709473392527833, 35.96336210766486
1, 14, 1.0575015717947271, 35.599004791542804
0, 12, 1.0872443464991377, 20.966232065816012
1, 4, 1.0651052456100285, 34.68054480390813
0, 13, 1.0791014810551287, 20.55327372705878
1, 12, 1.0615291609833084, 37.791259795660594
0, 14, 1.0604496621885022, 17.92369583644273
1, 8, 1.0999999995494394, 40.63139592323418
0, 6, 1.100000000035281, 21.923831309759763
1, 5, 1.0669603784937571, 35.59943743526292
1, 6, 1.099999999996504, 39.87547040984888
0, 5, 1.0670298840233596, 17.710351010730452
1, 7, 1.084491621395638, 36.745375368221794
0, 3, 1.0516934388505927, 13.033980400102982
0, 8, 1.099999999549223, 22.790869794446813
1, 1, 1.082035855934992, 36.455087211823134
1, 13, 1.0731860301381178, 38.069693612458806
1, 9, 1.0746645353343942, 35.36356005106317
0, 11, 1.081242753379367, 19.905736202147843
0, 9, 1.075412497764185, 17.54859427689828
1, 3, 1.0516934388521124, 30.917679245907028
1, 2, 1.0767486839080183, 35.639352448452435
0, 1, 1.0820358559951853, 18.56950111652257
0, 2, 1.0767486838533789, 17.754737956408785
0, 10, 1.0716220411424078, 18.123791838298168
--end of bus
--Delta
contingency id,Delta(MW) 
1, 0.001511084617013239 
--end of Delta
--line flow
contingency id,line id,origin bus id,destination bus id,circuit id,p_origin(MW),q_origin(MVar),p_destination(MW),q_destination(MVar) 
1, 'BL', 1, 2, 'BL', 28.235858450707497, -2.470873984285845, -28.103825650909585, -3.2777102028369427 
1, 'BL', 2, 5, 'BL', 2.208663666572477, 3.3324176112816986, -2.192270042053792, -7.257544989259031 
1, 'BL', 4, 9, 'BL', -2.531767240317932, 4.860051989478961, 2.531767240317932, -4.721812381384524 
1, 'BL', 4, 7, 'BL', -20.34942194997774, 2.7482890776203703, 20.34942194997774, -2.0048549976352206 
1, 'BL', 6, 13, 'BL', 32.024027298102226, 6.830218140893862, -31.437867116192763, -5.675885761493305 
1, 'BL', 7, 8, 'BL', -45.897146330430374, -7.990888005427678, 45.897146330430374, 11.24154011346343 
1, 'BL', 4, 5, 'BL', -40.57836415093561, 8.519224559009672, 40.78067434977845, -7.881076059139559 
0, 'BL', 12, 13, 'BL', 4.115477917004512, -0.10414034626245439, -4.083804182762549, 0.13279753438621356 
0, 'BL', 1, 5, 'BL', 9.010688625396028, 2.2751025314440767, -8.96095535907618, -7.7508115218626585 
0, 'BL', 10, 11, 'BL', -17.69763928679353, 2.4842372268677195, 17.92583113800771, -1.950065272416623 
0, 'BL', 13, 14, 'BL', 14.579124411917078, -1.0309554488674166, -14.265562795430284, 1.6693788606133921 
0, 'BL', 1, 2, 'BL', 28.205565662877916, -2.4614270393904008, -28.07381392300465, -3.2880152651932804 
1, 'BL', 5, 6, 'BL', -37.25677363571903, 21.74471605139405, 37.25677363571903, -18.16628008513402 
0, 'BL', 2, 3, 'BL', 48.06354447260357, 1.6205043091426887, -47.12024640057069, -2.607695377875757 
0, 'BL', 4, 5, 'BL', -40.098027736312474, 8.591634800053725, 40.295863486373605, -7.96760008581623 
1, 'BL', 9, 14, 'BL', 1.2132893510655265, 6.254830752221324, -1.1686100672148427, -6.159791929410005 
0, 'BL', 2, 5, 'BL', 2.242546324310524, 3.2783169489607644, -2.226360898159271, -7.204336599674093 
1, 'BL', 9, 10, 'BL', -10.904951797284866, 8.907298714622812, 10.959558811780823, -8.76224078551536 
1, 'BL', 3, 4, 'BL', -39.58417171579458, 7.966086270548658, 40.57905608349509, -6.860762596693689 
0, 'BL', 7, 9, 'BL', 25.134436113918824, 9.632890189660202, -25.134436113918824, -8.955673243122192 
0, 'BL', 6, 13, 'BL', 24.555798424515103, 5.438166264573965, -24.20998104619008, -4.757143893078933 
0, 'BL', 2, 4, 'BL', 11.874808529097152, 1.217263570205887, -11.799037258243203, -4.887462658967252 
1, 'BL', 1, 5, 'BL', 8.987951260624342, 2.3138527753383187, -8.93822178016758, -7.789212516427369 
1, 'BL', 10, 11, 'BL', -18.227580252240273, 2.581950654812772, 18.47003361469808, -2.0143940755650647 
0, 'BL', 4, 9, 'BL', -2.7721193892507, 4.748877882009225, 2.7721193892507, -4.609729712432738 
1, 'BL', 6, 11, 'BL', 21.88881621715987, 0.536568204105663, -21.512500605464282, 0.2514837559517673 
1, 'BL', 12, 13, 'BL', -4.323314943388027, -1.4056371495872781, 4.363832741848739, 1.442296110099221 
1, 'BL', 2, 4, 'BL', 11.958620034020527, 1.289295043828929, -11.881614772780637, -4.955164935683342 
0, 'BL', 9, 10, 'BL', -10.37869105638191, 8.799809147916903, 10.429617846333656, -8.664527357570478 
0, 'BL', 3, 4, 'BL', -39.66704799310102, 7.902844199089714, 40.66524931594924, -6.789274864991057 
0, 'BL', 9, 14, 'BL', 0.033388194695419315, 5.944677784607677, 0.0054536546455210555, -5.86205596708885 
0, 'BL', 6, 11, 'BL', 21.32552712945349, 0.5609272564529988, -20.968298128774023, 0.18715495280321193 
1, 'BL', 13, 14, 'BL', 13.359373557308558, -1.421712156165711, -13.091499073569608, 1.9671148229347182 
1, 'BL', 2, 3, 'BL', 48.07233796107448, 1.6191695232680559, -47.12870176048823, -2.6049360485390025 
0, 'BL', 4, 7, 'BL', -20.758176962660126, 2.647862935625426, 20.758176962660126, -1.8759924239182055 
0, 'BL', 6, 12, 'BL', 8.514598730802561, 1.4592699683195178, -8.438792860392823, -1.301496803324767 
0, 'BL', 7, 8, 'BL', -45.892613076579316, -7.756897765741314, 45.892613076579316, 10.999094302656886 
1, 'BL', 7, 9, 'BL', 25.5477243804525, 9.995743003062444, -25.5477243804525, -9.291788468486402 
0, 'BL', 5, 6, 'BL', -36.715138337300466, 21.739630693920788, 36.715138337300466, -18.2391209717523 
--end of line flow
