--contingency generator
conID,genID,busID,unitID,q(MW) 
1, '1 ', 8, '1 ', 3.1004646159954197
1, '1 ', 1, '1 ', 1.8955678672161147
1, '1 ', 3, '1 ', 21.810592792102998
1, '1 ', 2, '1 ', 20.627663899564553
1, '1 ', 6, '1 ', 3.01939083614119
--end of contingency generator
--bus
contingency id,bus id,v(pu),theta(deg) 
0, 4, 1.0613463264643728, 67.25717552922583
1, 11, 1.0834375107108598, -31.749788893963604
0, 7, 1.0808016508640752, 67.93074456041087
1, 10, 1.0746541155896057, -32.54946256935812
1, 14, 1.05896797744856, -33.13611745157623
0, 12, 1.0854966852491525, 67.39383148887009
1, 4, 1.0611564540578746, -31.800188252142505
0, 13, 1.0794665768775404, 67.23178900377076
1, 12, 1.0575658411150202, -32.59736981309447
0, 14, 1.0624552209582998, 66.11177545398314
1, 8, 1.08399001882488, -28.282083316492955
0, 6, 1.0999999666044569, 68.28391097051424
1, 5, 1.0647345125917111, -30.553164453077773
1, 6, 1.0999999626050512, -30.70838270652024
0, 5, 1.0648150737310225, 68.49530422619257
1, 7, 1.0803200267177748, -31.16611085816626
0, 3, 1.0507648168620463, 63.834267897369344
0, 8, 1.083989994114704, 70.81300220688414
1, 1, 1.0999998761795104, -25.87613310703745
1, 13, 1.072694715580631, -32.16670887515702
1, 9, 1.0768017457753714, -32.642573511987564
0, 11, 1.0838871950839104, 67.29517830677257
0, 9, 1.077727921518278, 66.47764684456531
1, 3, 1.050764851628506, -35.21803703490763
1, 2, 1.0834647995427666, -28.794793406812257
0, 1, 1.0999998598402922, 73.1750813980556
0, 2, 1.083464792780148, 70.25727410188067
0, 10, 1.0754569348477094, 66.54791486005749
--end of bus
--Delta
contingency id,Delta(MW) 
1, 0.0018692734317455415 
--end of Delta
--line flow
contingency id,line id,origin bus id,destination bus id,circuit id,p_origin(MW),q_origin(MVar),p_destination(MW),q_destination(MVar) 
1, 'BL', 1, 2, 'BL', 102.4894320263831, -3.410529656250901, -100.80703456542017, 2.2536527375420974 
1, 'BL', 2, 5, 'BL', 21.929976241102736, 2.7699968853119117, -21.68548098771865, -6.015573970141986 
1, 'BL', 4, 9, 'BL', 3.1170840018770254, 3.626721201586946, -3.1170840018770254, -3.5206598099438793 
1, 'BL', 4, 7, 'BL', -6.203091603021314, 2.4765807765230647, 6.203091603021314, -2.3973371823727803 
1, 'BL', 6, 13, 'BL', 27.752821740846628, 9.257288119161785, -27.284897111212956, -8.33579845170334 
1, 'BL', 7, 8, 'BL', -33.44940706681908, -1.4087609212829193, 33.44940706681908, 3.1004646163100915 
1, 'BL', 4, 5, 'BL', -55.4736031529369, 9.20551178828373, 55.84848362664752, -8.02302364236948 
0, 'BL', 12, 13, 'BL', 2.3766866524538273, 0.6502765094063534, -2.365303201048391, -0.6399771962299496 
0, 'BL', 1, 5, 'BL', 44.841609379504746, 5.2641437552036905, -43.91341849549012, -7.198324169536818 
0, 'BL', 10, 11, 'BL', -8.38022407395485, -1.0888057958375157, 8.430885077585884, 1.2073976174999643 
0, 'BL', 13, 14, 'BL', 7.302434321687542, 1.7528466106344922, -7.219704186023819, -1.584404898742605 
0, 'BL', 1, 2, 'BL', 102.46192635754795, -3.4030655865731205, -100.7804322583263, 2.2434307047392394 
1, 'BL', 5, 6, 'BL', 1.3508362644135716, 19.230589425336802, -1.3508362644135716, -18.512948820303734 
0, 'BL', 2, 3, 'BL', 65.73320626074076, 3.332740498002636, -63.98965607029821, -0.975947437381933 
0, 'BL', 4, 5, 'BL', -55.032254116763625, 9.330615145045613, 55.40149520746138, -8.16591534509962 
1, 'BL', 9, 14, 'BL', 5.715849821567673, 4.430919896579326, -5.658511755653791, -4.3089541483156495 
0, 'BL', 2, 5, 'BL', 21.954523139259408, 2.7130581334866974, -21.70976893490746, -5.958141359655542 
1, 'BL', 9, 10, 'BL', -1.04627957566629, 3.1324514693983474, 1.0492718100915681, -3.124502905772715 
1, 'BL', 3, 4, 'BL', -35.46953648267092, 7.965708402196697, 36.27873595315356, -7.327686308886996 
0, 'BL', 7, 9, 'BL', 26.850266449626492, 3.36030649441841, -26.850266449626492, -2.6707231305272217 
0, 'BL', 6, 13, 'BL', 20.367481707531454, 7.149635988655064, -20.11274864471926, -6.64798706813292 
0, 'BL', 2, 4, 'BL', 35.095770723296255, 0.9232015580093957, -34.481832840276326, -2.9709617318393384 
1, 'BL', 1, 5, 'BL', 44.823450077034906, 5.306097523632786, -43.89567673992727, -7.241579657179841 
1, 'BL', 10, 11, 'BL', -8.908764526136025, -1.0496536101196057, 8.965933923496692, 1.1834808636365324 
0, 'BL', 4, 9, 'BL', 2.8875078975848862, 3.4802883713528843, -2.8875078975848862, -3.3854805193815594 
1, 'BL', 6, 11, 'BL', 12.468297005089653, 3.3047583758365136, -12.337695682778815, -3.0312628714394236 
1, 'BL', 12, 13, 'BL', -5.894649713943409, -1.4735213385185375, 5.967571996985441, 1.5394986422232364 
1, 'BL', 2, 4, 'BL', 35.18013547918892, 1.0150733996383678, -34.56299307020407, -3.0524251722143845 
0, 'BL', 9, 10, 'BL', -0.5180386778416164, 3.0925035477660003, 0.520731357686202, -3.0853507201375123 
0, 'BL', 3, 4, 'BL', -35.56377918479001, 7.889601402445919, 36.37624398477948, -7.243503066519793 
0, 'BL', 9, 14, 'BL', 4.561983805360683, 3.9516323474667274, -4.522119336570341, -3.8668352813703564 
0, 'BL', 6, 11, 'BL', 11.922815088203834, 3.306826974225885, -11.802646836835578, -3.0551796253402586 
1, 'BL', 13, 14, 'BL', 6.141707590226389, 1.2611821558313636, -6.083311766722147, -1.1422860317107393 
1, 'BL', 2, 3, 'BL', 65.7355069042232, 3.33244589964238, -63.99183705464425, -0.9751489043021593 
0, 'BL', 4, 7, 'BL', -6.593532797101867, 2.3322635673574723, 6.593532797101867, -2.2454088614264265 
0, 'BL', 6, 12, 'BL', 8.347405726854959, 2.282119409431175, -8.27133636632206, -2.123797847980427 
0, 'BL', 7, 8, 'BL', -33.44379924713403, -1.1148976332406164, 33.44379924713403, 2.803409962720366 
1, 'BL', 7, 9, 'BL', 27.246315463517018, 3.806098103493696, -27.246315463517018, -3.092693299657185 
0, 'BL', 5, 6, 'BL', 1.839854386454812, 19.272793029939464, -1.839854386454812, -18.549111124930278 
--end of line flow
