--contingency generator
conID,genID,busID,unitID,q(MW) 
1, '1 ', 8, '1 ', 5.4497931014965735
1, '1 ', 1, '1 ', 0.9988114618972938
1, '1 ', 3, '1 ', 17.317557115451095
1, '1 ', 2, '1 ', 16.24932376663212
1, '1 ', 6, '1 ', -0.6681686048095076
--end of contingency generator
--bus
contingency id,bus id,v(pu),theta(deg) 
0, 4, 1.0643537692262233, 40.65466436674522
1, 11, 1.0712751653643802, 48.70701873844304
0, 7, 1.092865914703894, 44.23774406898181
1, 10, 1.0551652761219463, 46.018146748835065
1, 14, 1.0438349684849466, 46.381717277981394
0, 12, 1.083336931661278, 41.47839800354914
1, 4, 1.064123806660522, 49.582714403119034
0, 13, 1.0751831940213517, 41.15697803497631
1, 12, 1.0496543390500006, 49.039076449427895
0, 14, 1.048527837913856, 37.77877724479637
1, 8, 1.0999999986129023, 56.154233981774716
0, 6, 1.1000000000303816, 42.673311145628745
1, 5, 1.0655657776587604, 50.296938794365715
1, 6, 1.1000000000230161, 51.6463881040811
0, 5, 1.065684208097713, 41.3626559465446
1, 7, 1.0927570012605705, 53.167771656707956
0, 3, 1.0661311321102607, 39.840029384677
0, 8, 1.0999999987209967, 47.22320530951041
1, 1, 1.0863641510776292, 52.133212271820106
1, 13, 1.0671340959779614, 49.579340881477265
1, 9, 1.0570987302510404, 45.136563449882736
0, 11, 1.0723996265045654, 39.81439452152813
0, 9, 1.0593574869852163, 36.36870230031746
1, 3, 1.0661311321107927, 48.77471677647314
1, 2, 1.0782392015446656, 50.87055196411889
0, 1, 1.0863641510773705, 43.20025248354818
0, 2, 1.078239201545057, 41.93803448900743
0, 10, 1.0571414096302982, 37.21175653235154
--end of bus
--Delta
contingency id,Delta(MW) 
1, 0.0027881392507833457 
--end of Delta
--line flow
contingency id,line id,origin bus id,destination bus id,circuit id,p_origin(MW),q_origin(MVar),p_destination(MW),q_destination(MVar) 
1, 'BL', 1, 2, 'BL', 43.95161311768925, -2.113060361177986, -43.63423388476542, -3.102891272988245 
1, 'BL', 2, 5, 'BL', 8.30860912577927, 3.159399022779553, -8.261696596213369, -6.991757723252817 
1, 'BL', 4, 9, 'BL', 16.18058354231535, 8.736971196345337, -16.18058354231535, -7.177480483974307 
1, 'BL', 4, 7, 'BL', -35.55260038498366, -1.330627498791273, 35.55260038498366, 3.5664618768616947 
1, 'BL', 6, 13, 'BL', 37.278829638030345, 9.408434051992685, -36.47068997427863, -7.816954777662772 
1, 'BL', 7, 8, 'BL', -35.55260038498366, -3.566461876861581, 35.55260038498366, 5.449793101503815 
1, 'BL', 4, 5, 'BL', -31.48913694127407, 6.548233360793802, 31.611093285100537, -6.16354559760839 
0, 'BL', 12, 13, 'BL', 3.6746687819244244, 0.3669676075123789, -3.648997117109218, -0.3437408631558583 
0, 'BL', 1, 5, 'BL', 18.08789098394554, 3.054611873126021, -17.921858371769048, -8.066256420834918 
0, 'BL', 10, 11, 'BL', -25.47991925682075, 3.095534062159345, 25.96361435464044, -1.9632571890547297 
0, 'BL', 13, 14, 'BL', 18.85992549936212, -0.4651713969356024, -18.3336690615061, 1.5366495780779132 
0, 'BL', 1, 2, 'BL', 43.937714930695506, -2.1088449819383186, -43.62053489121115, -3.107714819194598 
1, 'BL', 5, 6, 'BL', -11.752109261045327, 19.78678150089661, 11.752109261045327, -18.765658891663236 
0, 'BL', 2, 3, 'BL', 21.69306240459585, -0.7112698929510088, -21.501498884490132, -3.51699384304834 
0, 'BL', 4, 5, 'BL', -31.152929565991712, 6.719194714292371, 31.272618622793402, -6.341658670703509 
1, 'BL', 9, 14, 'BL', -5.229351211995834, 7.7404726804645065, 5.3286099978104176, -7.5293359444991665 
0, 'BL', 2, 5, 'BL', 8.30599953660328, 3.087022215504817, -8.259472321391058, -6.920994019950626 
1, 'BL', 9, 10, 'BL', -16.939709998420255, 8.951959254614167, 17.044207694893487, -8.674371849647741 
1, 'BL', 3, 4, 'BL', -7.661866365633358, 3.5917352142574828, 7.707473437058155, -4.927488871998435 
0, 'BL', 6, 13, 'BL', 27.687464735270794, 7.213774867140728, -27.239922126010015, -6.332423760437905 
0, 'BL', 2, 4, 'BL', 15.722386074614093, 1.4964813260943401, -15.592803416275359, -5.005558568627862 
1, 'BL', 1, 5, 'BL', 18.087933493210144, 3.111871823078957, -17.921586315393284, -8.121596903622503 
1, 'BL', 10, 11, 'BL', -26.311321327276545, 3.037630839175165, 26.82830070889395, -1.8274391289101004 
0, 'BL', 4, 9, 'BL', 15.635435613653272, 8.296457231943805, -15.635435613653272, -6.852186508217386 
1, 'BL', 6, 11, 'BL', 31.219939006977057, 1.7571525497670564, -30.452428252122388, -0.14988902965126272 
1, 'BL', 12, 13, 'BL', -6.932909964374289, -1.491755765825502, 7.033749080926839, 1.5829911569921364 
1, 'BL', 2, 4, 'BL', 15.807435196265004, 1.61018233136474, -15.67611100889016, -5.113143248156348 
0, 'BL', 9, 10, 'BL', -16.1162816618114, 8.988681072045665, 16.212805624430928, -8.732275072631865 
0, 'BL', 3, 4, 'BL', -7.778558763275299, 3.4952088900091667, 7.8247419800513, -4.829805309633116 
0, 'BL', 9, 14, 'BL', -6.597927477273487, 7.469287522209186, 6.7104252807904174, -7.229989621848063 
0, 'BL', 6, 11, 'BL', 30.310749058436755, 1.5281383967092665, -29.58774189787519, -0.014070969506633446 
1, 'BL', 13, 14, 'BL', 17.407947149600872, -0.9073723998583887, -16.95185377851928, 1.835995900729074 
1, 'BL', 2, 3, 'BL', 21.672077333095586, -0.7070935476037903, -21.480875424027317, -3.5226936643928184 
0, 'BL', 4, 7, 'BL', -35.544235967218654, -1.2663431297837633, 35.544235967218654, 3.4998667120752316 
0, 'BL', 6, 12, 'BL', 10.729036899181523, 2.111511674432279, -10.607578746304313, -1.8587233733377957 
0, 'BL', 7, 8, 'BL', -35.54423596722456, -3.499866712075118, 35.54423596722456, 5.381251462556975 
0, 'BL', 5, 6, 'BL', -11.415586817189542, 19.838790387903373, 11.415586817189542, -18.82895042119287 
--end of line flow
