--contingency generator
conID,genID,busID,unitID,q(MW) 
1, '1 ', 8, '1 ', 6.364106917717135
1, '1 ', 1, '1 ', -0.1720591632979088
1, '1 ', 3, '1 ', 26.48543975001687
1, '1 ', 2, '1 ', 18.132169460045237
1, '1 ', 6, '1 ', -3.293158948680421
--end of contingency generator
--bus
contingency id,bus id,v(pu),theta(deg) 
0, 4, 1.0557045849425553, -146.26246621144873
1, 11, 1.0774361959854544, -3.1656378258395432
0, 7, 1.0777959253219507, -146.76825632124286
1, 10, 1.0662972619394888, -5.740836263016757
1, 14, 1.0492733168427664, -5.866956258855669
0, 12, 1.0850535425619785, -142.37170829841725
1, 4, 1.0554943212649508, -5.486056144563625
0, 13, 1.0775882694784837, -142.8472686060476
1, 12, 1.0541445024901066, -2.9525660417587365
0, 14, 1.0527223713690197, -146.38148578005845
1, 8, 1.0876359282843109, -5.853464877928039
0, 6, 1.10000000010464, -141.16987127359
1, 5, 1.0597297506317271, -4.240436927987844
1, 6, 1.0999999999290808, -0.30547889026068054
0, 5, 1.0598225060424011, -145.029232851367
1, 7, 1.077334886855619, -6.045657770321996
0, 3, 1.0491458024317646, -148.5698937196643
0, 8, 1.0876359282800518, -146.57677064685063
1, 1, 1.0791295040714561, -2.3485999171107204
1, 13, 1.070581005713915, -2.5312444872332724
1, 9, 1.0699602204579823, -6.4646060635726945
0, 11, 1.077938391206485, -143.96038333591991
0, 9, 1.070829806078458, -147.15793928796734
1, 3, 1.049145802430879, -7.785994675325485
1, 2, 1.0726196302789968, -3.388646592197401
0, 1, 1.0791295040763142, -143.1337428382706
0, 2, 1.0726196302652466, -144.1726820303119
0, 10, 1.067099467348532, -146.46488304766734
--end of bus
--Delta
contingency id,Delta(MW) 
1, 0.002419784009250192 
--end of Delta
--line flow
contingency id,line id,origin bus id,destination bus id,circuit id,p_origin(MW),q_origin(MVar),p_destination(MW),q_destination(MVar) 
1, 'BL', 1, 2, 'BL', 35.674934391862166, -2.564128029521953, -35.46308763271213, -2.9007606161837884 
1, 'BL', 2, 5, 'BL', 11.150044348392527, 2.381361836041833, -11.079044169827569, -6.097807993748916 
1, 'BL', 4, 9, 'BL', 3.578686272134059, 3.810642427811729, -3.578686272134059, -3.682539567161342 
1, 'BL', 4, 7, 'BL', 5.430272579172612, 1.0084537106423568, -5.430272579172612, -0.9536852900087069 
1, 'BL', 6, 13, 'BL', 38.21540030795575, 6.117965079131636, -37.39653639135054, -4.505366403150333 
1, 'BL', 7, 8, 'BL', -2.231338697444966, -6.296383229340336, 2.231338697444966, 6.364107295022677 
1, 'BL', 4, 5, 'BL', -55.34630399443836, 7.557775999383921, 55.72021690043891, -6.378339859182688 
0, 'BL', 12, 13, 'BL', 4.211662776770311, -0.5823039938675834, -4.1777421858408275, 0.6129940523275081 
0, 'BL', 1, 5, 'BL', 18.22220709494617, 2.3429067897566824, -18.055564612174464, -7.282844598329746 
0, 'BL', 10, 11, 'BL', -24.099859906157235, 4.845352677843721, 24.535279026047732, -3.8260845442987375 
0, 'BL', 13, 14, 'BL', 19.480376733453042, -1.2485375819961178, -18.919473913860358, 2.390557117915165 
0, 'BL', 1, 2, 'BL', 35.6405882581123, -2.553564550809824, -35.42914731880876, -2.912563122725942 
1, 'BL', 5, 6, 'BL', -34.05751120142651, 17.885551379807794, 34.05751120142651, -15.000977538547943 
0, 'BL', 2, 3, 'BL', 44.49166959935948, 1.311407816796418, -43.677191315659925, -2.810162552584643 
0, 'BL', 4, 5, 'BL', -54.75882618617675, 7.651766173906253, 55.12501329471752, -6.496699571609952 
1, 'BL', 9, 14, 'BL', -0.3865314694361359, 8.390620648381855, 0.4648660101827602, -8.223992585073859 
0, 'BL', 2, 5, 'BL', 11.183180903354412, 2.3141065288208438, -11.112103246546212, -6.030656247447041 
1, 'BL', 9, 10, 'BL', -13.373373598372325, 9.780255761483659, 13.449646731057442, -9.577644013232202 
1, 'BL', 3, 4, 'BL', -23.671149382829782, 5.19718369394468, 24.033472692194124, -5.689879986281653 
0, 'BL', 7, 9, 'BL', 7.135267610523534, 6.849148509052156, -7.135267610523534, -6.756508299030656 
0, 'BL', 6, 13, 'BL', 28.97213133262892, 4.602577218909232, -28.50166372492197, -3.676079633784866 
0, 'BL', 2, 4, 'BL', 24.310568647611007, 0.7492461861274933, -24.008369010345547, -3.6828408991106016 
1, 'BL', 1, 5, 'BL', 18.199959880949535, 2.3920688954106595, -18.03345465794176, -7.332089686979259 
1, 'BL', 10, 11, 'BL', -24.743445102006234, 4.9902684473099725, 25.203232910048825, -3.91395590263312 
0, 'BL', 4, 9, 'BL', 3.2782036822950684, 3.6786184019069594, -3.2782036822950684, -3.5648540316228434 
1, 'BL', 6, 11, 'BL', 29.352856403549993, -0.795764377750686, -28.67604664783576, 2.2130886608793503 
1, 'BL', 12, 13, 'BL', -6.173833578850008, -1.8294498855480867, 6.256265721863997, 1.9040313482750548 
1, 'BL', 2, 4, 'BL', 24.42232090143591, 0.8433638001474719, -24.1171089386728, -3.7670637340476105 
0, 'BL', 9, 10, 'BL', -12.73539308114789, 9.620451736723226, 12.80606153443739, -9.432728244017198 
0, 'BL', 3, 4, 'BL', -23.791577666815698, 5.118892526470745, 24.1568218878202, -5.604417861002162 
0, 'BL', 9, 14, 'BL', -1.8513382432210221, 8.08000853536231, 1.927508249543422, -7.917984726775671 
0, 'BL', 6, 11, 'BL', 28.653011018771707, -0.7746778104211671, -28.00809276367869, 2.1252173022931515 
1, 'BL', 13, 14, 'BL', 17.941241492226936, -1.7102881081794976, -17.456831673562775, 2.696564976438424 
1, 'BL', 2, 3, 'BL', 44.49297014804654, 1.311202877910091, -43.678445238946864, -2.8097611798268645 
0, 'BL', 4, 7, 'BL', 4.911188234011353, 0.876802601932809, -4.911188234011353, -0.8321354659791496 
0, 'BL', 6, 12, 'BL', 10.499720367209278, 1.4848779264900145, -10.385496355733892, -1.2471458918669782 
0, 'BL', 7, 8, 'BL', -2.224079376726392, -6.0170130431286, 2.224079376726392, 6.079413777768536 
1, 'BL', 7, 9, 'BL', 7.661611276450493, 7.250068518904072, -7.661611276450493, -7.1446093046706665 
0, 'BL', 5, 6, 'BL', -33.40713856429246, 17.887514256679253, 33.40713856429246, -15.088822823607245 
--end of line flow
