--generation dispatch
bus id,unit id,pg(MW),qg(MVar) 
101, 1, 11.830707301889335, 0.028248790827218005
101, 2, 16.128546099751286, 2.563840285239309
101, 3, 35.83199948611579, -32.748195165738025
101, 4, 35.83199938982879, -32.064814758630455
102, 5, 13.119670222978218, 0.668218510836024
102, 6, 16.922326207928577, 3.3396884257396895
102, 7, 55.7769786575118, -36.56233065292979
102, 8, 55.77697653652327, -28.51152625902479
107, 10, 11.603346429330363, -0.5918482483836144
107, 11, 21.44566988805612, 7.499458152844802
107, 9, 1.421632571876967, 8.456561355435731
113, 12, 27.85786705336472, 21.36980715261993
113, 13, 81.91241769746297, 21.694808636817758
113, 14, 60.33372208819027, -3.267609028056167
114, 15, 2.149289044280565e-13, 34.069127318651375
115, 16, 3.2156841252596786, 3.1285580615867663
115, 17, 3.5445861108076375, 3.824643199513187
115, 18, 4.5524579755795465, 0.8762655113375696
115, 19, 0.19195448408767138, 2.2238336788254847
115, 20, 2.316607045219853, 1.8649122537519047
115, 21, 51.07847322929296, 16.132356211824295
116, 22, 96.87019148048465, -6.560003850504163
118, 23, 483.82342392885374, 71.18596976484427
121, 24, 510.3268915631621, 114.70655745248037
122, 25, 64.184145320892, 4.005375650070688
122, 26, 36.585235696971075, 2.010168497075042
122, 27, 36.54182444441657, -4.1505664620374
122, 28, 51.98496835887026, 1.7924782922547813
122, 29, 45.27466765487161, -4.730098914723967
122, 30, 49.57134451599386, -2.4091943751094003
123, 31, 26.457959740334438, -15.464603943212415
123, 32, 39.9081845655405, -9.619039592505459
123, 33, 139.47966395996082, 37.39475618240038
201, 34, 20.882532165087564, -4.506832427099822
201, 35, 13.385316127621147, -0.04279971682183168
201, 36, 16.87280128804913, -20.81937991766779
201, 37, 15.574600658914848, -25.44061885190373
202, 38, 19.15094998672752, 3.626075785295385
202, 39, 16.46302434824839, 0.38996005582557774
202, 40, 9.423665664327181, -9.838542914739422
202, 41, 18.219115411831666, -39.41300622473833
207, 42, 76.704602839717, -4.611221652249822
207, 43, 48.65641840689498, -2.130062249689257
207, 44, 59.58631874599952, 18.367850205493585
213, 45, 132.90763696175895, 1.9305664284941861
213, 46, 11.475480600447021, 16.695378664315847
213, 47, 3.468446404506526, -11.523091729666909
214, 48, 2.2303935857942871e-13, 70.72240885351981
215, 49, 7.165596652309043, 3.9737857199208313
215, 50, 2.0875600011890314, 1.1565021072288417
215, 51, 5.685761490185409, 3.009914586335492
215, 52, 0.9581936912017643, 2.7363121472864664
215, 53, 3.4547225883081123, 2.995974553566512
215, 54, 87.3181543180102, 65.15817099056993
216, 55, 67.78692026880633, 34.829398825368465
218, 56, 332.6088958270731, 65.94577272379473
221, 57, 480.4210608487607, 40.55228570347426
222, 58, 45.078710332804825, 4.93896969616422
222, 59, 48.46988315350702, -0.5917419333346093
222, 60, 48.08749761554738, 4.845330844829114
222, 61, 44.889272468922194, -0.8727961710472526
222, 62, 38.16378474823525, 4.492613821745418
222, 63, 47.568705453363705, -1.8975148908262485
223, 64, 69.92547985797424, -47.8281134719383
223, 65, 71.54325957684844, 4.3995818254480845
223, 66, 125.41685851604697, -22.927683698367957
301, 67, 10.856635722221965, -5.5665469761252115
301, 68, 15.530843573432188, -3.2363800624387413
301, 69, 21.94959839937289, -26.71736863160678
301, 70, 9.867392256110177, -31.218534291908686
302, 71, 18.708803494444172, 0.10921958996612767
302, 72, 14.09361501850895, -1.4125151411791468
302, 73, 21.847256142986698, -15.597371561720214
302, 74, 36.1061271539309, -38.16939055803649
307, 75, 11.309134478944756, -3.8628529378259113
307, 76, 46.93818570411151, 0.12618103494639726
307, 77, 26.439900414452417, 14.741437124812059
313, 78, 40.5403363887723, 16.95954790843563
313, 79, 22.36449124081522, 13.379214259052304
313, 80, 82.70086974485687, 41.4057533696689
314, 81, 2.221744499088213e-13, -20.025893582798002
315, 82, 1.8344391013231345, 2.4690706387629837
315, 83, 1.768109105999354, 1.894575556692175
315, 84, 3.520440738856713, 2.4499391397666344
315, 85, 0.8084718840461331, 3.256496279782041
315, 86, 4.4317404579580995, 3.935303762658871
315, 87, 86.10764156977592, 47.165800086115986
316, 88, 85.67705711845299, 58.36257179148226
318, 89, 432.86082148949396, 71.26211506112597
321, 90, 310.7175395678477, 72.44466949568273
322, 91, 59.65257207759239, 5.21000894814017
322, 92, 37.46330606880181, 4.8515726614789605
322, 93, 49.81521033810967, 4.774526210863026
322, 94, 45.8372719133138, -0.5056618102529279
322, 95, 58.00210560568195, 3.0815729237457736
322, 96, 53.89220574534083, -0.671237018663481
323, 97, 98.46446841831592, -22.219201118158562
323, 98, 83.93142771494588, 46.84911930097598
323, 99, 182.74427109892255, 8.110372213963737
--end of generation dispatch
