--contingency generator
conID,genID,busID,unitID,q(MW) 
1, '1 ', 8, '1 ', 5.0929718118525225
1, '1 ', 1, '1 ', 1.7461226807158137
1, '1 ', 3, '1 ', 21.806608760025334
1, '1 ', 2, '1 ', 18.873011858014937
1, '1 ', 6, '1 ', 5.269356232227666
--end of contingency generator
--bus
contingency id,bus id,v(pu),theta(deg) 
0, 4, 1.0585988266929016, 59.032046846181345
1, 11, 1.0700390195203398, 72.63004730160522
0, 7, 1.0919550308591173, 59.19029670428837
1, 10, 1.0529117919404096, 70.19997290859945
1, 14, 1.0373553072053734, 69.70124204959585
0, 12, 1.083065762474473, 61.261829883030444
1, 4, 1.0583681551788306, 71.71919729965045
0, 13, 1.0724590555300373, 60.822180205807555
1, 12, 1.0480724839199653, 72.4027305728672
0, 14, 1.0421699453684794, 57.3741729957887
1, 8, 1.0999999554368622, 72.0103940847774
0, 6, 1.1000000000250358, 62.58173039923561
1, 5, 1.0622919502990968, 73.02370741775195
1, 6, 1.100000000023149, 75.31856420897144
0, 5, 1.0624108306281068, 60.32937824436445
1, 7, 1.0918471505387601, 71.87843520833938
0, 3, 1.042336458317816, 55.105011346867
0, 8, 1.0999999554356623, 59.32146537571199
1, 1, 1.0892471955876046, 76.4756104318861
1, 13, 1.0642276219785156, 72.94778465018429
1, 9, 1.05438533432045, 69.41740105867332
0, 11, 1.0711731681297023, 59.98032983466255
0, 9, 1.0566615381258304, 56.901516832052636
1, 3, 1.042336458317128, 67.80002086298683
1, 2, 1.073846509004103, 73.95566333156454
0, 1, 1.0892471955886347, 63.78246665838187
0, 2, 1.0738465090052727, 61.26301756297075
0, 10, 1.0549039006201288, 57.642800658255766
--end of bus
--Delta
contingency id,Delta(MW) 
1, 0.003083077780333898 
--end of Delta
--line flow
contingency id,line id,origin bus id,destination bus id,circuit id,p_origin(MW),q_origin(MVar),p_destination(MW),q_destination(MVar) 
1, 'BL', 1, 2, 'BL', 87.44618177475593, -1.5111640877703394, -86.19669460938428, -0.8505264574164357 
1, 'BL', 2, 5, 'BL', 11.773274503563783, 1.3716566153824488, -11.69922223591405, -5.092746080462348 
1, 'BL', 4, 9, 'BL', 8.316189796428683, 7.598460929991916, -8.316189796428683, -7.006850216602373 
1, 'BL', 4, 7, 'BL', -1.570317453805622, -5.002531522573804, 1.570317453805622, 5.051621602809064 
1, 'BL', 6, 13, 'BL', 42.05741832362338, 9.618979252409645, -41.03982839191815, -7.615027016532736 
1, 'BL', 7, 8, 'BL', -1.5703174538056828, -5.051621602809178, 1.5703174538056828, 5.092972107942273 
1, 'BL', 4, 5, 'BL', -57.873532520019694, 9.177609627167385, 58.28275000820065, -7.886811992163075 
0, 'BL', 12, 13, 'BL', 4.874989117361622, 0.3762912246630208, -4.8299642406696535, -0.335554431465539 
0, 'BL', 1, 5, 'BL', 32.73278693616544, 3.19990643944044, -32.227819112860075, -6.810693901499576 
0, 'BL', 10, 11, 'BL', -23.34344157273017, 1.5260306090002018, 23.746933284471908, -0.5815010163830152 
0, 'BL', 13, 14, 'BL', 19.484766981904386, 0.3453154839346553, -18.92037132066578, 0.8038156108074475 
0, 'BL', 1, 2, 'BL', 87.43045582866125, -1.5067687329758428, -86.18141554244585, -0.8562862002356724 
1, 'BL', 5, 6, 'BL', -19.9206033723222, 18.398337467306362, 19.9206033723222, -16.97187319503803 
0, 'BL', 2, 3, 'BL', 61.98901240855082, 3.115313043402807, -60.41019586380105, -1.3684704152717586 
0, 'BL', 4, 5, 'BL', -57.509547525157814, 9.333728970572338, 57.913927818400225, -8.058189333984501 
1, 'BL', 9, 14, 'BL', 0.9176001160682858, 6.214687041580305, -0.8724783920885102, -6.118707089336965 
0, 'BL', 2, 5, 'BL', 11.770139644598856, 1.299588898949537, -11.696360908619425, -5.021950484860781 
1, 'BL', 9, 10, 'BL', -15.070180085775746, 7.634387680612008, 15.151840222626447, -7.417465908719805 
1, 'BL', 3, 4, 'BL', -41.02578187256216, 7.116611099203283, 42.101517203663775, -5.783235165827477 
0, 'BL', 6, 13, 'BL', 31.666587824964836, 7.602546751245654, -31.086779520614414, -6.46072320162034 
0, 'BL', 2, 4, 'BL', 25.54465488996547, -0.6041088899908118, -25.214901683583093, -2.2607612228323433 
1, 'BL', 1, 5, 'BL', 32.73247637761847, 3.2572867798721177, -32.22719655123825, -6.866164909210795 
1, 'BL', 10, 11, 'BL', -24.234328636854315, 1.4911207164904567, 24.670641143930197, -0.46976126208386404 
0, 'BL', 4, 9, 'BL', 7.716015639262058, 7.176146789729984, -7.716015639262058, -6.658711537961466 
1, 'BL', 6, 11, 'BL', 29.300152528663176, 3.2294468005259205, -28.618079746918795, -1.8011010825963467 
1, 'BL', 12, 13, 'BL', -6.591253618944336, -1.1606408692150012, 6.681338115004621, 1.2421458894600903 
1, 'BL', 2, 4, 'BL', 25.637893686911127, -0.4920481102492431, -25.305576144313846, -2.3642110264498797 
0, 'BL', 9, 10, 'BL', -14.186943021220372, 7.648976134451459, 14.260953158495795, -7.452375801229664 
0, 'BL', 3, 4, 'BL', -41.15623158129611, 7.033522998760532, 42.23778266779527, -5.685616007511271 
0, 'BL', 9, 14, 'BL', -0.5658111056700932, 5.943258194663656, 0.6063876999433546, -5.856946342255469 
0, 'BL', 6, 11, 'BL', 28.33162043346823, 3.0238394900198955, -27.694371887463518, -1.689361328298105 
1, 'BL', 13, 14, 'BL', 17.926513497545045, -0.07808102207479806, -17.44150522862222, 1.0655763578878634 
1, 'BL', 2, 3, 'BL', 61.9664962953714, 3.118155795768189, -60.38880399262453, -1.3760496262219704 
0, 'BL', 4, 7, 'BL', -1.5610682163698073, -4.937405687615637, 1.5610682163698073, 4.98526724090982 
0, 'BL', 6, 12, 'BL', 11.606476754051556, 1.8287982079319818, -11.466242736310818, -1.5369320938789315 
0, 'BL', 7, 8, 'BL', -1.5610682163699994, -4.985267240909707, 1.5610682163699994, 5.025582909486843 
0, 'BL', 5, 6, 'BL', -19.55401994819831, 18.443448205813354, 19.55401994819831, -17.042145328995673 
--end of line flow
