--generation dispatch
bus id,unit id,pg(MW),qg(MVar) 
101, 1, 15.359849164469097, 4.79661497938003
101, 2, 12.938761454720513, 1.2923309938821514
101, 3, 58.80483663294095, -23.576579842567405
101, 4, 64.62857623192659, -9.665559162184474
102, 5, 16.767374226703904, 0.4500067405777809
102, 6, 19.226695002113594, -1.4734479020584799
102, 7, 75.87378750906738, -9.593612677287108
102, 8, 75.87378738175539, -14.344309875167133
107, 10, 30.499424666543426, 28.85089599305928
107, 11, 26.631635827855252, -4.753909683730608
107, 9, 30.668833592119544, -4.807069079197498
113, 12, 47.92288093306676, -28.30048352508416
113, 13, 48.244510821975666, -5.418227465678825
113, 14, 20.087754888063017, -24.308036331465548
114, 15, -1.0761519557610314e-13, 43.31188218395478
115, 16, 1.1405999315964832, 4.153067100736113
115, 17, 7.860931614343899, 4.138119768231572
115, 18, 2.1965996554180616, 1.617305533725179
115, 19, 2.4616746154113516, 1.8962209396100491
115, 20, 4.56518080361718, 3.99012519531139
115, 21, 109.08380118819723, 38.41114404499509
116, 22, 162.43654501081738, 0.850218829076108
118, 23, 365.33217011490126, 43.253542997228564
121, 24, 463.8126270334647, 178.9104489308436
122, 25, 60.437495804304305, 4.297431236292047
122, 26, 43.4535320060381, 3.409431271329568
122, 27, 38.65519782100438, -6.232048106743542
122, 28, 48.06202732297227, -6.78448656107429
122, 29, 46.28653401546746, -13.671479064250201
122, 30, 59.955566826189006, -11.405393844514863
123, 31, 89.685558974239, -75.52775934798674
123, 32, 89.68556747219027, -70.29036443997943
123, 33, 173.08939638067045, 19.87092081023127
201, 34, 10.306734346917938, -0.17561036931407217
201, 35, 12.40756740519084, 3.095449576690194
201, 36, 26.354900064391153, -21.581353060541534
201, 37, 23.94284021020432, -27.67110194443078
202, 38, 14.627376493040497, 5.862657052180043
202, 39, 18.622921432509255, 3.120154542221116
202, 40, 24.113153357712157, -36.60294157643592
202, 41, 24.11315310410161, -23.176217532897766
207, 42, 24.35450059120094, 26.75928253419049
207, 43, 53.4704956888727, -15.490688482245632
207, 44, 15.801080490840086, 19.256224540607885
213, 45, 90.43295216737596, 5.629036236299122
213, 46, 92.10914677950832, -1.1241215839191436
213, 47, 100.75536709341029, 26.824014812914072
214, 48, -1.1125485445585831e-13, 54.24661925244222
215, 49, 3.7403299611489693, 2.3471734855409694
215, 50, 4.089132192140301, 4.497311819759413
215, 51, 3.507681876165799, 3.6629269016840786
215, 52, 2.3259858844860855, 3.131732547233081
215, 53, 2.5610953901021496, 4.82551041457857
215, 54, 65.02017732608181, 83.92953127847356
216, 55, 63.66835932922796, 21.071219542465023
218, 56, 497.1203669210142, 57.870520791244076
221, 57, 400.85125649844474, 93.27025825246247
222, 58, 60.08241062792891, 2.4208540297000396
222, 59, 41.57438072184974, 0.32996524816373163
222, 60, 37.27132459678627, 8.772095157607293
222, 61, 62.06695152022818, 4.211936123995548
222, 62, 51.77139464341976, 5.353474314956328
222, 63, 50.93986967154721, -1.4018243068473861
223, 64, 51.31491150425655, 4.298809907723725
223, 65, 51.31492084904596, 14.51027735520595
223, 66, 56.61909062615209, 78.06144163301299
301, 67, 17.341538946033968, 4.890725625990504
301, 68, 17.19223558011612, 2.1264807059421726
301, 69, 21.610457906567, -39.8670205692315
301, 70, 27.27227005643722, -32.41538881084305
302, 71, 12.09065402386965, 0.09060225236998172
302, 72, 10.296770559263608, -3.986635746895847
302, 73, 46.061632814651034, -13.9415539372765
302, 74, 3.6780315385696456, -17.20874064688407
307, 75, 12.007529770401943, -4.396312566751274
307, 76, 14.212790138465921, 15.869331501571713
307, 77, 30.596575544825857, -0.9642544032369503
313, 78, 32.66839693867946, 6.430979274342337
313, 79, 92.9258930992341, 36.49078824474905
313, 80, 35.88785899944012, 22.945307021340184
314, 81, -9.845371062808419e-14, -6.3360905277599695
315, 82, 0.4647024440085576, 2.5879885144978707
315, 83, 2.0621667454824943, 3.288524449748429
315, 84, 9.154643721137667, 1.9467607063775183
315, 85, 2.933975151932116, 4.470726221734616
315, 86, 6.008341329624365, 1.275160104519491
315, 87, 43.53860716918453, 18.792869699138098
316, 88, 110.81658828576172, 3.3626882225669563
318, 89, 278.1644509593953, 125.77723941172793
321, 90, 371.0105115408445, 18.346332302917904
322, 91, 59.040843872725965, 1.3672629227554487
322, 92, 48.721223068796114, 3.9602510152775108
322, 93, 60.18174927718938, 3.405547745693195
322, 94, 64.1047846925445, 3.1223191312828047
322, 95, 46.37225880557672, 6.8385461573650534
322, 96, 44.97650963990027, 1.5032175393605707
323, 97, 37.50165360452421, 60.73992098272088
323, 98, 84.66216280571574, 48.106544165652075
323, 99, 82.28906723300888, 67.0431865807204
--end of generation dispatch
