--generation dispatch
bus id,unit id,pg(MW),qg(MVar) 
101, 1, 10.63890898905591, 5.309831869061688
101, 2, 18.23580709911414, 0.22757833674837963
101, 3, 14.430866207115574, -42.94804720975541
101, 4, 44.345715599153415, -24.069528145525734
102, 5, 16.64549456253247, 3.618812957308277
102, 6, 14.95519086492856, -4.205784427289119
102, 7, 26.78906356496811, -13.995198938929745
102, 8, 31.13167567325738, -25.858737900363746
107, 10, 41.06895345372682, 18.375368632114508
107, 11, 8.300338346676876, 4.6091203667920935
107, 9, 33.502675691783615, -8.115803406074706
113, 12, 63.625089662384816, -20.32432898948634
113, 13, 38.57015965832977, 7.84395185895334
113, 14, 109.85383997013722, 43.90763897419287
114, 15, 1.5432959196420327e-18, 127.57943157319528
115, 16, 2.0325997453553146, 1.6736839280261993
115, 17, 0.6023634371169668, 2.998713536073584
115, 18, 4.199745340606578, 3.2494420561456447
115, 19, 2.408514621403132, 2.702774742979363
115, 20, 2.336191844716401, 4.104855115572894
115, 21, 52.11084024665639, 57.64527972225641
116, 22, 72.48852178773093, -3.0325553394402256
118, 23, 378.22228676273664, 48.93054656554575
121, 24, 375.95640401817343, 52.554780548909086
122, 25, 50.248041990318036, -0.15388868497204694
122, 26, 62.455046134174765, -2.703290134786305
122, 27, 44.05801570426018, -1.027865981996358
122, 28, 39.783028177057375, -0.614977819608068
122, 29, 41.598782566478775, 6.122791167904757
122, 30, 34.99137208481532, 4.994351393759755
123, 31, 76.54448961233867, -9.295418687496122
123, 32, 31.568859930245683, 7.73540077401271
123, 33, 200.42140405754, -23.827818756469046
201, 34, 12.982309765105692, -4.873205301385931
201, 35, 19.096169640575166, 1.278890782502673
201, 36, 1.9093867943221885, -13.74373189460428
201, 37, 34.86853713383341, -36.3107169231932
202, 38, 12.25803571468963, 3.5833625522590484
202, 39, 20.03353947470358, -1.6943590226395207
202, 40, 30.73708622209646, -19.407981432891553
202, 41, 3.8257160390198814, -27.94558040376597
207, 42, 18.79408072440538, 3.2900579253880844
207, 43, 31.716450656461916, -1.4957372027809828
207, 44, 46.82466085329575, -7.447067370299153
213, 45, 136.7678618408122, -30.011191313962673
213, 46, 142.85790576960528, 29.473976960913866
213, 47, 39.48557046683089, 16.767492581190098
214, 48, 6.046848639254327e-19, 84.8774046832681
215, 49, 9.085841785248451, 2.8378127622969815
215, 50, 5.493617990648059, 4.834450104077003
215, 51, 3.113564819581081, 3.2132716821051623
215, 52, 2.5557671571144938, 3.293938150380599
215, 53, 0.6324941209339067, 2.2881305914248595
215, 54, 37.16601005201882, 76.26903059028375
216, 55, 38.37669631080417, -0.17678165140519134
218, 56, 421.0822297027065, 57.45199332641004
221, 57, 410.27427353008716, 48.931165653725635
222, 58, 39.15258546739791, -1.569965367258817
222, 59, 35.729338141740634, 5.969831203123157
222, 60, 62.351377924555315, 5.7079443981981886
222, 61, 52.09378828911619, 6.223388419388308
222, 62, 39.8061882137353, -3.3909239899422676
222, 63, 38.35568744374601, -1.7774187158851884
223, 64, 47.837494548156464, -35.66978044792625
223, 65, 48.080783909142774, 9.096560844200123
223, 66, 72.08455467888099, -53.220290745515
301, 67, 21.76491535676972, -1.4260598903064532
301, 68, 21.103372118672148, -1.3560053611712903
301, 69, 40.800062342560324, -28.85820137521589
301, 70, 10.764814309941041, -25.8342974500109
302, 71, 11.555920461330931, -2.410464230161582
302, 72, 15.390583804162524, 1.1432325059374024
302, 73, 8.447109362959594, -33.0843944990715
302, 74, 46.623610547533545, -24.54304648434207
307, 75, 30.09338262833252, -17.512892693728162
307, 76, 62.15582647237334, 0.09238074875258305
307, 77, 37.33777916634006, 23.77013799550942
313, 78, 85.43436203917746, 24.203046530537463
313, 79, 10.475591379666637, -9.584738889227243
313, 80, 43.43138073091732, 8.220633234876574
314, 81, 2.3400499199337198e-18, 33.17658686368335
315, 82, 7.95559179356307, 0.8870980294585988
315, 83, 1.210680299513484, 2.7458623316411734
315, 84, 1.0581126465280273, 2.178458037215854
315, 85, 0.3020649060246549, 2.81555532273379
315, 86, 7.9384757296802535, 1.765649995607859
315, 87, 97.15613772927627, 70.85728469182548
316, 88, 33.42550975734669, 16.479595419654338
318, 89, 349.1695721209293, 82.73411333307469
321, 90, 322.6806947025931, 29.86954429213323
322, 91, 51.75689374244653, -1.4142375275618946
322, 92, 49.69314208402342, 7.5503880328838715
322, 93, 63.450933116571605, 5.837377081155121
322, 94, 61.988695928910175, 2.956505355879611
322, 95, 62.36246278890393, 2.6004787649932783
322, 96, 42.96594224087001, 5.585760716710195
323, 97, 107.69106749818046, -40.595856232782396
323, 98, 55.419945980794985, 2.826489349338351
323, 99, 105.77163222759877, -14.14940983060731
--end of generation dispatch
