--generation dispatch
bus id,unit id,pg(MW),qg(MVar) 
101, 1, 14.80342717666916, 1.5734428356478671
101, 2, 18.423638689254872, -1.2020166432922224
101, 3, 71.57103118594921, -3.6068134175158986
101, 4, 71.57102824001971, -42.78158924076497
102, 5, 10.55606863411936, 2.542968020835578
102, 6, 14.407774592384673, 3.7440515653852238
102, 7, 84.73059276094897, -11.989736512185548
102, 8, 84.73059373512982, -24.366269632388896
107, 10, 42.36845699711732, -0.8407780033035348
107, 11, 45.16767314393098, 21.922601578311543
107, 9, 71.63648296021844, -14.66362468896809
113, 12, 76.84860337490717, 15.529855584852237
113, 13, 93.35682633124553, 5.587221117155004
113, 14, 0.25016854550762874, 17.11230286656333
114, 15, 5.483508483129801e-15, -72.01257528036999
115, 16, 2.9627193700693435, 1.9357494247367848
115, 17, 0.8787959033797726, 3.3560467693251037
115, 18, 4.043030496256634, 1.4799339337456485
115, 19, 4.636516160348557, 2.8147333858668406
115, 20, 2.144936654622214, 2.5298764890657672
115, 21, 81.9978613189567, 81.44071582593426
116, 22, 69.6632955977692, -3.977012831396235
118, 23, 340.4526729366402, 173.68365481297545
121, 24, 286.7527806988628, -4.006046998186852
122, 25, 47.98047478125329, -6.159065004117922
122, 26, 41.942895476714625, -1.9206336881103279
122, 27, 55.25099651702579, 0.6199607394169532
122, 28, 45.99817804573934, -6.8994342613699935
122, 29, 60.74334907858531, 0.1043434115513082
122, 30, 38.40847598669018, 1.1422142005934024
123, 31, 50.99005343550785, -23.30081342964209
123, 32, 100.702658080675, -77.24533294477453
123, 33, 54.30860814328908, -44.53571349551521
201, 34, 11.881095353177045, 3.914973979892896
201, 35, 13.156798838039926, 1.2964637838089408
201, 36, 14.074386429711888, -13.2029007164099
201, 37, 38.42422169646835, -11.716759674925349
202, 38, 12.431871947001822, 0.33074459917377413
202, 39, 15.586165104580825, 5.796488893509502
202, 40, 14.329946702519953, -30.457781588612676
202, 41, 14.329946656083456, -16.193753219119788
207, 42, 31.457851820067038, 23.846536215326946
207, 43, 38.98083110796323, 6.942247111905932
207, 44, 39.122642809432364, 15.615758892316556
213, 45, 48.62957030532467, 30.55877208748391
213, 46, 24.676633783006714, -12.918497935071345
213, 47, 117.75550230734996, 2.3164922825401484
214, 48, 5.466213666107193e-15, 4.924744470461788
215, 49, 4.974722340719852, 2.4665671594957015
215, 50, 3.7596583143791773, 0.9279430560830201
215, 51, 6.2308610614556015, 4.44615445052474
215, 52, 4.012044237049505, 2.179497708229472
215, 53, 5.008402638154179, 1.5525960674452934
215, 54, 89.16454356723862, 38.87428483692019
216, 55, 88.75626203394278, 47.69831141301146
218, 56, 281.12962790267454, 78.26769678590647
221, 57, 332.6017991496727, 44.20812622795947
222, 58, 42.54057894973609, 5.925066827907329
222, 59, 51.392087138263165, 6.624190085988842
222, 60, 63.301362861418745, 2.5576709741473787
222, 61, 57.58547000634076, 3.0197931982747432
222, 62, 50.12246836256761, 1.7993833838306579
222, 63, 56.500425998126744, 7.937197045467148
223, 64, 93.30407852524468, 11.240985755633016
223, 65, 93.30409038888587, -26.75829913392142
223, 66, 120.94329336330259, 34.37173728789507
301, 67, 20.552425869076732, 2.4752896678504124
301, 68, 11.21547938406313, 0.7882239048336166
301, 69, 19.028200804805696, -40.35307798177042
301, 70, 56.35168664980297, -22.071215397516195
302, 71, 18.85543460297157, -0.9355897437152783
302, 72, 10.947679588858392, 2.8334041846895017
302, 73, 19.807695577296688, -6.404426671023814
302, 74, 19.807693382751648, -27.140290276103396
307, 75, 21.47087945826419, 18.136130371314536
307, 76, 36.612425984256376, 15.718330636132281
307, 77, 30.50449981810577, 20.05279084184585
313, 78, 20.90592407829429, 25.414745506331567
313, 79, 52.83247328979243, -13.071275007016878
313, 80, 99.1817120771625, 21.138936059170298
314, 81, 5.219993989544199e-15, -38.12484395089071
315, 82, 5.92016637941632, 2.035461188758243
315, 83, 10.533508656891149, 1.337478890742765
315, 84, 10.530109258609441, 1.691928608791403
315, 85, 7.008903911651871, 2.4407160590861916
315, 86, 3.4825578985906254, 3.698904086400137
315, 87, 93.05983915253535, 75.77011161338224
316, 88, 95.65099707867684, 47.70249072007649
318, 89, 515.8986271402429, 96.04984568083447
321, 90, 329.25695453274665, 62.06675613342728
322, 91, 42.298092837922404, 1.767468434468641
322, 92, 53.55927650398774, -1.5778223184328137
322, 93, 47.5088974814975, 4.384320735891917
322, 94, 44.031373665679375, 1.2291553625977008
322, 95, 37.52152012010304, 7.444944534602813
322, 96, 51.23474889715401, -0.13654514674708237
323, 97, 74.5144826850849, -12.564516057117569
323, 98, 82.29604484321963, 2.957093427806329
323, 99, 258.5541994908625, 37.61856360765982
--end of generation dispatch
