--generation dispatch
bus id,unit id,pg(MW),qg(MVar) 
101, 1, 20.982193622322416, 1.3843549920261362
101, 2, 11.303973282369153, 0.3394173227293759
101, 3, 19.47674027571685, -10.186735831300116
101, 4, 28.345979317526652, -11.865305358864141
102, 5, 13.687921633836122, -1.1708946252584997
102, 6, 15.653185865591382, -1.897291780291487
102, 7, 26.950989189708405, -45.539113514111065
102, 8, 26.95098981453896, -42.43978515123539
107, 10, 10.389423957777238, 5.800871688329448
107, 11, 13.919379986573206, 18.26514686990599
107, 9, 21.239545255182836, -4.7857820592683975
113, 12, 118.60808180561182, 11.050280860296265
113, 13, 52.864549419012256, 15.834710557971063
113, 14, 1.4499986602781572, 3.2028075044386606
114, 15, 1.953458849157444e-13, 28.278778104977544
115, 16, 5.971271091233169, 3.547246949240059
115, 17, 7.028189054892814, 1.4622871296309858
115, 18, 1.7618445758399528, 2.409924713418107
115, 19, 7.274392194500416, 4.198393640237117
115, 20, 6.886282401883668, 4.568782081109599
115, 21, 104.93487992458722, 79.4510051325884
116, 22, 106.92301446812337, 7.801422391055345
118, 23, 299.88250614203486, 55.72662027838831
121, 24, 327.0307814055813, 59.9628384563905
122, 25, 45.83394313166732, 8.801708286168658
122, 26, 49.334349298671526, -4.418714180605604
122, 27, 59.63723574467817, 4.177854236200689
122, 28, 56.248910298392865, 8.993006329749212
122, 29, 60.405815473579565, 0.12568480606981722
122, 30, 64.63582691672141, 2.788030494742147
123, 31, 101.55433724900377, -27.10869341861605
123, 32, 101.5543249240669, -17.40545866927266
123, 33, 136.5779039239736, 65.5280458820599
201, 34, 17.685923836117723, -1.1787598015229106
201, 35, 14.37840104427479, 1.13130220092492
201, 36, 16.506195699883644, -11.075835410038891
201, 37, 19.513745074346, -24.644445693334845
202, 38, 10.475603041090068, -0.3076480106531768
202, 39, 13.052629107418776, 2.4237421391671403
202, 40, 16.693310750812216, -33.0435209124445
202, 41, 16.693310083524842, -12.024579217876031
207, 42, 38.39290181242584, -0.7023679007287845
207, 43, 16.28185848657214, 13.071230573944593
207, 44, 40.51503888166192, -3.3325110819819392
213, 45, 19.158576277290283, -15.065940122413878
213, 46, 112.88452244787635, -18.230397926887026
213, 47, 94.4388145836191, -7.742808995322497
214, 48, 1.9317929197436875e-13, -3.4018488651413676
215, 49, 3.400746857841001, 3.467767243473915
215, 50, 3.8263064512450904, 3.176017575113406
215, 51, 3.8022646296610265, 4.6411502161024405
215, 52, 6.262288454266852, 3.4582198829673563
215, 53, 4.032011024153321, 2.9240700902237124
215, 54, 98.06526096796414, 77.32810878691579
216, 55, 99.62498382230339, 58.47354367610158
218, 56, 441.7628311461646, 79.38747769995447
221, 57, 435.387470042574, 67.51781321709403
222, 58, 63.69314907983423, 7.632087571092305
222, 59, 40.378809279562084, 0.25618302916381036
222, 60, 59.511288247802426, 1.6183992267384086
222, 61, 42.06903801931543, 4.600621397317336
222, 62, 56.06768720949544, 2.411353626765956
222, 63, 42.038446866707034, 0.7096211735394928
223, 64, 96.99202941117956, -7.451147590017203
223, 65, 96.99206792479117, 12.730577678564917
223, 66, 181.1086198083724, 25.2353068279926
301, 67, 19.31870774501544, 4.584764211315103
301, 68, 21.022740427892302, 2.125666728333688
301, 69, 13.369539895006637, -14.712021294520753
301, 70, 11.949822631306354, -10.549158998305312
302, 71, 16.45315149440415, 0.1285851702894559
302, 72, 13.760562479630162, -0.15001816174048777
302, 73, 12.649318085133064, -33.721286477955275
302, 74, 12.649325025256582, -9.69177486575918
307, 75, 69.5662802394674, 1.2735508474769481
307, 76, 60.82164075758545, -5.5482228345486435
307, 77, 9.063222617361145, 8.06151432732012
313, 78, 75.75886088169581, -17.625950492015843
313, 79, 43.126439510613324, -5.381503313083753
313, 80, 13.622109129488313, -18.848971762660824
314, 81, 1.8984770580154344e-13, 2.636557828672843
315, 82, 8.521941547817493, 4.769117054754995
315, 83, 0.8282923840625326, 2.811456518465682
315, 84, 1.6458303637729101, 2.544025396416077
315, 85, 0.5897128513354041, 2.4357143956950704
315, 86, 6.88009131630649, 4.564737374225505
315, 87, 78.07197557914738, 49.43968511968357
316, 88, 85.96703741155392, 69.6522481953322
318, 89, 478.2245256845546, 107.59863865809062
321, 90, 477.34682749025836, 81.98375884473455
322, 91, 43.592149700736066, -0.4454568307491443
322, 92, 61.31290895328878, 1.0790629812861054
322, 93, 41.60234689409864, 8.463072626301997
322, 94, 51.58990802173522, 2.150221413673218
322, 95, 49.175564718200114, 4.789084858884071
322, 96, 50.37645275401904, 2.9248853492099416
323, 97, 98.46909767610748, 16.145277668841437
323, 98, 98.46909116989505, -11.911168380111453
323, 99, 161.55790429972257, 14.536599245859145
--end of generation dispatch
