--generation dispatch
bus id,unit id,pg(MW),qg(MVar) 
101, 1, 12.001323886854168, 4.342063490666812
101, 2, 19.31749159639376, 0.09613516246596385
101, 3, 15.71821295363432, -33.253705107132106
101, 4, 31.12570979960758, -42.81055818994845
102, 5, 19.601237648647476, 4.172686229798722
102, 6, 20.904443559632526, 1.246038902629184
102, 7, 45.13860609029774, -27.487459908546207
102, 8, 23.47731298557247, -28.545034003277046
107, 10, 68.75021154321824, 1.1080081856284103
107, 11, 61.443676177850854, 1.5632909129858408
107, 9, 41.62499367933556, 3.854794116287428
113, 12, 43.29241146081669, -11.88344648193922
113, 13, 31.903941033574725, 13.3557259235722
113, 14, 51.23969764882032, -14.954793242316878
114, 15, -1.0608692732360219e-14, 20.713658182825696
115, 16, 5.232352775667682, 3.2312733066058428
115, 17, 5.800352981874849, 4.36602164521517
115, 18, 2.8339184755092184, 3.66714637400317
115, 19, 3.768071229643266, 2.072876430861534
115, 20, 4.421175499146882, 3.271044086504332
115, 21, 65.72907872743687, 28.43665035838475
116, 22, 81.22037392225565, -29.66772264505964
118, 23, 384.13124587737985, 81.27951468723293
121, 24, 491.7711747844121, 166.7028556522758
122, 25, 58.12067741647464, 6.8758968116971895
122, 26, 43.32060831252588, 4.23815656097374
122, 27, 53.06187951590967, 3.229162998963219
122, 28, 62.40150826171141, -4.413433631409576
122, 29, 40.439614780509, 3.411411165359441
122, 30, 63.73581058232216, 2.8972262204157655
123, 31, 69.34630094690368, -28.521311304286016
123, 32, 71.44164541310332, 18.600336166127345
123, 33, 43.606625754296154, 11.73791555930852
201, 34, 15.854277896332185, 1.239038056610059
201, 35, 18.05984118805083, -0.516012910173479
201, 36, 45.480180322398795, -23.403679293098957
201, 37, 29.648019981704955, -22.950289107505473
202, 38, 18.917042640687043, 0.8328307488488929
202, 39, 19.381264300035856, 0.8711145420336389
202, 40, 18.87970904323328, -19.49775899879473
202, 41, 41.546350074535994, -10.909578397846866
207, 42, 22.241059250642962, -4.842580414140362
207, 43, 55.31906452027337, -22.349129372131685
207, 44, 70.45488618195033, 29.445393578599045
213, 45, 28.385431882015848, 11.062643742583722
213, 46, 49.9646115038736, -11.865760406291935
213, 47, 42.57258431170464, 12.892034765507793
214, 48, -1.2603016880815593e-14, -50.04737439989846
215, 49, 2.0103039172125876, 4.375262150439442
215, 50, 1.7138069425918734, 4.064572066314905
215, 51, 7.086368863366758, 4.487032664843347
215, 52, 0.2910139306681121, 2.7752926324699336
215, 53, 3.1968721995130207, 2.167811889349654
215, 54, 68.65275870591591, 56.97468120513903
216, 55, 71.22099992484137, 69.90035739345134
218, 56, 478.65895092877736, 58.955723140130196
221, 57, 316.45909175681885, 47.40524397103731
222, 58, 50.37231434730451, 3.5248773414076786
222, 59, 64.05549387575697, 7.062347990374711
222, 60, 50.941294083722035, -5.230253753372626
222, 61, 44.30877564603101, 2.706784456239668
222, 62, 51.6954424803854, 7.512444629266512
222, 63, 39.71291880018647, 2.0582003082602323
223, 64, 76.86674106919843, -27.988381280649133
223, 65, 76.86665760494219, -29.84112483002208
223, 66, 89.79390289029466, 64.21765902922499
301, 67, 9.0344551048151, -3.1799660582483966
301, 68, 20.660267541301653, 3.229506729389791
301, 69, 18.74916251628752, -31.658734326987975
301, 70, 39.88779696382649, -13.020226300661221
302, 71, 20.000673986939635, -0.15326879752898429
302, 72, 11.85147901819638, -0.0348951630041017
302, 73, 32.98311883725969, -15.87740020496652
302, 74, 22.441449335685522, -19.835371408736457
307, 75, 19.175303465087833, 26.46811650056492
307, 76, 27.685309316708366, -1.5184914022100582
307, 77, 27.240966761397086, -12.61942923740876
313, 78, 1.6400627969205674, 12.25044574867012
313, 79, 65.82428489214237, 32.5723553008804
313, 80, 145.25534075956833, 8.272160881871585
314, 81, -5.5906476545297686e-15, -38.89795957522248
315, 82, 1.8817519080659308, 2.6942667044097854
315, 83, 0.8994258944726585, 2.6095805602257496
315, 84, 3.2439273570104987, 4.70912118984765
315, 85, 4.082423730640337, 4.8710474477092145
315, 86, 2.265631612242707, 2.7114926796621357
315, 87, 72.76180173832643, 89.59335154038844
316, 88, 63.42626364039883, 37.29104058342815
318, 89, 334.50857235499194, 88.15307751653741
321, 90, 453.59871173636344, 33.444707253179686
322, 91, 53.49182055686891, 0.9652359523345038
322, 92, 60.95803627633779, 3.859811261471692
322, 93, 49.32221691712096, 8.081459950822401
322, 94, 39.193948753004065, 4.679911477187051
322, 95, 41.96220725198567, -2.959260859735196
322, 96, 61.81585054966911, 4.273661099938421
323, 97, 57.13448093967477, 12.907935077577152
323, 98, 61.88097087671759, -17.56087100741714
323, 99, 178.08833288855217, -22.790611269707885
--end of generation dispatch
