--contingency generator
conID,genID,busID,unitID,q(MW) 
1, '1 ', 8, '1 ', 4.997331022526194
1, '1 ', 1, '1 ', -5.632679195901832
1, '1 ', 3, '1 ', 24.700997913269223
1, '1 ', 2, '1 ', 27.0447254121766
1, '1 ', 6, '1 ', 4.176920740406459
--end of contingency generator
--bus
contingency id,bus id,v(pu),theta(deg) 
0, 4, 1.0650742488509288, 88.92695514319576
1, 11, 1.0743027460044727, 101.58549264516604
0, 7, 1.0934095457099609, 92.29408550307278
1, 10, 1.0582096948862314, 99.96976639056514
1, 14, 1.0460023639830947, 99.73054072309816
0, 12, 1.0844023348700569, 87.13588235075197
1, 4, 1.0648646677482687, 104.14717517720146
0, 13, 1.0762894035494128, 86.85406109954212
1, 12, 1.0535923457930763, 101.20183397111826
0, 14, 1.0504866576792318, 84.78816489996103
1, 8, 1.0999999997393384, 110.32426376625965
0, 6, 1.1000000004093269, 88.16878995439293
1, 5, 1.0665023433475964, 105.15052728903089
1, 6, 1.0999999999267058, 103.42662705002591
0, 5, 1.066608337985313, 89.92521355073741
1, 7, 1.0933104791103827, 107.51595014183837
0, 3, 1.0570674464173289, 85.42805069183461
0, 8, 1.1000000004760533, 95.10158150756712
1, 1, 1.1000000000309362, 109.93425549545893
1, 13, 1.068778503553608, 101.63570313201365
1, 9, 1.0577444403294387, 99.5171009774602
0, 11, 1.0753285994364197, 86.39600789795882
0, 9, 1.0599158491004843, 84.43153562315308
1, 3, 1.0570674456223474, 100.65308216315469
1, 2, 1.087160921880499, 106.98790954350167
0, 1, 1.1000000001696888, 94.71014525724945
0, 2, 1.0871609226732346, 91.76423134629016
0, 10, 1.0600741714273205, 84.85213562994018
--end of bus
--Delta
contingency id,Delta(MW) 
1, 0.0022336632850131623 
--end of Delta
--line flow
contingency id,line id,origin bus id,destination bus id,circuit id,p_origin(MW),q_origin(MVar),p_destination(MW),q_destination(MVar) 
1, 'BL', 1, 2, 'BL', 101.67121870033804, -9.954707588443625, -100.00826439000025, 8.717286690937726 
1, 'BL', 2, 5, 'BL', 23.230775284885084, 3.6059615370691063, -22.955353928954906, -6.777512580615962 
1, 'BL', 4, 9, 'BL', 16.870523659099792, 8.820003622222771, -16.870523659099792, -7.150948409007469 
1, 'BL', 4, 7, 'BL', -33.45050025892253, -1.3550671351365509, 33.45050025892253, 3.3320449018901854 
1, 'BL', 6, 13, 'BL', 33.2436274687459, 9.923441243777233, -32.585618956737676, -8.627617073568445 
1, 'BL', 7, 8, 'BL', -33.45050025778329, -3.332044902667235, 33.45050025778329, 4.997331023515471 
1, 'BL', 4, 5, 'BL', -43.986703136474034, 10.217176900611776, 44.22678351878949, -9.459889642236703 
0, 'BL', 12, 13, 'BL', 3.4860817611028097, 0.5555075118173249, -3.462670791426774, -0.534326158300928 
0, 'BL', 1, 5, 'BL', 45.635126648921315, 4.270176556058914, -44.681751423000165, -6.109797452735506 
0, 'BL', 10, 11, 'BL', -16.486206350135973, -1.161079319633302, 16.685639028208755, 1.6279292218568457 
0, 'BL', 13, 14, 'BL', 12.676422210882322, 1.964912893794633, -12.433613192058317, -1.4705444696962786 
0, 'BL', 1, 2, 'BL', 101.65724134265758, -9.950914078618553, -99.99475043429698, 8.71207834113352 
1, 'BL', 5, 6, 'BL', 15.025452133583595, 20.347989895258877, -15.025452133583595, -19.116613656888205 
0, 'BL', 2, 3, 'BL', 65.15767497688134, 2.017752758649408, -63.461331147976495, 0.09349468248490211 
0, 'BL', 4, 5, 'BL', -43.707448955586756, 10.3857620094509, 43.94496163881536, -9.636574062577893 
1, 'BL', 9, 14, 'BL', 0.5212732965374869, 4.351358246825157, -0.49945322623040056, -4.30494403386291 
0, 'BL', 2, 5, 'BL', 23.230465807462394, 3.5404364141702445, -22.955406127705544, -6.71348288209083 
1, 'BL', 9, 10, 'BL', -9.3445788552242, 2.976713144433461, 9.371924984196198, -2.904070959644514 
1, 'BL', 3, 4, 'BL', -35.99465641054783, 9.791964540088316, 36.83784354507449, -9.080743413779828 
0, 'BL', 6, 13, 'BL', 24.75675901661782, 7.689210045593882, -24.389368986668615, -6.965704388730842 
0, 'BL', 2, 4, 'BL', 33.60967657865086, 1.3372738908940391, -33.048788254721075, -3.573114522469268 
1, 'BL', 1, 5, 'BL', 45.63231705942219, 4.322028391290871, -44.67871955925318, -6.160175520204689 
1, 'BL', 10, 11, 'BL', -17.231417698764375, -1.2700855560296986, 17.45015869395533, 1.7821340989465853 
0, 'BL', 4, 9, 'BL', 16.417765436698797, 8.397598632498386, -16.417765436698797, -6.832065973535663 
1, 'BL', 6, 11, 'BL', 21.18956032879504, 4.399799991903421, -20.821920452373888, -3.6299161066627335 
1, 'BL', 12, 13, 'BL', -5.894649712767375, -1.4735213384612678, 5.968123068009902, 1.5399972312998216 
1, 'BL', 2, 4, 'BL', 33.67856113143657, 1.4455997701544447, -33.11503167460299, -3.6726676820347848 
0, 'BL', 9, 10, 'BL', -8.603077727329207, 3.0758634602570964, 8.626713592817623, -3.0130772095881184 
0, 'BL', 3, 4, 'BL', -36.09210435400229, 9.704223899900057, 36.93840309582362, -8.985346694628902 
0, 'BL', 9, 14, 'BL', -0.6729861150626846, 4.02069330129774, 0.6917896208034335, -3.9806957253227324 
0, 'BL', 6, 11, 'BL', 20.397768603301756, 4.188483949708598, -20.05740081741544, -3.4757112332125644 
1, 'BL', 13, 14, 'BL', 11.441878365799667, 1.5525021888495303, -11.24237029466903, -1.1462961459379244 
1, 'BL', 2, 3, 'BL', 65.1444347199351, 2.0193824621741214, -63.44877082624387, 0.08900040301023182 
0, 'BL', 4, 7, 'BL', -33.44379930633871, -1.296197139814467, 33.44379930633871, 3.2713313458332323 
0, 'BL', 6, 12, 'BL', 9.477011725961432, 2.2294148474829285, -9.380731506366715, -2.0290288498055133 
0, 'BL', 7, 8, 'BL', -33.443799330190544, -3.2713313458237963, 33.443799330190544, 4.9350645654189975 
0, 'BL', 5, 6, 'BL', 15.310358038684763, 20.410266553058875, -15.310358038684763, -19.157619960465922 
--end of line flow
