--contingency generator
conID,genID,busID,unitID,q(MW) 
1, '1 ', 8, '1 ', 1.2811899100865634
1, '1 ', 1, '1 ', 0.3515659756922485
1, '1 ', 3, '1 ', 26.986090317838524
1, '1 ', 2, '1 ', 23.504297495875186
1, '1 ', 6, '1 ', -7.6503075604215525
--end of contingency generator
--bus
contingency id,bus id,v(pu),theta(deg) 
0, 4, 1.0731290735225014, 57.13680700435807
1, 11, 1.0711356069693159, 4.74491083018266
0, 7, 1.098372766312413, 58.777519679186575
1, 10, 1.0538882567865333, 1.678768363469655
1, 14, 1.041544677041746, 1.7017022857945177
0, 12, 1.0839318127191193, 59.14530052207785
1, 4, 1.0729027955364618, 4.642037484621753
0, 13, 1.076478702026113, 58.66703220778354
1, 12, 1.0504859440738565, 5.143408229403227
0, 14, 1.0460289455587157, 54.54789150921743
1, 8, 1.0999998274247886, 7.663569477892549
0, 6, 1.0999770956201331, 60.431764364342314
1, 5, 1.0757314571359762, 5.729023073318025
1, 6, 1.0999770953874872, 7.985907066294825
0, 5, 1.0758475881954623, 58.21689878197482
1, 7, 1.0982664564209323, 6.284141302440665
0, 3, 1.0706315541204798, 54.44505445279132
0, 8, 1.0999998275487597, 60.15607007194592
1, 1, 1.1000002538306746, 7.531680888231064
1, 13, 1.0687151873371132, 5.628165408137436
1, 9, 1.0552376224712852, 0.6822012234390991
0, 11, 1.07223703214518, 57.27637606577226
0, 9, 1.0573897342634964, 53.34652666468105
1, 3, 1.0706315541504936, 1.9575344179621306
1, 2, 1.0984239449245163, 7.162005688609697
0, 1, 1.100000253914502, 60.020849117891245
0, 2, 1.098423944877166, 59.65163384198206
0, 10, 1.0557896297520664, 54.30216075722838
--end of bus
--Delta
contingency id,Delta(MW) 
1, 0.0029689624326554257 
--end of Delta
--line flow
contingency id,line id,origin bus id,destination bus id,circuit id,p_origin(MW),q_origin(MVar),p_destination(MW),q_destination(MVar) 
1, 'BL', 1, 2, 'BL', 12.778100196383889, -4.406681816117953, -12.75171306232403, -1.8924086735178207 
1, 'BL', 2, 5, 'BL', 19.650799759963917, 6.024252937759343, -19.43747296858666, -9.462181266436005 
1, 'BL', 4, 9, 'BL', 14.507090004145141, 10.851366299747752, -14.507090004145141, -9.362378701160026 
1, 'BL', 4, 7, 'BL', -16.510194631374333, -0.40803415591983594, 16.510194631374333, 0.8819727673565012 
1, 'BL', 6, 13, 'BL', 40.47842726241453, 6.606342892217526, -39.55876901784927, -4.795248719586766 
1, 'BL', 7, 8, 'BL', -16.510194628722164, -0.8819727673561601, 16.510194628722164, 1.2811898980838805 
1, 'BL', 4, 5, 'BL', -49.179706387789906, 8.877477237508629, 49.46934593317644, -7.9638651583900355 
0, 'BL', 12, 13, 'BL', 4.2143022569910045, -0.5958182968790879, -4.180239666804653, 0.6266368308571941 
0, 'BL', 1, 5, 'BL', 18.562806636038985, 4.7013811755485335, -18.382619256305787, -9.781477334044894 
0, 'BL', 10, 11, 'BL', -28.84157474850221, 4.073728940736203, 29.46608660647405, -2.6118155640066902 
0, 'BL', 13, 14, 'BL', 22.781809142453568, -0.9349245443340237, -22.01495172544898, 2.496275496571428 
0, 'BL', 1, 2, 'BL', 12.76326567963099, -4.401928504360058, -12.736941073421576, -1.8973528922433616 
1, 'BL', 5, 6, 'BL', -19.838593668735022, 25.23252799115113, 19.838593668735022, -23.283572906476138 
0, 'BL', 2, 3, 'BL', 55.04730068612446, 2.163125867642293, -53.8581562987585, -2.3058356888318485 
0, 'BL', 4, 5, 'BL', -48.81640182859576, 9.03539703280876, 49.10211995537463, -8.134154312309875 
1, 'BL', 9, 14, 'BL', -3.841112739066716, 7.214193575370473, 3.917364070252546, -7.051996777903469 
0, 'BL', 2, 5, 'BL', 19.649684651442527, 5.951799637123258, -19.436930880354367, -9.391909780499304 
1, 'BL', 9, 10, 'BL', -19.427745776359018, 9.197733835429062, 19.559735034486323, -8.847117918681079 
1, 'BL', 3, 4, 'BL', -27.502839351865816, 9.357364656083405, 28.004563653033387, -9.54712919288363 
0, 'BL', 6, 13, 'BL', 30.43776912624685, 4.816706362300238, -29.918574724486064, -3.79425050867394 
0, 'BL', 2, 4, 'BL', 31.335655876314007, 4.023412121902197, -30.844963065893467, -6.543369711611035 
1, 'BL', 1, 5, 'BL', 18.56281695063764, 4.758247748440056, -18.38223802866638, -9.836112921698486 
1, 'BL', 10, 11, 'BL', -29.7003721182881, 4.065386696488019, 30.364229740332206, -2.5113692258481137 
0, 'BL', 4, 9, 'BL', 13.918095112596035, 10.430541327462947, -13.918095112596035, -9.058718234742173 
1, 'BL', 6, 11, 'BL', 33.84218813962727, 0.7371329532158484, -32.942715935852306, 1.1464743465402876 
1, 'BL', 12, 13, 'BL', -6.895379069429282, -1.9392191222759152, 6.998093075743554, 2.03215084227449 
1, 'BL', 2, 4, 'BL', 31.42677415793196, 4.136845591167344, -30.93265708496091, -6.645587608564028 
0, 'BL', 9, 10, 'BL', -18.57875796992164, 9.18001795401915, 18.70093765315147, -8.855460166124885 
0, 'BL', 3, 4, 'BL', -27.628900849162108, 9.269249758194974, 28.13365304735109, -9.451596960203801 
0, 'BL', 9, 14, 'BL', -5.279095446792667, 7.014634573864271, 5.366718249207878, -6.828249133560348 
0, 'BL', 6, 11, 'BL', 32.89417695360095, 0.5322566620147882, -32.04457280926931, 1.246920683821827 
1, 'BL', 13, 14, 'BL', 21.243670695728653, -1.3394403405352477, -20.5655975418358, 2.720023146466332 
1, 'BL', 2, 3, 'BL', 55.02624953526839, 2.1661395409918214, -53.8379963164123, -2.312603876912476 
0, 'BL', 4, 7, 'BL', -16.50128772500014, -0.3428791134650737, 16.50128772500014, 0.8160222056217208 
0, 'BL', 6, 12, 'BL', 11.240687200362515, 1.6160606136308502, -11.109681320337245, -1.3434008286723156 
0, 'BL', 7, 8, 'BL', -16.50128772834221, -0.8160222056217208, 16.50128772834221, 1.2145692394640264 
0, 'BL', 5, 6, 'BL', -19.471528557358635, 25.277910070284577, 19.471528557358635, -23.352330885501317 
--end of line flow
