--contingency generator
conID,genID,busID,unitID,q(MW) 
1, '1 ', 8, '1 ', 2.9977255232155593
1, '1 ', 1, '1 ', 0.8330050267006066
1, '1 ', 3, '1 ', 22.222756168831317
1, '1 ', 2, '1 ', 18.89484134099179
1, '1 ', 6, '1 ', -1.6013248043227064
--end of contingency generator
--bus
contingency id,bus id,v(pu),theta(deg) 
0, 4, 1.0736097224370347, 24.1530881132278
1, 11, 1.0726622736250677, 26.000332284048046
0, 7, 1.0969729684395961, 27.927071636489394
1, 10, 1.0572906154076402, 23.989169787717323
1, 14, 1.0411002499299813, 23.67970232875521
0, 12, 1.0851439216111707, 24.166530346161636
1, 4, 1.0734145547616174, 27.355529187137993
0, 13, 1.0764198989350873, 23.798209553144204
1, 12, 1.0562996713896948, 26.346828208779907
0, 14, 1.045333437284064, 20.732461303193045
1, 8, 1.099999992991275, 34.30361273060642
0, 6, 1.0999999450369484, 25.10421637242792
1, 5, 1.074717946678021, 28.123011413567347
1, 6, 1.1000000135708072, 28.34433968855507
0, 5, 1.074817100466928, 24.915645164751385
1, 7, 1.0968806329631549, 31.131060827787074
0, 3, 1.0717766824487107, 21.572473803003927
0, 8, 1.099999962560282, 31.098900530691985
1, 1, 1.100000004219483, 30.104342917296766
1, 13, 1.069346642301138, 26.607882809108006
1, 9, 1.0596999379860488, 23.45876261146569
0, 11, 1.0736455254926702, 22.823662903016096
0, 9, 1.0617511109173916, 20.37932201909016
1, 3, 1.0717767849993869, 24.778500732248336
1, 2, 1.098601952123408, 29.79575088062244
0, 1, 1.0999999502848317, 26.898632383233736
0, 2, 1.0986019003533691, 26.5904761648688
0, 10, 1.0590616035270979, 20.879926928335056
--end of bus
--Delta
contingency id,Delta(MW) 
1, 0.00181355196129787 
--end of Delta
--line flow
contingency id,line id,origin bus id,destination bus id,circuit id,p_origin(MW),q_origin(MVar),p_destination(MW),q_destination(MVar) 
1, 'BL', 1, 2, 'BL', 10.7118147122261, -4.074178002468898, -10.69331290125649, -2.2500185606593277 
1, 'BL', 2, 5, 'BL', 22.450107252033007, 5.9387112267913835, -22.181885556889426, -9.205940224066921 
1, 'BL', 4, 9, 'BL', 14.34359924348193, 10.059167938532283, -14.34359924348193, -8.668058760883355 
1, 'BL', 4, 7, 'BL', -37.9082346037413, 1.606475858758131, 37.9082346037413, 0.8926302042513043 
1, 'BL', 6, 13, 'BL', 32.369221948301856, 9.86154816681369, -31.74324797881286, -8.628810011026417 
1, 'BL', 7, 8, 'BL', -37.90823459398432, -0.8926302042494854, 37.90823459398432, 2.997725521639609 
1, 'BL', 4, 5, 'BL', -34.2302559733954, 7.775240384134122, 34.37301878733251, -7.324922624216924 
0, 'BL', 12, 13, 'BL', 4.053281388637174, 0.2683839277688662, -4.022323326211506, -0.24037425224094022 
0, 'BL', 1, 5, 'BL', 20.240138913162696, 4.857605461922049, -20.029806804661774, -9.807808281268422 
0, 'BL', 10, 11, 'BL', -19.76276185210628, 0.7415621157911119, 20.048878064148056, -0.07179562161849162 
0, 'BL', 13, 14, 'BL', 17.918880687541062, 1.2768609967744737, -17.442804738034766, -0.30755220401024985 
0, 'BL', 1, 2, 'BL', 10.697757981452241, -4.069661442522602, -10.679305639693325, -2.254685543855203 
1, 'BL', 5, 6, 'BL', -1.9442381418356758, 24.31404781644386, 1.9442381418356758, -23.186433772971668 
0, 'BL', 2, 3, 'BL', 53.105838185316415, 1.9174616479077713, -51.99972267984933, -2.4162031734510947 
0, 'BL', 4, 5, 'BL', -33.95591366918802, 7.929375597421313, 34.096738350473856, -7.4851713031180225 
1, 'BL', 9, 14, 'BL', 1.5192541096782577, 6.578580849114587, -1.4676547818626204, -6.468822165653023 
0, 'BL', 2, 5, 'BL', 22.455817851019162, 5.874911433207103, -22.187956487984167, -9.143609124096884 
1, 'BL', 9, 10, 'BL', -9.73588285861922, 6.743374883697925, 9.77561420620765, -6.637832636881967 
1, 'BL', 3, 4, 'BL', -26.337289133782036, 9.237804865769021, 26.79995347197857, -9.529535613700546 
0, 'BL', 6, 13, 'BL', 24.603027721161595, 7.653900257739224, -24.24008222720738, -6.939147279698204 
0, 'BL', 2, 4, 'BL', 30.470224620402774, 4.083254322507059, -30.00508835365534, -6.683175497979846 
1, 'BL', 1, 5, 'BL', 20.235150004292123, 4.90718302870448, -20.024560118895096, -9.855797706091721 
1, 'BL', 10, 11, 'BL', -20.44957828816021, 0.6378790414312334, 20.756820513299687, 0.08134111923357068 
0, 'BL', 4, 9, 'BL', 13.920931917842463, 9.663082577067144, -13.920931917842463, -8.361998525573824 
1, 'BL', 6, 11, 'BL', 25.82933740612458, 3.2810879433873197, -25.297198068475126, -2.1667216109123615 
1, 'BL', 12, 13, 'BL', -4.586314875849837, -1.8199418732671973, 4.634520398129666, 1.8635563934251138 
1, 'BL', 2, 4, 'BL', 30.531916452170435, 4.1858564592070024, -30.064357083140777, -6.777713190554778 
0, 'BL', 9, 10, 'BL', -9.052479853641273, 6.837989286391803, 9.088797298841541, -6.741515720864527 
0, 'BL', 3, 4, 'BL', -26.419398013392282, 9.149625677815038, 26.883567925355493, -9.437781779696707 
0, 'BL', 9, 14, 'BL', 0.41318329477084603, 6.2605840001658635, -0.36879673315573314, -6.166167836768068 
0, 'BL', 6, 11, 'BL', 25.090793855367735, 3.0638677497968274, -24.589256058353158, -2.013584871020214 
1, 'BL', 13, 14, 'BL', 16.765203148120108, 0.862593085447088, -16.343946198941893, -0.004897868381704029 
1, 'BL', 2, 3, 'BL', 53.09832201482017, 1.9185353354854442, -51.992513586364055, -2.4185713143834846 
0, 'BL', 4, 7, 'BL', -37.90279324249145, 1.6621344802427984, 37.90279324249145, 0.8356629120265779 
0, 'BL', 6, 12, 'BL', 8.722059875633448, 2.2599547181891353, -8.639596680016183, -2.0883258021460733 
0, 'BL', 7, 8, 'BL', -37.902793668356935, -0.8356629120429488, 37.902793668356935, 2.9396559329431966 
0, 'BL', 5, 6, 'BL', -1.656640511411168, 24.363975970425713, 1.656640511411168, -23.233926890823454 
--end of line flow
