--generation dispatch
bus id,unit id,pg(MW),qg(MVar) 
101, 1, 18.485263560725873, 2.7957550943904685
101, 2, 17.752083435998266, 1.6578968129206457
101, 3, 38.79933774449379, -11.921819293377341
101, 4, 38.79933649704557, -29.832172856307448
102, 5, 8.845162283384598, -0.06416974061694128
102, 6, 10.061563734601556, -2.1257222579819968
102, 7, 59.79499713640092, -31.32097506572564
102, 8, 49.964082648230246, -38.656876520273904
107, 10, 44.14061284090209, -0.13957189975481143
107, 11, 15.543586561011578, -4.793044201117522
107, 9, 33.45512057353707, 10.577916046089976
113, 12, 33.33134119560266, 27.662348322069786
113, 13, 109.57634705983696, 3.689728680889389
113, 14, 134.89945970644962, -30.667799337491186
114, 15, 1.8760717343284136e-10, -31.89049422879732
115, 16, 3.03284429273423, 1.9962543184931014
115, 17, 3.955263441895835, 1.8620854820595962
115, 18, 0.7046311155410128, 3.8202899944795696
115, 19, 2.64312760688612, 3.3468339728481054
115, 20, 4.864682540809893, 3.848091780038012
115, 21, 32.0388688713936, 71.95621833039924
116, 22, 65.57405971092709, -23.54845153825094
118, 23, 426.0924461309668, 67.28956541478316
121, 24, 410.9100756433826, 86.7131628073711
122, 25, 39.765144701690495, -0.23069350733934052
122, 26, 58.762394025565214, 4.266728450063863
122, 27, 55.01432432897118, 1.018657909700773
122, 28, 36.602859241996974, -2.0022031444541915
122, 29, 59.78644586505097, 2.5588827548898196
122, 30, 46.27099235413325, -2.7278303647725584
123, 31, 31.408452837243985, -11.624788139746707
123, 32, 93.99128595831594, 4.833844486999179
123, 33, 73.70557022973905, -20.201560898132765
201, 34, 14.376519675599239, 1.5814270665834467
201, 35, 14.799417560544915, 2.9411485261532504
201, 36, 16.725629520761732, -21.73333747732485
201, 37, 31.764145576905026, -4.119785074999328
202, 38, 12.207851923828382, 1.598026190900597
202, 39, 17.91724696460858, 1.815756267991611
202, 40, 49.833206112719694, -31.837980372132982
202, 41, 51.95798186683967, -26.467499036155136
207, 42, 23.799705717867802, -0.21562725129528343
207, 43, 15.648961790760907, 11.834051949739925
207, 44, 55.24673955809501, 6.2690508499954785
213, 45, 50.99096329821139, 25.31757283043741
213, 46, 126.81249986042481, 15.71174532644647
213, 47, 53.37308874381096, 14.738983617831202
214, 48, 1.905712653818142e-10, -41.579858825837015
215, 49, 7.0575866202566875, 4.015348923825686
215, 50, 2.522712547298115, 1.177366796816786
215, 51, 3.389537184130925, 4.3442462263319905
215, 52, 3.3306821826975956, 2.302608816870869
215, 53, 1.308198154761975, 1.3618914807421107
215, 54, 88.16644610526333, 48.54866908533875
216, 55, 74.98618235345326, 60.389630218084484
218, 56, 482.7099168124553, 80.7829484105468
221, 57, 326.46813910571456, 39.72835002750741
222, 58, 57.376900607337056, 5.763611024158681
222, 59, 51.8537692852214, 0.9790055507791042
222, 60, 57.72914152460992, 4.523814956108397
222, 61, 63.39327151755691, 6.400590513996105
222, 62, 49.23527928869128, 1.0129490922092212
222, 63, 42.945837658912694, 4.1897134910822755
223, 64, 44.79263673824363, -30.510141190312158
223, 65, 44.79264130431339, -27.437980096659075
223, 66, 137.75720400488967, -36.241966075728634
301, 67, 15.212678770760911, -1.498484501378579
301, 68, 13.807523976782504, 4.73474812691387
301, 69, 34.80517713314401, -35.46230757837166
301, 70, 17.757207217863254, -36.10239472688195
302, 71, 15.272741460719645, -2.3090179458440248
302, 72, 22.297931534797232, -1.8355458525999468
302, 73, 34.14334790595129, -32.7519563253969
302, 74, 25.245380163321553, -33.4708330101217
307, 75, 14.301630758674452, 7.245666981374123
307, 76, 13.306957304704726, 11.855276996483855
307, 77, 41.94845108267783, 9.280724992742341
313, 78, 73.46700259146839, 23.88781319579084
313, 79, 33.473503711976164, 22.18750365779468
313, 80, 51.9214797661915, -6.187668738665303
314, 81, 1.914944012525131e-10, -4.7834552593102675
315, 82, 5.45200836620708, 1.9546692394346215
315, 83, 2.7311024628504246, 4.272605147262004
315, 84, 2.4448929853072525, 5.161150574831276
315, 85, 6.594766156355001, 5.307085936277092
315, 86, 2.2172072325847187, 2.3974193447623007
315, 87, 60.63089545837526, 70.2704446690222
316, 88, 64.73211539230226, 67.88333471638595
318, 89, 494.01218356706096, 62.18653372069809
321, 90, 306.8812958166896, 52.58892091975881
322, 91, 52.74639370029423, 2.073082649952869
322, 92, 57.25680508294705, -0.9005952778105288
322, 93, 40.414839979425096, 10.917844625773096
322, 94, 40.145991371177175, -1.8688280669626822
322, 95, 46.74612135968733, 0.10244523225202848
322, 96, 45.99160619888086, 0.13775237585818273
323, 97, 71.50011161930838, 10.933084317255563
323, 98, 119.47350088875874, -18.844685248036516
323, 99, 79.62369960992363, 6.274522930168242
--end of generation dispatch
