--generation dispatch
bus id,unit id,pg(MW),qg(MVar) 
101, 1, 9.126052473073381, 7.574306369910557
101, 2, 18.645589603573693, 2.6557189518219366
101, 3, 22.812090218634733, 12.113465952292543
101, 4, 36.945079486660426, 18.4766242000101
102, 5, 12.354063627834954, 2.813375237782781
102, 6, 13.481650241438503, 7.7089198073267795
102, 7, 54.17073855767711, -0.4956865709518277
102, 8, 54.17073799653702, -10.785575429527091
107, 10, 20.501154032737002, 35.37321326132889
107, 11, 50.59252209631845, -12.315325009836808
107, 9, 31.11818481838727, 11.010814220820452
113, 12, 113.42155705602778, -17.148980320140588
113, 13, 77.70337973161945, -1.383552655636808
113, 14, 139.4966138182493, -13.592417492244653
114, 15, 7.534310041296416e-13, -18.823175265718874
115, 16, 7.344985399226411, 3.417163742128263
115, 17, 7.982594643811023, 1.2647115858874483
115, 18, 3.4639103819107384, 3.091736281221392
115, 19, 0.7357188161750281, 1.3041632416837232
115, 20, 0.5934797636647456, 2.4432744327660862
115, 21, 89.18004220605224, 18.46888956648762
116, 22, 90.60955669937276, -41.548759607662575
118, 23, 351.3727945188971, 30.69479752221486
121, 24, 376.44605043163074, 126.30004155374142
122, 25, 60.36404603715376, 8.559926113953988
122, 26, 62.18846049714225, 1.5519710485496037
122, 27, 62.934058207043876, 8.336418219218219
122, 28, 42.841526862190534, 3.668193025946773
122, 29, 36.36565149850534, 8.72146089655822
122, 30, 58.28263440025361, 8.851856623563009
123, 31, 115.11054544372901, -54.428640902120975
123, 32, 22.841731307373344, -21.269379506103903
123, 33, 100.8159280451218, -38.48768660187067
201, 34, 21.514008015733555, 1.65591497590481
201, 35, 15.465797389224061, 2.3865257652009118
201, 36, 13.335932206096299, -24.04426742158689
201, 37, 36.374760865256775, -22.84942917920263
202, 38, 17.822037073427435, -0.8742949848442368
202, 39, 16.45490211116048, 3.1529689174583977
202, 40, 21.35250540845452, -8.792299014297578
202, 41, 14.83232077800524, -6.301636549143259
207, 42, 24.71513555056053, -6.013404829026738
207, 43, 39.96000212287874, 12.042400791415051
207, 44, 8.64167233250926, 25.709725057556078
213, 45, 123.57415085281667, -9.455598364764663
213, 46, 18.29117997656819, 23.33310421085006
213, 47, 81.26759637052118, 14.42544116539336
214, 48, 7.929604673890677e-13, 107.85281125817654
215, 49, 6.135581141021256, 4.531038341983422
215, 50, 3.236397369202824, 4.526141754056211
215, 51, 3.778868264129448, 2.765247842058697
215, 52, 2.8661118322823773, 2.4500262053787294
215, 53, 1.1870884502906502, 3.77431589235632
215, 54, 97.30042074298575, 2.8671802975343117
216, 55, 18.39435824176893, 65.98156225051956
218, 56, 322.63794446034126, 65.28979837198742
221, 57, 305.9120804006347, 35.91026617047995
222, 58, 55.85922331637431, 7.070935763238615
222, 59, 45.17893352866833, 2.8698779276830275
222, 60, 40.95340727683816, -1.2549207210206503
222, 61, 50.18176449085314, 3.0238382832404445
222, 62, 42.53952114232539, 10.663178921033918
222, 63, 48.12961956108648, -1.101550017047319
223, 64, 63.56636411538955, 2.892833849291849
223, 65, 40.2287267197648, 4.207842823025293
223, 66, 155.56366164161793, 34.79867078948773
301, 67, 11.343657725978991, 0.34334708854207
301, 68, 15.92475937678411, 5.022141776339289
301, 69, 6.9061887606450645, -47.127071649761234
301, 70, 36.69170176920581, -29.001308636475205
302, 71, 12.379597606969197, 3.782191684755277
302, 72, 10.086764180274654, -0.09491667600477993
302, 73, 22.127234464354782, -24.218951508968157
302, 74, 28.755726378904054, -7.455642257159815
307, 75, 13.55370721057717, 2.4507022288718443
307, 76, 90.01717525071444, 7.728494618093609
307, 77, 27.888486456558947, 12.467987064906303
313, 78, 130.29784215813413, 35.187099449336955
313, 79, 49.63515610946164, -8.01023653936245
313, 80, 21.05281060945211, 18.575762801797456
314, 81, 7.792166854230094e-13, -25.816577091407925
315, 82, 2.010672588035144, 1.596474126806189
315, 83, 7.225134488921021, 4.8164280552875205
315, 84, 2.757595041080354, 2.2348690878730557
315, 85, 4.3752590687028885, 1.5215215259765529
315, 86, 6.28708247778943, 5.451084127194126
315, 87, 44.609215284052254, 65.15060179909798
316, 88, 41.06409643011768, 49.588434909817764
318, 89, 334.3439607611343, 47.03641820350664
321, 90, 412.1798555066073, 47.44371018364122
322, 91, 57.477656250031345, 3.074376092210453
322, 92, 38.77184092873115, 2.912351446629517
322, 93, 56.82146033845251, 4.608910607409503
322, 94, 35.60748478970831, 2.779748412182782
322, 95, 41.86989821833899, -7.779213048197287
322, 96, 45.48218318601479, 5.749121325977884
323, 97, 73.72779776710955, 0.07724590731629619
323, 98, 46.896407490648606, -14.268839516925295
323, 99, 267.447356167959, 66.17759296016038
--end of generation dispatch
