--contingency generator
conID,genID,busID,unitID,q(MW) 
1, '1 ', 8, '1 ', 3.643839924160445
1, '1 ', 1, '1 ', -4.634754318658853
1, '1 ', 3, '1 ', 26.25150985149442
1, '1 ', 2, '1 ', 29.225448504759324
1, '1 ', 6, '1 ', 2.9226567395324263
--end of contingency generator
--bus
contingency id,bus id,v(pu),theta(deg) 
0, 4, 1.0635486861197323, 75.41431261720201
1, 11, 1.0691412733899923, 109.73394011056946
0, 7, 1.0942693671333177, 75.56576130853256
1, 10, 1.0484959053566698, 107.43933352821824
1, 14, 1.035020828406297, 107.11982131134236
0, 12, 1.083845932269277, 76.02275834332356
1, 4, 1.0633309809019234, 110.4987346862192
0, 13, 1.0742706678677436, 75.70944558030823
1, 12, 1.0522502770513593, 109.95753109776635
0, 14, 1.0396268464380707, 72.32248287464472
1, 8, 1.100000000045452, 110.77757352433295
0, 6, 1.1000000000454382, 77.06292403791471
1, 5, 1.0674067092106776, 111.85074156580437
1, 6, 1.1000000000454364, 112.18833540576095
0, 5, 1.0675187128721066, 76.76071302133774
1, 7, 1.094167561770196, 110.65089145877197
0, 3, 1.0615667948944167, 73.00170781417538
0, 8, 1.1000000000454542, 75.69187965922647
1, 1, 1.1000000000455141, 116.22060803902716
1, 13, 1.0665451489057012, 110.35585377615331
1, 9, 1.0476273453528153, 106.72958054805281
0, 11, 1.0702259807096552, 74.67869668358524
0, 9, 1.0498763234160873, 71.78425042315611
1, 3, 1.0615667948944183, 108.09086888192559
1, 2, 1.0885272962357933, 113.63123643153655
0, 1, 1.100000000045527, 81.13210683793264
0, 2, 1.088527296235791, 78.54322404621048
0, 10, 1.0504423014252486, 72.45991282501457
--end of bus
--Delta
contingency id,Delta(MW) 
1, 0.0021941814240514497 
--end of Delta
--line flow
contingency id,line id,origin bus id,destination bus id,circuit id,p_origin(MW),q_origin(MVar),p_destination(MW),q_destination(MVar) 
1, 'BL', 1, 2, 'BL', 89.48550321449352, -9.10914118610981, -88.1973515408921, 6.719544323023683 
1, 'BL', 2, 5, 'BL', 22.75692631036631, 4.041256026484575, -22.490183968323265, -7.247787440477509 
1, 'BL', 4, 9, 'BL', 13.587643081279019, 10.257179278612057, -13.587643081279019, -8.918504828309693 
1, 'BL', 4, 7, 'BL', -1.5107271099768935, -3.5942965399137847, 1.5107271099768935, 3.621188103008876 
1, 'BL', 6, 13, 'BL', 34.485098145497204, 11.198608106902157, -33.76639708285694, -9.783261358147229 
1, 'BL', 7, 8, 'BL', -1.5107271099768798, -3.6211881030087625, 1.5107271099768798, 3.643839924160602 
1, 'BL', 4, 5, 'BL', -60.53648681341724, 9.650329318657441, 60.98017455035961, -8.250801932691047 
0, 'BL', 12, 13, 'BL', 4.0213017388318235, 0.7562838005259209, -3.9898149136902816, -0.7277957206359815 
0, 'BL', 1, 5, 'BL', 41.920861150173934, 4.41920704435239, -41.111725480710746, -6.8590393599878325 
0, 'BL', 10, 11, 'BL', -22.913744094384583, -0.5925135201638341, 23.304419970727622, 1.5070426556812322 
0, 'BL', 13, 14, 'BL', 19.727947879334423, 1.5650390463080726, -19.1478793389211, -0.3839973717357168 
0, 'BL', 1, 2, 'BL', 89.46969661455171, -9.104743931742632, -88.18200632447974, 6.7137383966523885 
1, 'BL', 5, 6, 'BL', -2.945378158722286, 20.58864021971658, 2.945378158722286, -19.75752598614349 
0, 'BL', 2, 3, 'BL', 57.30351823460903, 1.3555693838075058, -55.99509411996294, -0.9060235831857426 
0, 'BL', 4, 5, 'BL', -60.2401437146267, 9.815258395871751, 60.67980453511723, -8.428433141125424 
1, 'BL', 9, 14, 'BL', -0.3527600991523343, 5.0597217275262665, 0.3825538530397239, -4.996346421287058 
0, 'BL', 2, 5, 'BL', 22.75960764135644, 3.971025979129422, -22.493215481045013, -7.179040246257273 
1, 'BL', 9, 10, 'BL', -14.425866723617673, 4.45351198966091, 14.491931416067018, -4.278017915094551 
1, 'BL', 3, 4, 'BL', -24.21232743122178, 8.25294031756141, 24.608808708633916, -8.685860896988174 
0, 'BL', 6, 13, 'BL', 25.906995832679456, 8.823584575151017, -25.497506515784323, -8.01717228018606 
0, 'BL', 2, 4, 'BL', 37.202502154756615, 2.1243882149797173, -36.515341286016394, -3.976620232314417 
1, 'BL', 1, 5, 'BL', 41.91602545735253, 4.47438686745096, -41.10670499902412, -6.9128681265410705 
1, 'BL', 10, 11, 'BL', -23.663663351461764, -0.6933423618892789, 24.081957451205852, 1.6725227121373791 
0, 'BL', 4, 9, 'BL', 13.117685677018473, 9.828305583679196, -13.117685677018473, -8.58789300006103 
1, 'BL', 6, 11, 'BL', 27.46642631372984, 4.492645821584404, -26.858406395440255, -3.2193760621845513 
1, 'BL', 12, 13, 'BL', -5.494182140147302, -1.4393213833868117, 5.5585442263377445, 1.4975537470829465 
1, 'BL', 2, 4, 'BL', 37.273498274235806, 2.2374384106074103, -36.583279093313564, -4.079603602520251 
0, 'BL', 9, 10, 'BL', -13.682044305434658, 4.53814520464789, 13.742012158989553, -4.378846756820849 
0, 'BL', 3, 4, 'BL', -24.309618527659467, 8.15834716707559, 24.70790266253428, -8.586962644250207 
0, 'BL', 9, 14, 'BL', -1.5665399215959894, 4.734104239326086, 1.5952150718122198, -4.673108352964164 
0, 'BL', 6, 11, 'BL', 26.65266265104853, 4.25130360846191, -26.080868914961854, -3.053896005728234 
1, 'BL', 13, 14, 'BL', 18.44847930637873, 1.1057786565503989, -17.93521812014859, -0.06075930341276603 
1, 'BL', 2, 3, 'BL', 57.292238109589604, 1.3571169033411934, -55.984321781265834, -0.9097104187065952 
0, 'BL', 4, 7, 'BL', -1.504144565704627, -3.5322335451380695, 1.504144565704627, 3.558296894287423 
0, 'BL', 6, 12, 'BL', 9.615263454967618, 2.403274318511876, -9.515483878979182, -2.195605183912562 
0, 'BL', 7, 8, 'BL', -1.5041445657047068, -3.558296894288219, 1.5041445657047068, 3.5802510782621084 
0, 'BL', 5, 6, 'BL', -2.6369561490716213, 20.64369546737555, 2.6369561490716213, -19.811702288613787 
--end of line flow
