--generation dispatch
bus id,unit id,pg(MW),qg(MVar) 
101, 1, 9.094352382414668, 3.0703464793135096
101, 2, 16.01061265454146, 2.901205263640222
101, 3, 24.746758287050856, -20.56113808918726
101, 4, 54.45862533708178, -16.29828558539206
102, 5, 14.692210976582185, 5.515098025002843
102, 6, 13.73065892136701, 6.809854949294581
102, 7, 48.66542789016389, -5.549699472414384
102, 8, 43.459426241035445, -19.77682623769442
107, 10, 30.77641048245069, 4.959612238551898
107, 11, 2.8972375335706397, -8.704352442046218
107, 9, 13.084564800471385, -9.4091544910386
113, 12, 3.3650681639276354, 14.133872071191428
113, 13, 99.27788716580528, 6.948839948007778
113, 14, 18.210941540548912, 17.42575401137023
114, 15, -9.277629050253928e-13, -23.80914538067682
115, 16, 1.1644285488727297, 4.054136905999777
115, 17, 2.5112202064508744, 2.822797228028627
115, 18, 2.8131247618229525, 3.58862409035416
115, 19, 4.338625197275634, 4.183712290414212
115, 20, 4.239308538562961, 3.648622770741723
115, 21, 20.391166757678782, 50.92895905846124
116, 22, 62.37554167292191, -2.5449615488836628
118, 23, 498.2035350687632, 72.51998239039732
121, 24, 357.23653978714844, 124.9289946706712
122, 25, 42.65582474990408, 2.6945904497274684
122, 26, 64.78885778569278, -1.6330280223672835
122, 27, 56.32390837994063, -1.7924270656233423
122, 28, 47.393034632491265, -0.3925372744233069
122, 29, 45.59068185154939, -1.0338922499236984
122, 30, 48.11599181609819, -0.8207251243111796
123, 31, 102.27785243923194, 6.7546940335272785
123, 32, 100.81344015766996, -78.15085903345567
123, 33, 274.9345666398736, -25.091091487585988
201, 34, 16.77892036561989, 3.8110769254509043
201, 35, 16.242472537339253, -1.7480565422600016
201, 36, 12.152072912435147, -15.804362219127578
201, 37, 10.453101093795103, -14.389710569838625
202, 38, 13.540139378578091, 1.3057987697517712
202, 39, 19.709842817397483, 3.3151984047513285
202, 40, 41.38427278278175, -27.308522553930512
202, 41, 40.69165866212577, -19.85777772609662
207, 42, 17.548109780860273, 11.954263117451836
207, 43, 3.9529541845966136, 5.788747550684372
207, 44, 18.236736746135122, 7.954922101197494
213, 45, 61.99666851053759, 2.1936351246616868
213, 46, 84.18921579165755, 7.062685375419445
213, 47, 136.4068600497026, 27.306265059194065
214, 48, -9.745592315787074e-13, 90.45529709341244
215, 49, 0.03175748004362007, 4.805264896554141
215, 50, 5.010050246839522, 3.3358070141573557
215, 51, 8.715389462850721, 3.9980890598905976
215, 52, 5.203458113645808, 3.6138850989801568
215, 53, 3.6076069448300565, 4.488317768864646
215, 54, 77.19253952283172, 2.494040402594753
216, 55, 114.7588364732899, 36.69840113127213
218, 56, 303.08850027831886, 47.19752118326782
221, 57, 341.14956973595156, 35.783031736673955
222, 58, 53.530629508736055, -1.2501061883606586
222, 59, 59.05296517170824, 7.835922097418038
222, 60, 39.21070659400755, -0.4959318763464924
222, 61, 57.42227742083228, 9.925988576212633
222, 62, 41.91622540222339, 3.8547968390189857
222, 63, 45.531834779380326, 0.4063729753714017
223, 64, 32.54667092430301, -58.58322890881891
223, 65, 56.62157957128441, 8.93509463034912
223, 66, 113.6653267776953, 61.33304318421918
301, 67, 10.256378191939849, 1.8747989925456898
301, 68, 9.594714511790466, 2.4493143430134654
301, 69, 38.343768627653084, -21.203816878829738
301, 70, 25.33552702959174, -26.618954487535603
302, 71, 13.43106995494955, 0.41861957647779635
302, 72, 14.558428873984639, -4.035732572353944
302, 73, 27.86135351762572, -5.943678826780469
302, 74, 44.30498142873204, -35.28750123697667
307, 75, 28.494603351084823, 7.674794986689858
307, 76, 35.53269771286139, 23.713079430973178
307, 77, 81.39203906293228, -17.847607084573163
313, 78, 7.281875731865678, 15.699283525674623
313, 79, 47.211195967212966, 8.302525532171032
313, 80, 50.21534198601402, -5.841533587291757
314, 81, -9.804393519346014e-13, -21.163121581385173
315, 82, 7.025508831746969, 5.037969090605271
315, 83, 1.7086184248909775, 4.29091287985276
315, 84, 5.712772177542873, 3.575593197258448
315, 85, 5.755902038152541, 2.9744609392366903
315, 86, 0.7465200590381067, 3.410804368484646
315, 87, 61.16769752837442, 60.874695267025054
316, 88, 36.28837711163364, 60.82590142158945
318, 89, 329.3422994111817, 50.60269103858371
321, 90, 363.7625549405454, 53.17811947953946
322, 91, 54.22300405461323, -0.860739607519367
322, 92, 45.14081679644044, 2.4755624857701846
322, 93, 45.170611898749875, 3.18352872455306
322, 94, 49.73901335276645, 3.7943662536651273
322, 95, 49.770023293196964, 4.993207812073761
322, 96, 37.616841773371945, -0.1345357306889688
323, 97, 62.09060925351514, 8.170645834824933
323, 98, 21.86757853253347, 0.21682170157770841
323, 99, 176.40863096365797, 11.808072859820225
--end of generation dispatch
