--generation dispatch
bus id,unit id,pg(MW),qg(MVar) 
101, 1, 22.049821902376724, -2.0297286062150603
101, 2, 15.37566453660683, 0.6305201458964358
101, 3, 22.60929220658101, -22.54295838270125
101, 4, 26.378919930542896, -10.988297978648824
102, 5, 18.11706250978635, 2.1319796180005453
102, 6, 13.877433923126603, 3.4223433069715905
102, 7, 31.020693029144216, -47.83182880103861
102, 8, 31.00354129643711, -12.562865036412964
107, 10, 36.96154807263923, -0.3249055010512101
107, 11, 33.41952013640794, 17.563749014668254
107, 9, 30.28687260190724, 3.369578842199998
113, 12, 50.833976111466434, -7.938098267494959
113, 13, 28.262561267324013, -18.38028601551035
113, 14, 79.11843035705316, 3.3757014607674747
114, 15, -1.42895806736181e-13, -28.729437495582914
115, 16, 2.7127898085063893, 0.9356747428319311
115, 17, 0.9064196354098155, 2.5192588335637542
115, 18, 0.9207649258531623, 1.2299905607609969
115, 19, 3.201907604476184, 4.113975766975334
115, 20, 1.2162193158549994, 3.8781649639868077
115, 21, 67.92287551563444, 67.92182579735208
116, 22, 72.93491491211307, 27.92661256774382
118, 23, 477.2120813088366, 47.90551146009044
121, 24, 309.64235563018946, 84.4603532592756
122, 25, 64.83266804726473, -0.763720837915045
122, 26, 49.88201718848587, 0.8927036373706866
122, 27, 37.73348624425829, 0.6637535681212718
122, 28, 45.535901968831546, 8.579484017803294
122, 29, 43.61124242426898, -2.8022102597396574
122, 30, 40.15151967187404, 3.1183741339044757
123, 31, 85.40057841424176, -11.399056973408808
123, 32, 85.325559379517, -26.983400745038935
123, 33, 136.18959288452893, 7.584750628574049
201, 34, 18.62984269960734, 3.4364644585655215
201, 35, 15.75415493502196, -2.1526549667778183
201, 36, 27.666187914190523, -22.632844219763204
201, 37, 45.57371600126997, -32.123751145730175
202, 38, 11.87369231258008, 4.071653564815059
202, 39, 10.97199912037027, 0.6149815085282109
202, 40, 49.654318689179036, -13.756728554328186
202, 41, 16.58060526956757, -30.606848914571973
207, 42, 40.25565026854361, -10.504776926960227
207, 43, 25.243507156963478, 20.19353583088405
207, 44, 1.276858199537973, 7.970161938168187
213, 45, 65.69160280629745, 20.27461828336401
213, 46, 71.20940389646228, 9.932476265826748
213, 47, 39.85346225703631, 26.897853779788132
214, 48, -1.4755620447269366e-13, 7.726123400510611
215, 49, 1.818252263518143, 4.069578169657306
215, 50, 3.352031994108517, 4.030770243391241
215, 51, 4.185523696261861, 1.9275799237739073
215, 52, 2.0292949115500387, 2.5650006532987457
215, 53, 4.739724394971365, 4.890310316654971
215, 54, 115.17271082273888, 73.91377357199657
216, 55, 119.76887921871894, 48.4742365595635
218, 56, 355.9219133231831, 72.69185302931591
221, 57, 349.0463215013308, 31.14142983325712
222, 58, 42.175699215832715, -4.552500886728159
222, 59, 42.11085407363708, -0.04835947188799703
222, 60, 47.65836775241822, 9.023300320928584
222, 61, 59.143394124986735, 2.414810869105871
222, 62, 44.56400330094483, 6.051178064246903
222, 63, 44.50929552924757, 0.2450745778210107
223, 64, 119.32719723099423, -40.14027927995031
223, 65, 119.45132979531503, 7.627534946964837
223, 66, 170.47053865273367, 58.602800483125456
301, 67, 11.03421022697966, -3.551137009898674
301, 68, 13.51421376920839, 5.3198735108480495
301, 69, 14.420914505138144, -18.159243079078497
301, 70, 50.99701590249627, -19.835047986887307
302, 71, 15.961502764202168, -1.7123763216437289
302, 72, 18.630562109474816, -0.3329053784629611
302, 73, 11.043048850809951, -35.66568147250623
302, 74, 51.09072647662971, -11.046782838305674
307, 75, 47.514957712795855, 25.952628236246447
307, 76, 33.93540534615034, -10.853540080999322
307, 77, 17.31905037956143, -5.90430500884291
313, 78, 131.4348395458571, -3.688562732600006
313, 79, 73.64746771559673, -19.471796385798125
313, 80, 26.28959689470758, 38.3803917048131
314, 81, -1.4128343025405005e-13, 13.543731108361309
315, 82, 4.919753085790897, 1.5517485136045805
315, 83, 6.468812024682851, 2.0441817039604837
315, 84, 8.066077628215444, 2.3231551911365003
315, 85, 3.260293875261315, 1.7074919777397601
315, 86, 1.4857199249184003, 4.009863616116374
315, 87, 103.58776987614044, 58.8167712093211
316, 88, 107.68065892105886, 40.67281903660511
318, 89, 317.5687042903462, 71.47658623266862
321, 90, 390.4643684903481, 26.18626094616351
322, 91, 41.93729608785213, -4.723688982374339
322, 92, 39.89446428246375, 0.8071801742650849
322, 93, 46.6703194724299, 4.031060354227185
322, 94, 35.90210397210825, -0.18093690129928675
322, 95, 41.00454054984906, 5.920845026748224
322, 96, 63.41239946677984, 4.745905314884454
323, 97, 105.50876811731263, -17.41336542504302
323, 98, 106.64025356913758, -7.648475752535388
323, 99, 144.03866257589024, -23.964554393795137
--end of generation dispatch
