--contingency generator
conID,genID,busID,unitID,q(MW) 
1, '1 ', 8, '1 ', 6.548462098373714
1, '1 ', 1, '1 ', -8.909237748505808
1, '1 ', 3, '1 ', 12.039158018676359
1, '1 ', 2, '1 ', 37.14252558769659
1, '1 ', 6, '1 ', -11.532753169619937
--end of contingency generator
--bus
contingency id,bus id,v(pu),theta(deg) 
0, 4, 1.070695469326304, 61.32558302301407
1, 11, 1.0822310771677837, 57.87653565805607
0, 7, 1.0900892813725247, 60.52285285211915
1, 10, 1.0755156251899123, 55.9714771977964
1, 14, 1.058494394568859, 55.3168128245584
0, 12, 1.0838877373011664, 62.880277368154665
1, 4, 1.0704606556848753, 57.15020824383967
0, 13, 1.0781337094213683, 62.48795772303507
1, 12, 1.0501956626120958, 57.210026709424234
0, 14, 1.0623361367724642, 59.77768649675962
1, 8, 1.09999999999636, 56.86069152292218
0, 6, 1.1000000000411068, 64.18875801647212
1, 5, 1.0737392822636036, 58.30521979566861
1, 6, 1.1000000000400234, 60.10342155101145
0, 5, 1.0738398112293253, 62.467903359060195
1, 7, 1.0895677423965666, 56.28913664039667
0, 3, 1.070159923618349, 60.04623498989942
0, 8, 1.0999999999963181, 61.093301558988365
1, 1, 1.1000000000251848, 61.1183420730613
1, 13, 1.0704454839803004, 57.804155786659045
1, 9, 1.0806469928216411, 55.4669886629257
0, 11, 1.082765533219763, 62.03616605845131
0, 9, 1.0816251646443849, 59.73311475568801
1, 3, 1.0701599236184818, 55.88072299534392
1, 2, 1.09619512314023, 59.52850975451634
0, 1, 1.100000000024331, 65.28393444010398
0, 2, 1.0961955792253024, 63.69511733685366
0, 10, 1.0763995835682618, 60.205409236798786
--end of bus
--Delta
contingency id,Delta(MW) 
1, 0.0032976331013142685 
--end of Delta
--line flow
contingency id,line id,origin bus id,destination bus id,circuit id,p_origin(MW),q_origin(MVar),p_destination(MW),q_destination(MVar) 
1, 'BL', 1, 2, 'BL', 53.38613618644399, -12.822075196275364, -52.914806311269786, 7.894375366746544 
1, 'BL', 2, 5, 'BL', 17.28453501784864, 6.571201884714583, -17.10748344042713, -10.104015644309357 
1, 'BL', 4, 9, 'BL', 6.304796665890965, 4.871422475476663, -6.304796665890965, -4.582110271979474 
1, 'BL', 4, 7, 'BL', 8.570197065479723, 2.667181657783999, -8.570197065479723, -2.526556561890743 
1, 'BL', 6, 13, 'BL', 39.197615876295686, 5.779328335073728, -38.3393859259391, -4.08920564976836 
1, 'BL', 7, 8, 'BL', -6.787227063254337, -6.418971748257263, 6.787227063254337, 6.548462098373534 
1, 'BL', 4, 5, 'BL', -52.23613121934386, 8.780379722883026, 52.563006734099076, -7.74931396061038 
0, 'BL', 12, 13, 'BL', 3.361069134904085, -0.5809282478215891, -3.3391912507037773, 0.6007225240028333 
0, 'BL', 1, 5, 'BL', 27.67519627597568, 3.8606081990927237, -27.312318335658617, -8.175924694921719 
0, 'BL', 10, 11, 'BL', -17.570952899752143, 4.248232012138033, 17.802369655560113, -3.7065109117355632 
0, 'BL', 13, 14, 'BL', 14.619566242374034, -1.918328710192327, -14.299856435139276, 2.5692700728194495 
0, 'BL', 1, 2, 'BL', 53.353012441368264, -12.813075203826884, -52.88227658999767, 7.88355909218717 
1, 'BL', 5, 6, 'BL', -15.779204113473401, 24.055765956873813, 15.779204113473401, -22.48423560910004 
0, 'BL', 2, 3, 'BL', 39.21004836101551, 3.679198797611548, -38.593267317799786, -6.220367982366497 
0, 'BL', 4, 5, 'BL', -51.60794972492795, 8.908885102322984, 51.927350050904806, -7.901398381207855 
1, 'BL', 9, 14, 'BL', 4.317652372753173, 6.825541789255851, -4.246652045742053, -6.6745145811898965 
0, 'BL', 2, 5, 'BL', 17.309263480481576, 6.501023616422117, -17.132379673320003, -10.034724839252135 
1, 'BL', 9, 10, 'BL', -8.426069005165687, 9.78767182888214, 8.4715033865225, -9.666980058223544 
1, 'BL', 3, 4, 'BL', -12.872650147475838, 4.28681322801026, 12.98435073297054, -5.468041292814405 
0, 'BL', 7, 9, 'BL', 14.772479363297593, 8.488904806523124, -14.772479363297593, -8.220162161274857 
0, 'BL', 6, 13, 'BL', 29.09691858639428, 4.089799786310778, -28.62492623616464, -3.1602995071815485 
0, 'BL', 2, 4, 'BL', 29.707083088880097, 4.589395756749354, -29.259041132436636, -7.221583524013113 
1, 'BL', 1, 5, 'BL', 27.658560696406212, 3.912837447768993, -27.295773658987315, -8.227998098758576 
1, 'BL', 10, 11, 'BL', -18.27418015577527, 4.3810733599106015, 18.524670731307197, -3.7947025513495873 
0, 'BL', 4, 9, 'BL', 5.97167056120052, 4.7166581892183785, -5.97167056120052, -4.452862672082148 
1, 'BL', 6, 11, 'BL', 22.935039813103373, -0.6731253605573784, -22.521783286107905, 1.538536217784042 
1, 'BL', 12, 13, 'BL', -7.9033015837148355, -1.8740552908182622, 8.035452176653735, 1.9936201130010431 
1, 'BL', 2, 4, 'BL', 29.837936138818236, 4.696060381318148, -29.385436175432545, -7.313865048147363 
0, 'BL', 9, 10, 'BL', -7.726752025498797, 9.644443233321681, 7.768276130499146, -9.534138710450634 
0, 'BL', 3, 4, 'BL', -13.024445681478852, 4.201961730642779, 13.137952166381382, -5.378902362734834 
0, 'BL', 9, 14, 'BL', 2.700264522959543, 6.44705207301547, -2.647183015183913, -6.334140594198971 
0, 'BL', 6, 11, 'BL', 22.186181872276563, -0.6405471181254256, -21.799482210360907, 1.4503445781698474 
1, 'BL', 13, 14, 'BL', 12.959382504791009, -2.3823201566040666, -12.700387404581036, 2.9096440598104323 
1, 'BL', 2, 3, 'BL', 39.199108523907526, 3.6808176097340493, -38.58265442156295, -6.223362014424765 
0, 'BL', 4, 7, 'BL', 7.995145199347276, 2.5120201103873114, -7.995145199347276, -2.389479498271726 
0, 'BL', 6, 12, 'BL', 11.398869540810779, 1.5730566150810432, -11.26437071861892, -1.2931270429965025 
0, 'BL', 7, 8, 'BL', -6.77733416395047, -6.099425308251057, 6.77733416395047, 6.222663041810392 
1, 'BL', 7, 9, 'BL', 15.35742412873417, 8.94552831014812, -15.35742412873417, -8.652819273431078 
0, 'BL', 5, 6, 'BL', -15.102106520715065, 24.086486168575675, 15.102106520715065, -22.552137338412592 
--end of line flow
