--generation dispatch
bus id,unit id,pg(MW),qg(MVar) 
101, 1, 15.840533671335308, 6.08979659987673
101, 2, 14.82493122395409, 3.770055796585834
101, 3, 48.83673640663582, -2.266561264527041
101, 4, 39.021449866110736, -11.076862610304367
102, 5, 19.94557954285566, 4.531789693130056
102, 6, 20.02514082899589, 6.784786141433378
102, 7, 57.106023191145944, -1.507057972021799
102, 8, 57.106024895678644, -2.1749196766365246
107, 10, 15.35842061032904, 20.783951593954622
107, 11, 27.878246789233632, 11.108686823780172
107, 9, 6.351121947882447, -5.967133658464737
113, 12, 109.90701341969323, -11.435680983542504
113, 13, 86.73929550892336, 9.840641128835511
113, 14, 48.26859512086857, 18.273885854883254
114, 15, -6.275749257739312e-15, 22.31885807259744
115, 16, 3.4769735353931144, 4.132530237590589
115, 17, 6.633837328617857, 2.5951504595955277
115, 18, 7.689880795676851, 1.704111342142696
115, 19, 3.0431699358418025, 4.131106886792312
115, 20, 3.957684573468494, 4.9160194542263245
115, 21, 79.24518621891472, 45.70640855460916
116, 22, 35.92719552126665, -21.955999918401847
118, 23, 396.5408244980044, 26.30271030555282
121, 24, 421.07651005215723, 130.89344199966496
122, 25, 55.67866811854322, -1.1174581961483887
122, 26, 53.74574308376316, 1.8300120379913105
122, 27, 60.179451271887174, 6.8708903288513055
122, 28, 42.88346679042582, 3.169318034136355
122, 29, 42.24488962534371, 1.0714814176357674
122, 30, 46.04867489402671, 5.035300475744241
123, 31, 61.99294963290199, -91.00212006322461
123, 32, 40.90852117578115, -17.153208139339842
123, 33, 73.94400005227308, -83.82218246636414
201, 34, 13.720668599571122, 0.33143196964116883
201, 35, 19.935611297090453, 4.671887611943723
201, 36, 17.89737257798009, -14.27015496508714
201, 37, 16.268956364103786, -12.287328419866345
202, 38, 13.653778796617894, 4.0718283457702835
202, 39, 18.118628165761884, -0.8696954384845584
202, 40, 16.59456458915868, -30.473257408431532
202, 41, 24.844742338026773, -10.226660620652192
207, 42, 9.827668720291845, 33.59227231896351
207, 43, 43.450077252829274, -17.091908494569566
207, 44, 51.11166192325189, 16.462197225177334
213, 45, 128.19335701680404, -14.683257542724435
213, 46, 27.43941533350749, 19.747226743241203
213, 47, 55.17821584886999, -12.274317511976845
214, 48, -6.33304474835063e-15, 78.44157463377815
215, 49, 1.5609705600261505, 3.559928150103281
215, 50, 7.444836233307273, 2.360321529753468
215, 51, 0.12834938877524904, 3.925810617101684
215, 52, 5.170699187938766, 4.434870904338582
215, 53, 7.371507311661394, 1.8202220806359872
215, 54, 55.08111965693184, -20.42317790056659
216, 55, 70.03671505713844, 37.72135670463811
218, 56, 440.1852194140693, 89.6399330694518
221, 57, 404.7287433037949, 56.534337024052846
222, 58, 46.5907328026276, 3.3089072687233743
222, 59, 49.64189723459072, 3.7768717431722476
222, 60, 50.19817402911372, 5.000548292774799
222, 61, 53.00510175385511, 3.9633674826412713
222, 62, 56.23698200889866, 8.016072925659879
222, 63, 40.00542328319511, 1.5478998795767436
223, 64, 49.76170480914099, -20.251818445584803
223, 65, 22.554573132013438, 40.861122560980434
223, 66, 183.17842164074924, -6.736409762676954
301, 67, 12.554564348322385, -1.122677693627286
301, 68, 21.51716886260815, -2.954600026599352
301, 69, 5.156617634370945, -22.97251261665798
301, 70, 33.6251400554627, -14.514451847243208
302, 71, 14.056270525309273, 1.142918921938677
302, 72, 20.578543454700053, -3.9069446140605524
302, 73, 6.041424832715984, -7.431772576490054
302, 74, 39.03764317155282, -29.664396337291272
307, 75, 12.216151497697018, 25.910199522431945
307, 76, 2.9024445951394173, 9.088290388577862
307, 77, 38.87773130311988, -4.639565744313658
313, 78, 48.152135717765326, -4.558407179741021
313, 79, 59.13707246643154, -18.59900240423755
313, 80, 84.38910833455284, 35.29308546580119
314, 81, -6.703656144939229e-15, 71.9266657451709
315, 82, 1.422716487956031, 4.197943732544285
315, 83, 2.8678739339976995, 4.146844956352042
315, 84, 3.163507021006888, 4.071857105026916
315, 85, 0.5635411783427121, 3.799275350945188
315, 86, 5.48067663588811, 1.8405731336120763
315, 87, 60.33977164218738, 58.759997613604604
316, 88, 18.37607845079649, 5.5283403516370315
318, 89, 369.3027824603069, 83.86855908222165
321, 90, 390.58262825682, 147.62916472862355
322, 91, 40.00902565056261, 4.355807236651663
322, 92, 35.60669826669422, 1.4810962312027187
322, 93, 55.548311621880046, -1.2737883460479704
322, 94, 61.50632127513913, 9.688877287843448
322, 95, 58.100375566629594, 1.464279374518635
322, 96, 38.32906106812683, 5.256851239724529
323, 97, 87.90511561389965, 23.748569851211464
323, 98, 56.37792831857863, 52.161222090048575
323, 99, 17.44881343935758, 59.56335393063772
--end of generation dispatch
