--contingency generator
conID,genID,busID,unitID,q(MW) 
1, '1 ', 8, '1 ', 1.801811824353935
1, '1 ', 1, '1 ', 2.221205896762252
1, '1 ', 3, '1 ', 17.97852997615608
1, '1 ', 2, '1 ', 15.425492144027318
1, '1 ', 6, '1 ', -5.04635770737665
--end of contingency generator
--bus
contingency id,bus id,v(pu),theta(deg) 
0, 4, 1.0714390961009297, 56.58232743090104
1, 11, 1.0783226187729196, 53.86165545344986
0, 7, 1.0975495314145312, 58.29560416978274
1, 10, 1.0658372666947051, 51.83014307818772
1, 14, 1.047534698159632, 51.32863271216572
0, 12, 1.0857463659559485, 56.91910584738899
1, 4, 1.0712489088380732, 54.68157165032406
0, 13, 1.0758814444835303, 56.458649546059554
1, 12, 1.056632453846338, 53.764863148648494
0, 14, 1.051568710822495, 53.51925826962032
1, 8, 1.1000000000330485, 57.83379329142414
0, 6, 1.1000000000434706, 58.00772580196221
1, 5, 1.072194190588711, 55.43276013187021
1, 6, 1.1000000000450363, 56.15023784937641
0, 5, 1.0722880313411653, 57.327672645278405
1, 7, 1.0974602153368496, 56.395910688581516
0, 3, 1.0712299745117941, 55.277172988500915
0, 8, 1.1000000000313959, 59.73285103373733
1, 1, 1.0973649218230526, 57.77670904496542
1, 13, 1.0690326042147882, 54.100329150686775
1, 9, 1.0673478984580536, 51.22106042730755
0, 11, 1.0792575161141686, 55.79106387131634
0, 9, 1.0692619934983316, 53.25866817403057
1, 3, 1.071229974513518, 53.38124675199094
1, 2, 1.087702003172692, 56.276256249478834
0, 1, 1.097364921821421, 59.6732338028475
0, 2, 1.0877020031721776, 58.17327123101811
0, 10, 1.0674995737181752, 53.83452567892588
--end of bus
--Delta
contingency id,Delta(MW) 
1, 0.002067626301358511 
--end of Delta
--line flow
contingency id,line id,origin bus id,destination bus id,circuit id,p_origin(MW),q_origin(MVar),p_destination(MW),q_destination(MVar) 
1, 'BL', 1, 2, 'BL', 53.20940065095101, -1.9943376342255306, -52.75352790976649, -2.916301918694444 
1, 'BL', 2, 5, 'BL', 11.808068067501296, 3.8593640284220783, -11.724160148749377, -7.638740119780323 
1, 'BL', 4, 9, 'BL', 12.80592062118029, 7.974320912129571, -12.80592062118029, -6.938656875488277 
1, 'BL', 4, 7, 'BL', -17.197053107569985, -0.8498282446967096, 17.197053107569985, 1.3665536740810467 
1, 'BL', 6, 13, 'BL', 36.4596109557944, 8.212670116306867, -35.69601516531668, -6.70891163368367 
1, 'BL', 7, 8, 'BL', -17.19705310756994, -1.366553674081274, 17.19705310756994, 1.8018118243591061 
1, 'BL', 4, 5, 'BL', -33.118973681412854, 8.329292976159195, 33.25464552653864, -7.901342309623942 
0, 'BL', 12, 13, 'BL', 4.789394634417135, 0.08394725897761646, -4.746394192734272, -0.045042097454995655 
0, 'BL', 1, 5, 'BL', 23.3189452861954, 4.168716833374901, -23.052151147540357, -8.858238116141138 
0, 'BL', 10, 11, 'BL', -19.553255749090255, 2.1677053776515436, 19.83192329949142, -1.515375378802787 
0, 'BL', 13, 14, 'BL', 16.57379352217926, -0.19638950411848555, -16.168103543215537, 1.0223897760365332 
0, 'BL', 1, 2, 'BL', 53.19368488423527, -1.9896421045402803, -52.73807946606348, -2.9218136249755844 
1, 'BL', 5, 6, 'BL', -6.287668700969025, 23.056478602369054, 6.287668700969025, -21.96890300314476 
0, 'BL', 2, 3, 'BL', 30.353593131790234, 0.006217865205371709, -29.984977427944813, -3.557309220689831 
0, 'BL', 4, 5, 'BL', -32.80530798660277, 8.47099633748303, 32.93880383203441, -8.049909442268017 
1, 'BL', 9, 14, 'BL', 2.3758517867904914, 6.705230823331533, -2.3193893827969987, -6.5851277252922955 
0, 'BL', 2, 5, 'BL', 11.813820838857907, 3.799147163126918, -11.730188153911257, -7.579711744492101 
1, 'BL', 9, 10, 'BL', -11.880873000587599, 6.4567508546479075, 11.931927523769161, -6.321129754087224 
1, 'BL', 3, 4, 'BL', -13.145270804140807, 4.57685734940776, 13.262648925948696, -5.7461415538545 
0, 'BL', 6, 13, 'BL', 27.8801331104072, 6.540429778904695, -27.431800641375787, -5.65752319174328 
0, 'BL', 2, 4, 'BL', 19.61096940223902, 1.8127550828883159, -19.414888206565337, -5.1806281709529 
1, 'BL', 1, 5, 'BL', 23.313567645076944, 4.215543541683132, -23.04658539042113, -8.903793217152838 
1, 'BL', 10, 11, 'BL', -20.305692876121412, 2.122056704029262, 20.60675061806006, -1.4173137363978867 
0, 'BL', 4, 9, 'BL', 12.324313585458304, 7.604875652591403, -12.324313585458304, -6.65082008311245 
1, 'BL', 6, 11, 'BL', 24.238887966075794, 0.8894586864253142, -23.777085137772985, 0.07761419786010038 
1, 'BL', 12, 13, 'BL', -4.745768027410065, -1.300124697464156, 4.793678368128553, 1.3434721485904788 
1, 'BL', 2, 4, 'BL', 19.68215644928415, 1.9077727395407464, -19.48434000809135, -5.269687896535174 
0, 'BL', 9, 10, 'BL', -11.133287359950486, 6.489512052708733, 11.179490396769722, -6.366778427709278 
0, 'BL', 3, 4, 'BL', -13.236654365676202, 4.494856430634286, 13.354935585823114, -5.662096459765735 
0, 'BL', 9, 14, 'BL', 1.1466591105252917, 6.462336646448591, -1.0987681995804053, -6.360466262519083 
0, 'BL', 6, 11, 'BL', 23.433725496216084, 0.7278714429484694, -23.002257819193574, 0.17567584026670602 
1, 'BL', 13, 14, 'BL', 15.29793548520513, -0.5335153082378952, -14.947482360058956, 1.247051238813924 
1, 'BL', 2, 3, 'BL', 30.342892203661705, 0.008192864009515688, -29.97453039446205, -3.560353883752782 
0, 'BL', 4, 7, 'BL', -17.1908502279356, -0.7951911663575402, 17.1908502279356, 1.3112049133466144 
0, 'BL', 6, 12, 'BL', 9.631955251178795, 1.5855243385571498, -9.535162661811341, -1.3840719564394135 
0, 'BL', 7, 8, 'BL', -17.190850227935655, -1.3112049133465007, 17.190850227935655, 1.7458635855545026 
0, 'BL', 5, 6, 'BL', -5.960233244153625, 23.100462258680864, 5.960233244153625, -22.016847197515403 
--end of line flow
