--contingency generator
conID,genID,busID,unitID,q(MW) 
1, '1 ', 8, '1 ', 8.795343468139146
1, '1 ', 1, '1 ', -1.0169930954477282
1, '1 ', 3, '1 ', 16.741913743666526
1, '1 ', 2, '1 ', 14.55029120096538
1, '1 ', 6, '1 ', -5.716549175190056
--end of contingency generator
--bus
contingency id,bus id,v(pu),theta(deg) 
0, 4, 1.0629185880003689, 59.084881810122916
1, 11, 1.084144082593145, 68.8237504833143
0, 7, 1.087843795882573, 60.33413975078301
1, 10, 1.0760163149750097, 67.17390353070434
1, 14, 1.0593719110108255, 66.58142683000295
0, 12, 1.0854711136239852, 61.72932191110628
1, 4, 1.0627243815204062, 66.84570503740731
0, 13, 1.0796662197416296, 61.47749284318059
1, 12, 1.0554326498215023, 68.19352363091545
0, 14, 1.0628148959181534, 59.067590980651154
1, 8, 1.0999999921776984, 71.03151867803618
0, 6, 1.0999999993105474, 62.876360242960274
1, 5, 1.0640806932171754, 67.68742752071982
1, 6, 1.099999999307987, 70.71863939161372
0, 5, 1.0641631642192515, 59.915171678746425
1, 7, 1.0873919326881976, 68.04539304892421
0, 3, 1.0553918560198223, 56.93398016627621
0, 8, 1.099999992162154, 63.31838664485819
1, 1, 1.0782923654134586, 68.77531597309148
1, 13, 1.0727961216704864, 68.7967251108691
1, 9, 1.0812390735206727, 66.78309256013804
0, 11, 1.0846074466402629, 61.04713368315425
0, 9, 1.0821042847219622, 59.10034684774085
1, 3, 1.0553918560318005, 64.7025625022454
1, 2, 1.0735112994877474, 68.03819274605674
0, 1, 1.0782923654014263, 61.00612917341916
0, 2, 1.0735112994899556, 60.26998497660162
0, 10, 1.0767934172328797, 59.462773357859355
--end of bus
--Delta
contingency id,Delta(MW) 
1, 0.0025150847569714225 
--end of Delta
--line flow
contingency id,line id,origin bus id,destination bus id,circuit id,p_origin(MW),q_origin(MVar),p_destination(MW),q_destination(MVar) 
1, 'BL', 1, 2, 'BL', 25.354693342133487, -2.4992734494285287, -25.247487834462504, -3.285384384372037 
1, 'BL', 2, 5, 'BL', 5.3580392376865404, 2.086049751065275, -5.33562697052983, -5.97014153568432 
1, 'BL', 4, 9, 'BL', 0.23299220933932813, 3.0533371399560565, -0.23299220933932813, -3.009976804066042 
1, 'BL', 4, 7, 'BL', -11.830041775234488, -0.2719312461322261, 11.830041775234488, 0.5199211263852703 
1, 'BL', 6, 13, 'BL', 33.63173636006752, 6.402632608056933, -32.99096296113652, -5.140749755770685 
1, 'BL', 7, 8, 'BL', -35.374063957768676, -6.861067269994123, 35.374063957768676, 8.795343468332703 
1, 'BL', 4, 5, 'BL', -36.74919240353381, 8.517352189870053, 36.91740544269351, -7.986756603426329 
0, 'BL', 12, 13, 'BL', 2.7311500094472763, 0.13943763800654096, -2.7171276806093942, -0.12675076905793503 
0, 'BL', 1, 5, 'BL', 10.836758243261286, 1.438643536894233, -10.77359961990652, -6.824007733629969 
0, 'BL', 10, 11, 'BL', -15.716142974412008, 2.56546470173771, 15.895586037437056, -2.1454082835144845 
0, 'BL', 13, 14, 'BL', 13.35367414466424, -1.0392417395332245, -13.090609038710909, 1.574852329680482 
0, 'BL', 1, 2, 'BL', 25.32437899237766, -2.4897743568537862, -25.21742773314304, -3.2956597348877494 
1, 'BL', 5, 6, 'BL', -26.351623648990817, 19.59635081551994, 26.351623648990817, -17.511343101680325 
0, 'BL', 2, 3, 'BL', 33.952212070948946, 0.21254507530977662, -33.479125984242515, -3.1825718863468637 
0, 'BL', 4, 5, 'BL', -36.19271013121113, 8.614598935817412, 36.356262233040866, -8.098705377162332 
1, 'BL', 9, 14, 'BL', 4.589072009181706, 6.589820328590804, -4.518959247605352, -6.440681091119188 
0, 'BL', 2, 5, 'BL', 5.38526544112932, 2.026502797028229, -5.362946982088715, -5.911184643862271 
1, 'BL', 9, 10, 'BL', -6.011524054729932, 8.97796536567239, 6.043289020366046, -8.89358499483751 
1, 'BL', 3, 4, 'BL', -22.64131732863993, 4.092017473298711, 22.963607364322797, -4.705105253761303 
0, 'BL', 7, 9, 'BL', 23.040376004067735, 5.923649735776507, -23.040376004067735, -5.397540362010659 
0, 'BL', 6, 13, 'BL', 24.73481664071761, 4.881418200164035, -24.38731625870554, -4.197081469027012 
0, 'BL', 2, 4, 'BL', 14.031707279502342, 0.0041508676201829076, -13.930484417762386, -3.576794004592557 
1, 'BL', 1, 5, 'BL', 10.819019317536473, 1.4822803547918966, -10.755863976551822, -6.8672263261952935 
1, 'BL', 10, 11, 'BL', -16.342007801010112, 2.679548414258136, 16.536352890247514, -2.2246079963442753 
0, 'BL', 4, 9, 'BL', -0.057604752745279784, 2.922662351577003, 0.057604752745279784, -2.88316309818228 
1, 'BL', 6, 11, 'BL', 19.681588432901805, -0.30162748346663193, -19.37745155972459, 0.9385281370248322 
1, 'BL', 12, 13, 'BL', -7.230135949981104, -1.1458933974272156, 7.336413375902907, 1.242049163737363 
1, 'BL', 2, 4, 'BL', 14.140364910731392, 0.08828646031963672, -14.037428361684448, -3.655028066275804 
0, 'BL', 9, 10, 'BL', -5.388226045641204, 8.85706316585447, 5.4174241937465695, -8.779501282330557 
0, 'BL', 3, 4, 'BL', -22.76169837168041, 4.022753662294917, 23.086879034369787, -4.628727879898747 
0, 'BL', 9, 14, 'BL', 3.171530859490133, 6.229005600745552, -3.118492862413632, -6.116186675015456 
0, 'BL', 6, 11, 'BL', 19.020728339200616, -0.2645055303131585, -18.736684706919874, 0.8593284241923129 
1, 'BL', 13, 14, 'BL', 11.903779790610614, -1.4643733855746746, -11.690142653486006, 1.899346745793025 
1, 'BL', 2, 3, 'BL', 33.948627354868904, 0.213178231370307, -33.47563910319414, -3.18361722379359 
0, 'BL', 4, 7, 'BL', -12.326142699521412, -0.39311463923775136, 12.326142699521412, 0.6623729864238612 
0, 'BL', 6, 12, 'BL', 10.066519143473982, 1.5043506498443548, -9.96128595944296, -1.2853310354356609 
0, 'BL', 7, 8, 'BL', -35.36651870358922, -6.58602272220071, 35.36651870358922, 8.51239255826124 
1, 'BL', 7, 9, 'BL', 23.544022182534174, 6.341146143608967, -23.544022182534174, -5.788006812968661 
0, 'BL', 5, 6, 'BL', -25.745424784435684, 19.60612410486658, 25.745424784435684, -17.581747922608713 
--end of line flow
