--generation dispatch
bus id,unit id,pg(MW),qg(MVar) 
101, 1, 13.53971519239332, -0.22084292407433076
101, 2, 19.386089318990646, 0.9657088929530424
101, 3, 39.58549126431882, -41.24895811574027
101, 4, 6.899431024689831, -28.184441129992308
102, 5, 12.050650033002157, 1.9444007847879246
102, 6, 16.380150448289303, -4.028845562325524
102, 7, 27.058139799107387, -18.690640657916088
102, 8, 27.058139776589737, -25.354551736273816
107, 10, 23.629760072446572, 23.94250616101623
107, 11, 37.72445306055264, -21.86368257439548
107, 9, 54.25829396572879, 7.366727473607834
113, 12, 68.14470787441088, 7.9653931843490255
113, 13, 60.83375826275408, 23.829612531914247
113, 14, 104.55712863001911, -7.045424337326341
114, 15, -7.527492272384739e-13, -34.472170903348776
115, 16, 6.281833911900901, 2.754660726091259
115, 17, 3.1666893237689537, 3.231359090794922
115, 18, 4.415849554226483, 3.683968154873301
115, 19, 4.355890140295722, 2.8715457606730412
115, 20, 5.776872371122659, 4.708058976895464
115, 21, 74.1491183061272, 55.94244649546932
116, 22, 38.683481867040555, -17.85567125781159
118, 23, 294.9107443848666, 62.40945558136697
121, 24, 419.59573700635383, 126.82577576805518
122, 25, 42.11302106048062, 8.03694149529306
122, 26, 63.848806612781146, -6.433440329215074
122, 27, 47.650585468049044, 7.571788769800106
122, 28, 51.97595027287572, 5.845009569415152
122, 29, 47.680428787256474, 3.0294681816816573
122, 30, 59.23554750404403, -1.3294618426012386
123, 31, 22.515950256895856, -8.51372827651977
123, 32, 56.051591968615035, -38.46218971145927
123, 33, 257.1411841474961, 15.628028924700635
201, 34, 17.279282562202102, -4.001934588397356
201, 35, 20.34259440871869, -2.757776108146297
201, 36, 24.435819002671327, -37.517313813605945
201, 37, 24.57793867984905, -21.44677278847713
202, 38, 17.998878179770113, 6.189503832472078
202, 39, 20.259474867218934, 7.038459228505072
202, 40, 28.648861104845018, -24.431656306542077
202, 41, 6.378892862500715, -31.45182563757697
207, 42, 13.284795695115628, -2.038742379078657
207, 43, 6.180565609727952, 11.68267500119741
207, 44, 30.159243465035427, 9.429332012506402
213, 45, 103.29317220613761, -1.1834179710453583
213, 46, 7.049113031760864, 18.8566250773368
213, 47, 67.77393450272231, 14.058591062856273
214, 48, -7.730123105989942e-13, 16.744435659019185
215, 49, 4.607304515898876, 5.299484309143087
215, 50, 4.439465304561638, 1.464782858372233
215, 51, 0.8055823652311889, 3.61421041413844
215, 52, 0.9831344823776981, 3.9327218441388974
215, 53, 6.344963042870481, 3.4040766098086985
215, 54, 41.28157507077905, 83.33335148864319
216, 55, 23.18956096211908, 62.294062855265004
218, 56, 367.5282632107257, 86.83035502284365
221, 57, 432.24376746169037, 57.35870361566557
222, 58, 42.2053815728379, 1.6586492453154233
222, 59, 46.03407566448204, 1.946213952963071
222, 60, 55.323049035049, 4.707215371150349
222, 61, 50.741435110229034, 1.9692155149810944
222, 62, 48.81378099334888, 1.8368457301002805
222, 63, 38.16548940738193, 1.8921756519112198
223, 64, 113.65289455710978, -21.65970773188145
223, 65, 108.65825517888798, 4.190786685205109
223, 66, 108.2029774842375, 43.68401393141806
301, 67, 14.215718615279378, -1.2413472563308108
301, 68, 12.241856879416124, 5.568561303829752
301, 69, 29.072469763376844, -17.201169752593948
301, 70, 24.544049688782412, -33.81851998704084
302, 71, 20.269462631698556, 0.8659157645265426
302, 72, 20.88760840577982, 3.3116338038933937
302, 73, 1.7336127197042668, -18.66901304233475
302, 74, 35.65864778988025, -6.711996006646497
307, 75, 38.12253656204808, 6.213020264653184
307, 76, 13.188780016396944, -5.634959679335608
307, 77, 31.999182193437917, -6.193760811709805
313, 78, 15.131013261475607, -3.6978573181389645
313, 79, 56.66866867365052, -22.319986337761264
313, 80, 84.76645012062693, 9.781320144100823
314, 81, -7.703412261464621e-13, -1.3680987724943263
315, 82, 2.73138083128734, 4.030755745095548
315, 83, 4.946095815137602, 2.573402325780401
315, 84, 2.9453230357030917, 1.7071263824475804
315, 85, 4.30959610922705, 3.8771233738616906
315, 86, 0.16432494523537378, 2.898429658892161
315, 87, 30.239213667731057, 64.65779988981365
316, 88, 7.296447870998216, 34.079979161106564
318, 89, 483.99528529519677, 109.93656928965231
321, 90, 465.39486731677454, 103.46341499751429
322, 91, 48.46110733937068, 3.60665730170335
322, 92, 49.3662385317829, 5.357307311576169
322, 93, 64.25946741144699, 6.0534150566498415
322, 94, 44.81605642953482, 4.418314211116174
322, 95, 53.779344875491844, 2.6093877657828592
322, 96, 63.15810069454429, 5.266768967572928
323, 97, 45.5457683975265, -12.26787269535618
323, 98, 56.22572438772802, -16.85606998850739
323, 99, 112.4784181889873, 17.132847917106318
--end of generation dispatch
