--generation dispatch
bus id,unit id,pg(MW),qg(MVar) 
101, 1, 13.005845365333684, 4.5873585022789864
101, 2, 14.627983391437109, 6.447813370306028
101, 3, 41.9729670432131, -28.488291107475003
101, 4, 41.97296674173212, -22.52142349536954
102, 5, 20.979731320195796, 3.1896044888605157
102, 6, 11.747022717322244, 0.8547049207536834
102, 7, 50.95005461643161, -12.8540283459284
102, 8, 50.95005517387084, -4.204283769340654
107, 10, 55.00373920215872, -11.846491079355587
107, 11, 18.663328640630066, 9.936121738278189
107, 9, 65.20819677761276, -6.335662399804127
113, 12, 39.071250091161694, 20.132595962534378
113, 13, 97.33855164078645, -31.25877063591829
113, 14, 91.76792042587792, -11.391717393015348
114, 15, -1.5211408556277975e-16, -52.356454874104124
115, 16, 4.753572954764725, 1.8444006492178437
115, 17, 8.55516578339179, 3.444189426555847
115, 18, 4.916762718019919, 2.5683876741140184
115, 19, 4.618518906576862, 1.4537017978155544
115, 20, 3.82812902015392, 3.75654376753848
115, 21, 71.46798275930529, 66.01105643486493
116, 22, 71.02340905387463, -43.19114622977863
118, 23, 335.3915453541642, 56.01278271162796
121, 24, 329.41090014089633, 122.05021436706912
122, 25, 45.96191570290933, 5.040188592064418
122, 26, 57.07096170063699, 2.8180419046460132
122, 27, 44.01735940843458, 1.0372934404655694
122, 28, 46.6017486098, 7.745385470577206
122, 29, 40.47330972633893, 0.5311537590295797
122, 30, 53.34638186858604, -3.918922306812661
123, 31, 68.1709614157225, -57.37035124838269
123, 32, 72.08688086846647, -9.037706601915806
123, 33, 202.6810205921, -32.60181090320807
201, 34, 19.30408956593676, 2.4223409081851974
201, 35, 10.901244190305336, 7.516289378567618
201, 36, 15.680213216947761, -21.405336047351568
201, 37, 15.680208904185386, -23.96030186871072
202, 38, 19.064128538741294, 4.558904708977198
202, 39, 17.45267534510245, 1.486449553574845
202, 40, 28.784877797994437, -34.53761297088236
202, 41, 16.811202349945262, -30.029313301630282
207, 42, 12.678063390716872, -11.566004289141564
207, 43, 0.6140391146809681, -6.539557253775733
207, 44, 29.261829036055353, 39.37448395000334
213, 45, 27.938205514934246, 8.820020676470193
213, 46, 37.991501765620725, 14.133765481201754
213, 47, 134.5928334076327, -0.34468836669275577
214, 48, 1.4691891871376165e-15, 56.56572768057126
215, 49, 0.1976571328685928, 1.5359143822789851
215, 50, 2.659951710932987, 3.0458296716499964
215, 51, 3.57309011013042, 5.564583498338785
215, 52, 0.15261656076927527, 1.3184547165656202
215, 53, 1.260024455088404, 3.7949955203331824
215, 54, 94.33543688124962, 55.002386796331095
216, 55, 99.84857621547593, 53.351027871689
218, 56, 283.2096244422821, 61.91662767026807
221, 57, 392.2881498400894, 33.41917439998115
222, 58, 51.37433597716724, 3.9625842621436327
222, 59, 51.814449344680064, 3.7742561834665587
222, 60, 46.21725850171631, 0.46077324855920876
222, 61, 38.225077757530265, -1.9639831407449762
222, 62, 40.43634048328956, 3.739508006628471
222, 63, 55.100467446178556, 3.823228340259691
223, 64, 110.8168853349377, -18.724336858759365
223, 65, 110.81688896650122, -31.020996041605517
223, 66, 154.1309460494166, 100.9090798105266
301, 67, 15.791212922839527, 5.188078316854664
301, 68, 10.921636480035275, 2.5121388539371705
301, 69, 11.268222249174432, -29.887028250250896
301, 70, 38.104224274557104, -14.54907926824275
302, 71, 13.149742147806238, -1.9863198458933324
302, 72, 18.6972693262427, 0.9533887598457641
302, 73, 11.747632704242005, -44.95467316910774
302, 74, 26.53965607458245, -47.10651046089021
307, 75, 11.72536946041811, 3.727864861947433
307, 76, 38.10826421738522, 18.370185291761
307, 77, 37.22273126267759, -2.4810576396747286
313, 78, 57.86890884928735, 13.537419400007996
313, 79, 51.66727050544122, -10.168405033999557
313, 80, 77.09226187969334, -7.519196326138818
314, 81, 6.924960009396786e-15, 9.116461539866787
315, 82, 0.20178187854993043, 4.289753956297491
315, 83, 4.043144056542994, 2.886621360288216
315, 84, 2.87877785888396, 1.621200417055755
315, 85, 0.07588397623339876, 2.677430338078663
315, 86, 0.20695864682366177, 4.354256952410839
315, 87, 101.57324477673352, 68.80617817033122
316, 88, 106.34437534305532, 86.07741282054504
318, 89, 354.81384646430536, 40.475533218636585
321, 90, 340.00852845890773, 20.869715955539274
322, 91, 36.841535695307165, -8.718565821529221
322, 92, 37.30714102875462, -2.1693102580478114
322, 93, 64.7502986308562, -0.8090667263313858
322, 94, 49.83612931933275, 8.623722414762538
322, 95, 37.66190498968607, -1.076944730712724
322, 96, 42.68296512443593, 7.122282136570608
323, 97, 106.52048975845882, -4.785420769442251
323, 98, 109.11720719843146, -12.199283297480793
323, 99, 188.01077950397095, 59.53046276709071
--end of generation dispatch
