--contingency generator
conID,genID,busID,unitID,q(MW) 
1, '1 ', 8, '1 ', 3.674006461549711
1, '1 ', 1, '1 ', -41.55996711085616
1, '1 ', 3, '1 ', 36.69860941369859
1, '1 ', 2, '1 ', 37.56828647678337
1, '1 ', 6, '1 ', 8.550181581617506
--end of contingency generator
--bus
contingency id,bus id,v(pu),theta(deg) 
0, 4, 1.056518754126458, 94.36520299309632
1, 11, 1.0868974478884157, 50.28638454801973
0, 7, 1.0841272496096983, 94.80159139891165
1, 10, 1.0807135967370878, 50.22069431124906
1, 14, 1.0634920442652134, 49.446206332032105
0, 12, 1.0859423741189356, 92.08813552882827
1, 4, 1.056314126426833, 52.28911949331861
0, 13, 1.0801508295486777, 92.02378918694677
1, 12, 1.061520441934631, 49.44264440563815
0, 14, 1.0667926476149598, 91.65480444431549
1, 8, 1.0868813672501976, 56.53962062801204
0, 6, 1.0996948758775926, 92.70766534534106
1, 5, 1.0544834539400136, 53.115591716825065
1, 6, 1.0999940844446967, 50.67542452639228
0, 5, 1.054547749556223, 95.18670104509727
1, 7, 1.0833599600323007, 52.698960151326474
0, 3, 1.0622718113473204, 92.8020982374686
0, 8, 1.0876439540015868, 98.63650539123071
1, 1, 1.0672284901180138, 57.99862045899719
1, 13, 1.0740413573494716, 49.71085458154098
1, 9, 1.0852174391486407, 50.51254182341947
0, 11, 1.087199112049941, 92.35498247034596
0, 9, 1.0862675243464202, 92.63313180416428
1, 3, 1.0622718399247784, 50.72804638976414
1, 2, 1.0711575223390564, 55.058770682303475
0, 1, 1.0672284720672474, 100.07173143130629
0, 2, 1.0711574571188356, 97.1324897722082
0, 10, 1.0815499542111544, 92.32560028815217
--end of bus
--Delta
contingency id,Delta(MW) 
1, 0.0012793291787641123 
--end of Delta
--line flow
contingency id,line id,origin bus id,destination bus id,circuit id,p_origin(MW),q_origin(MVar),p_destination(MW),q_destination(MVar) 
1, 'BL', 1, 2, 'BL', 88.14394317569634, -36.42075203404602, -86.6319930782413, 35.00098137559098 
1, 'BL', 2, 5, 'BL', 23.041623499121755, 1.113656831292019, -22.77333806146089, -4.203139368866687 
1, 'BL', 4, 9, 'BL', 6.594208579450151, 1.0606808541809585, -6.594208579450151, -0.8518976115632029 
1, 'BL', 4, 7, 'BL', -4.002396843518715, -1.681911486801141, 4.002396843518715, 1.715698712484027 
1, 'BL', 6, 13, 'BL', 21.036113354238523, 11.360921071669736, -20.723625816380206, -10.745535560606982 
1, 'BL', 7, 8, 'BL', -44.77445155016897, -0.664513818643627, 44.77445155016897, 3.674006462066245 
1, 'BL', 4, 5, 'BL', -33.26719724580016, 15.413952826377681, 33.42803578165183, -14.906618688196431 
0, 'BL', 12, 13, 'BL', 1.8622601123120717, 1.0886123343598229, -1.8535431958372328, -1.0807256004063106 
0, 'BL', 1, 5, 'BL', 42.39540015067085, -5.171377797861908, -41.540112610134145, 3.164493600925482 
0, 'BL', 10, 11, 'BL', -1.4146599723697477, -2.5766456399514936, 1.4207205991093304, 2.5908328986702145 
0, 'BL', 13, 14, 'BL', 3.3611429057097553, 2.5020241903606575, -3.33542060243488, -2.44965259973452 
0, 'BL', 1, 2, 'BL', 88.12515564762629, -36.4155650146256, -86.61382796262205, 34.993894509688744 
1, 'BL', 5, 6, 'BL', 21.025428431998613, 14.55616820327134, -21.025428431998613, -13.268712533253165 
0, 'BL', 2, 3, 'BL', 42.533409959994344, -6.159869130101015, -41.78706310959964, 4.320245017634193 
0, 'BL', 4, 5, 'BL', -32.966577676821885, 15.668390961795467, 33.125918415092656, -15.165781337182125 
1, 'BL', 9, 14, 'BL', 9.89165233762489, 4.14356448178205, -9.76751667462284, -3.879511295073712 
0, 'BL', 2, 5, 'BL', 23.05811912817066, 1.0696321323904385, -22.789590670618026, -4.158607029329687 
1, 'BL', 9, 10, 'BL', 8.105317307310315, 2.750960455566883, -8.085528460663909, -2.6983934155912266 
1, 'BL', 3, 4, 'BL', -14.155092220390486, 8.767664910308781, 14.327557131363932, -9.763783184914246 
0, 'BL', 7, 9, 'BL', 40.50511874817576, -1.3426140606720764, -40.50511874817576, 2.8799485276483665 
0, 'BL', 6, 13, 'BL', 15.338797255876557, 8.774456937397758, -15.167986417250972, -8.43807707424196 
0, 'BL', 2, 4, 'BL', 30.81808271839202, -2.46569735005869, -30.336936792736793, 0.07747486130472225 
1, 'BL', 1, 5, 'BL', 42.38300926780711, -5.139215075142943, -41.52829188836404, 3.1303106941261944 
1, 'BL', 10, 11, 'BL', -1.8497980165718104, -2.688832577815674, 1.8572809368126286, 2.706349268743793 
0, 'BL', 4, 9, 'BL', 6.436530277415437, 0.8914636426855793, -6.436530277415437, -0.6939195431659186 
1, 'BL', 6, 11, 'BL', 6.1454011684612055, 4.322212881644646, -6.101091752853847, -4.229423423187086 
1, 'BL', 12, 13, 'BL', -4.506992738966801, -1.6619309287514454, 4.5522324666539475, 1.7028621109445226 
1, 'BL', 2, 4, 'BL', 30.87383490771265, -2.358584699134667, -30.390997177620477, -0.02376969229783299 
0, 'BL', 9, 10, 'BL', 8.542557848745219, 2.8687324615345915, -8.520666504863925, -2.8105803534563165 
0, 'BL', 3, 4, 'BL', -14.22120157895705, 8.667135585639812, 14.393653450583798, -9.663563802030808 
0, 'BL', 9, 14, 'BL', 9.029797535686185, 3.6415702394130562, -8.92767853116132, -3.424349435043382 
0, 'BL', 6, 11, 'BL', 5.7039144207360835, 4.196379992801269, -5.664531415148957, -4.113907053116293 
1, 'BL', 13, 14, 'BL', 2.5110066423398223, 2.0258949653739364, -2.4955824589773385, -1.9944907397037355 
1, 'BL', 2, 3, 'BL', 42.536625769769884, -6.160360415622449, -41.790165505365735, 4.3212136801494125 
0, 'BL', 4, 7, 'BL', -4.265494814518292, -1.9685963472063577, 4.265494814518292, 2.00814371677518 
0, 'BL', 6, 12, 'BL', 6.419419537901547, 2.8549541337139317, -6.369252851276599, -2.750543263113343 
0, 'BL', 7, 8, 'BL', -44.77061356269433, -0.665529656106628, 44.77061356269433, 3.6702508320663583 
1, 'BL', 7, 9, 'BL', 40.77205470665068, -1.0511848938372168, -40.77205470665068, 2.610379719511684 
0, 'BL', 5, 6, 'BL', 21.355619129495185, 14.736615605919212, -21.355619129495185, -13.411365057604542 
--end of line flow
