--generation dispatch
bus id,unit id,pg(MW),qg(MVar) 
101, 1, 13.969571355822106, 5.773329615182684
101, 2, 10.786644211283651, 3.2596989077053924
101, 3, 50.08835889828392, 12.20176735721598
101, 4, 50.08835858936784, 14.527941769275822
102, 5, 19.69825426987604, 7.686397511746797
102, 6, 10.609446831506839, 5.422227658830658
102, 7, 68.09949095755117, -17.604323048706487
102, 8, 69.64671543549709, 6.639756721927234
107, 10, 44.23113758672493, 10.487374339828355
107, 11, 13.301240936824712, -19.484413899994095
107, 9, 11.688352209720653, 10.146793359092335
113, 12, 96.44058019530894, -4.418645423322906
113, 13, 84.0092839718795, 35.45796138089251
113, 14, 37.713510839380014, 0.7046271061422273
114, 15, 1.568995914926038e-15, -22.837030512547
115, 16, 1.721839968484706, 0.8004783003274584
115, 17, 5.026557792194382, 4.46647235218701
115, 18, 6.8125106961735495, 4.910138086395623
115, 19, 6.989932290939377, 2.3876039585251525
115, 20, 4.486942999654378, 2.5677127930286523
115, 21, 29.222425021857582, 30.01832628323904
116, 22, 80.97058571138369, -46.97889991565023
118, 23, 491.66148415809727, 68.95379573291318
121, 24, 401.3890070467437, 172.50764595173592
122, 25, 59.83210868230491, 1.1318526885497422
122, 26, 59.926911660287814, -0.236575574750621
122, 27, 52.03477970818457, 1.0373274198866183
122, 28, 40.662224884428454, -1.1186062838112605
122, 29, 51.067106945257926, -7.237171351608739
122, 30, 56.404874518331425, -3.0135933589714043
123, 31, 36.854221944478816, -67.25498448275492
123, 32, 51.518222787822964, -15.904982131842566
123, 33, 176.6619013458033, -9.941866918611982
201, 34, 14.100047499069435, 0.48791942449609216
201, 35, 18.698975059131676, 4.8982506177063145
201, 36, 21.526565020682774, -18.32479739798719
201, 37, 20.84861272285665, -28.16642465933318
202, 38, 15.478297868255423, 0.46982498760474406
202, 39, 14.6473636385862, 0.7044943476348035
202, 40, 32.60921831901799, -19.646659958296667
202, 41, 4.053156639609131, -1.5315103695142256
207, 42, 15.178046898189477, -1.978286998158631
207, 43, 22.563743942853392, 10.234556217300117
207, 44, 61.3575317058366, 19.495902162173753
213, 45, 115.54481743420332, -14.939278818414003
213, 46, 70.69177316770946, 11.639089564396052
213, 47, 48.55452073409847, 49.350517954990096
214, 48, 1.0874262813813912e-15, 86.33310620482251
215, 49, 1.9406577422436935, 1.3702919919940681
215, 50, 1.5746973638581272, 0.7722283421959671
215, 51, 6.9274580633172365, 3.35156471945356
215, 52, 2.755057526934208, 1.1868331405183765
215, 53, 6.8274052492062385, 1.2010455935297455
215, 54, 42.75771409713031, 4.854331062818713
216, 55, 116.31228560406197, 71.59072492741612
218, 56, 401.5525162835862, 86.29440690238798
221, 57, 378.27780147377814, 44.83880814918064
222, 58, 53.111805301352526, 4.438294161600142
222, 59, 39.56697500097298, 4.737779403598221
222, 60, 58.61076468853941, 2.33022310428452
222, 61, 60.32384663141062, 1.5169297221796174
222, 62, 54.41105796043491, 7.865595854174566
222, 63, 46.3565773379124, 5.63293749619036
223, 64, 35.10986173449586, -4.192800991173879
223, 65, 84.60611374860481, -12.625762364469322
223, 66, 117.9167385811761, 48.603626599485494
301, 67, 20.621093540788376, 1.3493875029575124
301, 68, 12.465601630266198, -0.16177205219638385
301, 69, 50.91659525326308, -27.67507209782924
301, 70, 18.810926763398005, -40.46574297080642
302, 71, 15.276561925025733, 4.312140067107732
302, 72, 14.05459014320511, -4.337421501840362
302, 73, 7.39279608957808, -23.64046948264255
302, 74, 8.782437764640315, -32.08992259320362
307, 75, 53.70238361411143, -9.002339680257817
307, 76, 54.383064157969535, -4.734021067496409
307, 77, 24.186359201528113, 28.887837632065317
313, 78, 102.020260156965, 1.8304623830759312
313, 79, 36.11268722379795, 25.231150800476595
313, 80, 66.03202185110268, 11.02713087443572
314, 81, -1.9715946469415659e-16, -13.70581289793273
315, 82, 0.8378964816761968, 4.426668854000765
315, 83, 4.258351458416484, 2.7389785480262736
315, 84, 3.3331919667073073, 3.1857573768613614
315, 85, 1.771395707201895, 4.336762504612797
315, 86, 6.402476915000387, 2.6232475151308985
315, 87, 38.07600767877041, 66.54443402735276
316, 88, 52.889868849501795, 59.76857098201215
318, 89, 324.6979843723791, 61.2309081592546
321, 90, 375.41573076110393, 45.11915005398651
322, 91, 47.01652829332525, 1.477023037898338
322, 92, 46.99937794154137, 5.008900711226292
322, 93, 46.32882137812317, 1.4009490956120734
322, 94, 46.496555281631636, 3.1982696694037918
322, 95, 57.52479868504778, 4.302737432097628
322, 96, 61.328529422465714, 1.040126641094158
323, 97, 39.13379144839692, -3.0382477954834948
323, 98, 85.06541404413504, 3.790551263428562
323, 99, 236.649661790363, 9.317709598673611
--end of generation dispatch
