--contingency generator
conID,genID,busID,unitID,q(MW) 
1, '1 ', 8, '1 ', 12.498031954629166
1, '1 ', 1, '1 ', -2.3072258710271463
1, '1 ', 3, '1 ', 12.799614635661042
1, '1 ', 2, '1 ', 7.42952859532528
1, '1 ', 6, '1 ', 3.0570516359504833
--end of contingency generator
--bus
contingency id,bus id,v(pu),theta(deg) 
0, 4, 1.052939089841222, 111.07165541249594
1, 11, 1.077663282940955, 32.8807956896934
0, 7, 1.0807420097696308, 111.13754322025966
1, 10, 1.0658563154883138, 30.855955240776883
1, 14, 1.0487475347454802, 30.292577848348582
0, 12, 1.0853700357388305, 114.01850769887533
1, 4, 1.0527387281346714, 31.070617236014222
0, 13, 1.076584953651247, 113.5186671311048
1, 12, 1.0556578776865235, 32.77613056780974
0, 14, 1.0521759750125832, 110.53615859849356
1, 8, 1.0999999862630603, 32.41993370232289
0, 6, 1.1000000012400413, 115.13442759596876
1, 5, 1.0543137634905768, 31.89419244468029
1, 6, 1.0999999996340861, 35.21595908378375
0, 5, 1.054400215299491, 111.8837470857528
1, 7, 1.0802783737537702, 31.08708650832465
0, 3, 1.048769733032274, 110.00691929257245
0, 8, 1.0999999879792062, 112.46928399062355
1, 1, 1.0660904608745998, 33.08281865309938
1, 13, 1.0697464566091572, 33.09055147481495
1, 9, 1.0702942690853843, 30.240347571814837
0, 11, 1.0781464346983956, 112.86427547529294
0, 9, 1.0711762373805025, 110.31834481173074
1, 3, 1.0487697310371873, 30.012331572683802
1, 2, 1.0608227902998326, 32.24209399085811
0, 1, 1.066090462532079, 113.07602280855059
0, 2, 1.0608227918126971, 112.23636579964588
0, 10, 1.0666552889188454, 110.90519936171209
--end of bus
--Delta
contingency id,Delta(MW) 
1, 0.0020981955539251147 
--end of Delta
--line flow
contingency id,line id,origin bus id,destination bus id,circuit id,p_origin(MW),q_origin(MVar),p_destination(MW),q_destination(MVar) 
1, 'BL', 1, 2, 'BL', 28.19592881869653, -2.5387850650652126, -28.06033031315701, -3.018612485412632 
1, 'BL', 2, 5, 'BL', 4.705409113466061, 0.49495877689639656, -4.691186965125752, -4.321411581101756 
1, 'BL', 4, 9, 'BL', 3.029465378232352, 3.1714260598774047, -3.029465378232352, -3.0807844639710993 
1, 'BL', 4, 7, 'BL', -0.15983564172563483, -1.9860451337556242, 0.15983564172563483, 1.9932100997057205 
1, 'BL', 6, 13, 'BL', 37.19672001562867, 7.27934061086205, -36.41134742689252, -5.732696814419796 
1, 'BL', 7, 8, 'BL', -15.691493221552651, -11.912189424208805, 15.691493221552651, 12.4980319658805 
1, 'BL', 4, 5, 'BL', -35.48122448221784, 7.583242380213051, 35.63979975951884, -7.083047254584471 
0, 'BL', 12, 13, 'BL', 4.679951280592093, -0.3799375847432884, -4.638607039520878, 0.41734427904583526 
0, 'BL', 1, 5, 'BL', 11.208974166413896, 0.18562649779761387, -11.145020104313147, -5.45245857863074 
0, 'BL', 10, 11, 'BL', -19.488667563684317, 2.2937170457930165, 19.766363356505906, -1.643661824254309 
0, 'BL', 13, 14, 'BL', 16.806351235154352, -0.26274319589651896, -16.389698070880797, 1.1110649312881264 
0, 'BL', 1, 2, 'BL', 28.16361270440086, -2.5287225294148357, -28.028323162418815, -3.029618350202327 
1, 'BL', 5, 6, 'BL', -28.609799214373613, 14.8512933698874, 28.609799214373613, -12.804958506867195 
0, 'BL', 2, 3, 'BL', 22.242769202217005, -0.8600060994737078, -22.035109850196122, -3.138445914071667 
0, 'BL', 4, 5, 'BL', -34.93080727267875, 7.68535368980838, 35.08484320137745, -7.199477063777977 
1, 'BL', 9, 14, 'BL', 2.9740728759508954, 7.131248107383556, -2.907828919848612, -6.990338337491778 
0, 'BL', 2, 5, 'BL', 4.738022899426596, 0.43185931098298624, -4.723798820795309, -4.258621609866623 
1, 'BL', 9, 10, 'BL', -10.825457431997847, 9.774367423311787, 10.88452968473473, -9.617448047132939 
1, 'BL', 3, 4, 'BL', -11.125521740791271, 1.3313550119112278, 11.20345390340998, -2.545681453022098 
0, 'BL', 7, 9, 'BL', 15.045356028861233, 9.50500647150011, -15.045356028861233, -9.206710783521658 
0, 'BL', 6, 13, 'BL', 28.505786748919604, 5.658120421420222, -28.044051984235864, -4.748820530334115 
0, 'BL', 2, 4, 'BL', 13.064217952237755, -1.3445915492378617, -12.975919391494813, -2.185332677622341 
1, 'BL', 1, 5, 'BL', 11.187149013845954, 0.23155926141515693, -11.123296108373992, -5.498360452647148 
1, 'BL', 10, 11, 'BL', -20.101206459577185, 2.408347688551146, 20.397222574234178, -1.7154066143016848 
0, 'BL', 4, 9, 'BL', 2.7514648447116614, 3.0362481801329864, -2.7514648447116614, -2.9571638187450446 
1, 'BL', 6, 11, 'BL', 24.77055322685237, 1.019469312556737, -24.28810221853439, -0.009156556666539473 
1, 'BL', 12, 13, 'BL', -5.09320217753708, -1.8029883412975778, 5.1510710065157355, 1.855345853230716 
1, 'BL', 2, 4, 'BL', 13.16574602905996, -1.256006393015923, -13.076016259645883, -2.2688579648240648 
0, 'BL', 9, 10, 'BL', -10.21724296826278, 9.64824931924818, 10.271990761529935, -9.50281742578477 
0, 'BL', 3, 4, 'BL', -11.231762222425345, 1.2514857251729836, 11.310947267558788, -2.4628844440795774 
0, 'BL', 9, 14, 'BL', 1.6015562494710025, 6.777511474803077, -1.5478287768330006, -6.663225942178883 
0, 'BL', 6, 11, 'BL', 24.114552281431855, 1.0385641610748735, -23.65724301234843, -0.08090135184460223 
1, 'BL', 13, 14, 'BL', 15.383968678901212, -0.7168684723088177, -15.029697874667505, 1.4381773431298086 
1, 'BL', 2, 3, 'BL', 22.24572739537014, -0.8605874506238251, -22.038013868277346, -3.1376363058467405 
0, 'BL', 4, 7, 'BL', -0.6398426522093286, -2.1193008481146762, 0.6398426522093286, 2.1281425697275154 
0, 'BL', 6, 12, 'BL', 9.874921778853434, 1.6348589976760763, -9.773153473248442, -1.4230507619197965 
0, 'BL', 7, 8, 'BL', -15.685198681070563, -11.633149041227966, 15.685198681070563, 12.208282621192211 
1, 'BL', 7, 9, 'BL', 15.53165757982702, 9.918979324503653, -15.53165757982702, -9.598830295597963 
0, 'BL', 5, 6, 'BL', -28.000506830643488, 14.859031327420155, 28.000506830643488, -12.880496120255941 
--end of line flow
