--contingency generator
conID,genID,busID,unitID,q(MW) 
1, '1 ', 8, '1 ', 0.9459888690373829
1, '1 ', 1, '1 ', 1.6795270907086721
1, '1 ', 3, '1 ', 23.374394867905366
1, '1 ', 2, '1 ', 20.75967837927857
1, '1 ', 6, '1 ', -0.5940255589767847
--end of contingency generator
--bus
contingency id,bus id,v(pu),theta(deg) 
0, 4, 1.0737237111963531, 17.2067213188791
1, 11, 1.0640561444262644, 58.10090234143378
0, 7, 1.0987987678294782, 18.486769663961343
1, 10, 1.0409164082468956, 55.178186502568195
1, 14, 1.0302549245539745, 55.32727356547561
0, 12, 1.081483408015525, 20.67417016366953
1, 4, 1.0734691189674994, 56.23695513924566
0, 13, 1.071283798579457, 20.309535089175007
1, 12, 1.0433270551572418, 58.05100227609276
0, 14, 1.035490597663467, 16.684461349618793
1, 8, 1.0999999995083807, 58.5956802469242
0, 6, 1.1000000002878465, 22.083948550153465
1, 5, 1.0766648424141272, 57.33581919935212
1, 6, 1.1000000002015646, 61.16602543946853
0, 5, 1.0767998418353557, 18.298149252226995
1, 7, 1.09867927748533, 57.51852709496125
0, 3, 1.0699028264076589, 14.235981917142466
0, 8, 1.0999999994094822, 19.56289748574969
1, 1, 1.0999999979452568, 58.70847265516111
1, 13, 1.0622540643177936, 58.73724324855917
1, 9, 1.039667767261595, 54.08894860942289
0, 11, 1.0653167538947186, 19.11141452661334
0, 9, 1.0421686640263639, 15.246317248996299
1, 3, 1.0699028264458172, 53.27510855846887
1, 2, 1.0942264292304487, 57.73608299728475
0, 1, 1.099999998000344, 19.671928782870065
0, 2, 1.0942264291018677, 18.69998312413379
0, 10, 1.0431156802968116, 16.289575661939956
--end of bus
--Delta
contingency id,Delta(MW) 
1, 0.003624761924597005 
--end of Delta
--line flow
contingency id,line id,origin bus id,destination bus id,circuit id,p_origin(MW),q_origin(MVar),p_destination(MW),q_destination(MVar) 
1, 'BL', 1, 2, 'BL', 34.43890844632688, -3.447900834846223, -34.24893596716322, -2.327440242224611 
1, 'BL', 2, 5, 'BL', 7.548541747190086, 6.524317959110817, -7.486296236808897, -10.41108156671703 
1, 'BL', 4, 9, 'BL', 7.761688659124255, 13.718477943313076, -7.761688659124255, -12.592561622113266 
1, 'BL', 4, 7, 'BL', -12.89763885360673, -0.4134757498301269, 12.89763885360673, 0.7025175824722965 
1, 'BL', 6, 13, 'BL', 43.41139642960508, 10.634507699748724, -42.31929705383129, -8.483823108939191 
1, 'BL', 7, 8, 'BL', -12.897638853606779, -0.7025175824722965, 12.897638853606779, 0.9459888851692995 
1, 'BL', 4, 5, 'BL', -50.029939278295615, 8.219046650860037, 50.32774140655761, -7.27968727849202 
0, 'BL', 12, 13, 'BL', 4.41184093028113, 0.6541581771326719, -4.374267615403539, -0.6201632731958284 
0, 'BL', 1, 5, 'BL', 14.679340332054807, 5.062040537529299, -14.55426634081725, -10.374690293365347 
0, 'BL', 10, 11, 'BL', -28.189680584428174, 0.6866219409512837, 28.789266643625325, 0.7169428901271999 
0, 'BL', 13, 14, 'BL', 20.848884469267787, 1.4157877463495083, -20.198495815142948, -0.0915716379511764 
0, 'BL', 1, 2, 'BL', 34.42459502963743, -3.4434798657096053, -34.234780776807725, -2.3323442992862056 
1, 'BL', 5, 6, 'BL', -33.68203382867758, 26.438113202280192, 33.68203382867758, -22.975726230574423 
0, 'BL', 2, 3, 'BL', 46.99634955441934, 1.460982916923058, -46.123005733983206, -2.9105959436008106 
0, 'BL', 4, 5, 'BL', -49.638163458323106, 8.391222033283157, 49.93163396561181, -7.465525923775203 
1, 'BL', 9, 14, 'BL', -5.582523162979044, 6.336390815596246, 5.6663856762491775, -6.158004014101721 
0, 'BL', 2, 5, 'BL', 7.540757230404608, 6.4420444436725575, -7.479237115950895, -10.331525772470172 
1, 'BL', 9, 10, 'BL', -21.754321869454316, 6.884535378104374, 21.90754282611522, -6.477519633437851 
1, 'BL', 3, 4, 'BL', -30.533708198975006, 9.896683916217626, 31.14561792982093, -9.805001192304303 
0, 'BL', 6, 13, 'BL', 32.23218883741612, 8.31449451598644, -31.626427146834487, -7.121560647021056 
0, 'BL', 2, 4, 'BL', 19.513031073482296, 4.483701896829643, -19.307611630512355, -7.855772844034959 
1, 'BL', 1, 5, 'BL', 14.68315075005978, 5.127427925936161, -14.55755547634466, -10.437210624715476 
1, 'BL', 10, 11, 'BL', -29.125024039183074, 0.6514740927706839, 29.767706873321686, 0.8529755349320567 
0, 'BL', 4, 9, 'BL', 7.102800739254414, 13.251805578831409, -7.102800739254414, -12.227801217853994 
1, 'BL', 6, 11, 'BL', 33.68026512106749, 4.637095751505342, -32.7729604955577, -2.7370863809653088 
1, 'BL', 12, 13, 'BL', -7.884513302548612, -1.1252262640604727, 8.013249399513768, 1.2417017803623764 
1, 'BL', 2, 4, 'BL', 19.618302355300443, 4.608732515379188, -19.41008487812502, -7.971384221021026 
0, 'BL', 9, 10, 'BL', -20.83121559334205, 6.8871764181178605, 20.972199370704914, -6.512667484224039 
0, 'BL', 3, 4, 'BL', -30.683289885526534, 9.8016341418313, 31.29938248939527, -9.699625309026032 
0, 'BL', 9, 14, 'BL', -7.164517362937033, 6.067912061922868, 7.267680693133769, -5.8484698369318835 
0, 'BL', 6, 11, 'BL', 32.646199533478324, 4.384576649499081, -31.794520266333137, -2.6010537369367626 
1, 'BL', 13, 14, 'BL', 19.154237364344795, 0.916185157790494, -18.597200796099614, 0.21796254290978823 
1, 'BL', 2, 3, 'BL', 46.96631938854263, 1.4656802457919866, -46.094067904138, -2.9198953112339723 
0, 'BL', 4, 7, 'BL', -12.88676456547627, -0.339966034619124, 12.88676456547627, 0.6282882633922782 
0, 'BL', 6, 12, 'BL', 12.45857283779759, 2.1170066115977306, -12.29635423488773, -1.779384442446542 
0, 'BL', 7, 8, 'BL', -12.886764565476337, -0.6282882633925055, 12.886764565476337, 0.8711534154506353 
0, 'BL', 5, 6, 'BL', -33.2962746443978, 26.481875721010738, 33.2962746443978, -23.064765090091328 
--end of line flow
