--generation dispatch
bus id,unit id,pg(MW),qg(MVar) 
101, 1, 9.818079204187514, 1.969074223240713
101, 2, 15.84360371021806, -1.5202470906285754
101, 3, 40.1670841318858, -7.054026965842974
101, 4, 32.989145884193896, -42.30596844718621
102, 5, 13.505080024106157, -2.70969106555498
102, 6, 14.24874480049815, -0.027663595898342812
102, 7, 32.27267621780848, -39.297345291860445
102, 8, 32.27267613251193, -26.58889596045941
107, 10, 20.562559792817165, 9.459514699585153
107, 11, 61.62012528678657, 27.60343136858786
107, 9, 53.9800407952105, 15.024087125088991
113, 12, 93.5650693924222, -6.278254515057234
113, 13, 103.9782056434527, 8.82978228512803
113, 14, 135.3594783090349, 9.770593123893915
114, 15, 1.0341419691560356e-11, -23.406569979744663
115, 16, 0.4331790930748665, 3.023635288352939
115, 17, 1.6947258586365952, 2.788203938782578
115, 18, 2.2363714669236394, 4.3954313519229
115, 19, 3.7745058413086743, 2.071168702744269
115, 20, 0.9276446740568997, 3.712529154492142
115, 21, 77.86097688502423, 69.96249397351387
116, 22, 71.87662762975698, -5.836833439797508
118, 23, 197.67633967872862, 54.74021674000916
121, 24, 237.86909967807247, 44.416421657331796
122, 25, 46.04347511227479, 3.1357556029408773
122, 26, 43.26693620099923, 4.204698863359088
122, 27, 61.33855049996873, 3.5335004325929624
122, 28, 58.63577810614606, 7.960222027805713
122, 29, 43.16781910634836, 1.1754607719051224
122, 30, 62.03378365175104, 1.8698327637861043
123, 31, 77.496205046916, -68.99457622257337
123, 32, 101.16001686846566, -33.64651873669296
123, 33, 212.83946469734022, 15.428962614008377
201, 34, 18.068230350342777, -1.4595779667291304
201, 35, 9.233662885790833, 1.9611849311990064
201, 36, 3.9261445318989607, -19.107948167005866
201, 37, 1.6856465722685143, -30.9019777825452
202, 38, 18.04066832712747, -2.8260242662301276
202, 39, 14.83918452775136, 6.140385743732227
202, 40, 55.50151256670797, -25.48074037766147
202, 41, 37.22361051239686, -24.39771635823734
207, 42, 46.7788496083215, 24.42718170006721
207, 43, 24.654119238782727, -7.395831343655149
207, 44, 10.187763347585062, 13.70429907548397
213, 45, 117.92588307734638, -24.646102646590027
213, 46, 97.70236001775277, 10.666596823254904
213, 47, 147.90587720940297, -3.069785941805272
214, 48, 1.062825867417935e-11, 13.16826271790178
215, 49, 7.138681240837137, 2.8202780147911555
215, 50, 4.333322809135199, 3.4993035562631567
215, 51, 1.8396061569299635, 3.110353313622715
215, 52, 5.009489644934621, 3.6298891195751124
215, 53, 2.097394880871178, 3.9275463887635853
215, 54, 86.11504779008082, 14.963808455231868
216, 55, 78.07558931207143, 55.187056366396234
218, 56, 251.00485753455683, 53.42530002598961
221, 57, 235.88645635795876, 26.2402445849609
222, 58, 64.48088311161058, 6.099937656348312
222, 59, 36.630560222912145, 5.622186447993143
222, 60, 59.238311180743885, 1.6875636859274035
222, 61, 61.7851604571487, 2.035962412982247
222, 62, 46.149639899741416, 4.169244398103892
222, 63, 56.57875331620828, 2.739562990399159
223, 64, 101.15199875352725, -15.702347272507431
223, 65, 111.54207601210743, -51.71262654078745
223, 66, 12.928881325934544, 69.89039305381766
301, 67, 12.336547783672838, -4.0593586057239905
301, 68, 20.69991953954436, 2.3748886255939063
301, 69, 13.481050798564974, -16.508351293953535
301, 70, 41.44554603456438, -24.976194705465883
302, 71, 21.656443607442316, 2.3210517580305363
302, 72, 20.079491022165083, 0.35539868964536886
302, 73, 26.71374359562321, -36.60545213621622
302, 74, 24.197466779976935, -17.12702094550534
307, 75, 52.49254250328262, -3.0170240546750695
307, 76, 64.55022966074581, -5.789682312897889
307, 77, 4.388956042758133, 28.347348470634266
313, 78, 76.02838119336315, 22.759201020284614
313, 79, 115.2912337765747, -0.9824281955955566
313, 80, 38.59243379651186, -3.451916017290534
314, 81, 1.0466433647455946e-11, -19.68404611343813
315, 82, 6.313609443832715, 1.1297740214219152
315, 83, 5.027968577621645, 3.5078931898719383
315, 84, 1.0696125326948667, 3.154620398168014
315, 85, 4.767176640377313, 2.368709388819695
315, 86, 4.152608313534431, 3.090134727884826
315, 87, 104.79528017317091, 57.07168294834586
316, 88, 98.83124146419144, 58.875726981073065
318, 89, 243.38317005654105, 13.612768954871266
321, 90, 212.42279489232783, 54.7099935312431
322, 91, 43.63106265001666, 2.5927306623425217
322, 92, 49.34400299367231, -4.651909684352198
322, 93, 60.779218557651305, 5.529169218180697
322, 94, 50.09265777225342, 5.510598960738493
322, 95, 56.855768349847914, -2.5388022861439103
322, 96, 51.591740332438775, 5.500859916994686
323, 97, 86.35545206009247, -15.162687245989078
323, 98, 86.3306835344396, -16.56941747477251
323, 99, 192.290096416053, 13.876528742876335
--end of generation dispatch
