--contingency generator
conID,genID,busID,unitID,q(MW) 
1, '1 ', 8, '1 ', 7.747161288952372
1, '1 ', 1, '1 ', 4.176442795057297
1, '1 ', 3, '1 ', 22.78007334439437
1, '1 ', 2, '1 ', 13.887128065152108
1, '1 ', 6, '1 ', -9.412790984210076
--end of contingency generator
--bus
contingency id,bus id,v(pu),theta(deg) 
0, 4, 1.06051151200099, 21.41963909149863
1, 11, 1.081325004487994, 34.631129912780885
0, 7, 1.0887588931619143, 21.6751998590982
1, 10, 1.0784160413087767, 33.57395241725037
1, 14, 1.0622548643056466, 33.07303362603099
0, 12, 1.0783632036194677, 22.016789573715123
1, 4, 1.0603212608159032, 34.42365919853174
0, 13, 1.0757789246233482, 21.90001928603176
1, 12, 1.0499257462730833, 33.938636108680846
0, 14, 1.065662504385451, 20.281072720525483
1, 8, 1.0999999883241665, 36.69723371705578
0, 6, 1.0925916287415192, 23.008993110709227
1, 5, 1.0623646572243843, 35.547009278545474
1, 6, 1.0925916294507567, 36.0833202824026
0, 5, 1.0624444478431083, 22.533230716924805
1, 7, 1.0882986156423238, 34.635304743333386
0, 3, 1.0444274832157785, 17.71860834904659
0, 8, 1.1000000004357562, 23.735673472568106
1, 1, 1.0942303939548932, 39.5426070954614
1, 13, 1.069072083442492, 34.5231076032795
1, 9, 1.083845674072611, 33.439953747116995
0, 11, 1.0817679956233424, 21.61462949208852
0, 9, 1.0847247707163308, 20.50485825029382
1, 3, 1.0444274784782936, 30.72936668615229
1, 2, 1.0770597875952415, 36.80949278531405
0, 1, 1.0942304125179483, 26.53137077136114
0, 2, 1.0770597566311735, 23.799115465027608
0, 10, 1.079187243759782, 20.6143541596429
--end of bus
--Delta
contingency id,Delta(MW) 
1, 0.0023056212284461703 
--end of Delta
--line flow
contingency id,line id,origin bus id,destination bus id,circuit id,p_origin(MW),q_origin(MVar),p_destination(MW),q_destination(MVar) 
1, 'BL', 1, 2, 'BL', 95.83799579348016, -0.5315738164997583, -94.35021668990771, -1.1495475860901934 
1, 'BL', 2, 5, 'BL', 15.833883465431825, 2.069416365496295, -15.702645674190848, -5.628130802310579 
1, 'BL', 4, 9, 'BL', 3.6608917111385133, 2.076982200983167, -3.6608917111385133, -1.9946910300673153 
1, 'BL', 4, 7, 'BL', -2.0841867576890443, -2.13502172147696, 2.0841867576890443, 2.1508594668063097 
1, 'BL', 6, 13, 'BL', 27.50637447542283, 6.091068340675861, -27.066558045876263, -5.224932493706319 
1, 'BL', 7, 8, 'BL', -24.45205885056491, -6.789368659482648, 24.45205885056491, 7.747161288952384 
1, 'BL', 4, 5, 'BL', -48.987960530542296, 10.899390190265876, 49.28702750278069, -9.956041111542163 
0, 'BL', 12, 13, 'BL', 1.2266670292241315, 0.03964768934042695, -1.2238054105604306, -0.037058605787535726 
0, 'BL', 1, 5, 'BL', 38.186536624891744, 4.666759275552863, -37.502370291997124, -7.5647438415441 
0, 'BL', 10, 11, 'BL', -9.46361917474485, 2.6853169374981576, 9.531794979781154, -2.525724897603709 
0, 'BL', 13, 14, 'BL', 8.787313342993045, -1.0572681150108565, -8.671615205644201, 1.2928339358740004 
0, 'BL', 1, 2, 'BL', 95.81066265204981, -0.52395308501832, -94.32372497725692, -1.1597372549686042 
1, 'BL', 5, 6, 'BL', -4.625602371179625, 21.408287267557, 4.625602371179625, -20.47782397296959 
0, 'BL', 2, 3, 'BL', 61.686832839373636, 3.767989943699945, -60.12932846351853, -2.1356279605129203 
0, 'BL', 4, 5, 'BL', -48.50872468692012, 11.015959133617343, 48.80244147807002, -10.089486169174052 
1, 'BL', 9, 14, 'BL', 5.56900006975215, 6.045549950420934, -5.495894558037321, -5.890044732440799 
0, 'BL', 2, 5, 'BL', 15.85577352129269, 2.013676943588621, -15.724416736662135, -5.572321257762155 
1, 'BL', 9, 10, 'BL', -0.5359016867726041, 7.169882654773346, 0.5498998913856781, -7.132697861003635 
1, 'BL', 3, 4, 'BL', -39.008152701179085, 6.225012156965363, 39.972342624416996, -5.181775149048576 
0, 'BL', 7, 9, 'BL', 21.926985071558253, 4.216485564831146, -21.926985071558253, -3.7537891679753557 
0, 'BL', 6, 13, 'BL', 19.643618290511426, 4.295174928287338, -19.419571037903665, -3.853955947225927 
0, 'BL', 2, 4, 'BL', 27.431989940825815, -0.34574142310418665, -27.053713109879965, -2.3905359008845153 
1, 'BL', 1, 5, 'BL', 38.170731589580924, 4.708016623114133, -37.48682560890106, -7.606658775167546 
1, 'BL', 10, 11, 'BL', -10.025686710462594, 2.7529020469761463, 10.101947786612754, -2.574383279198287 
0, 'BL', 4, 9, 'BL', 3.4077817822555363, 1.938774655998401, -3.4077817822555363, -1.8673977782931388 
1, 'BL', 6, 11, 'BL', 14.738921004998247, -0.6584966922872013, -14.565734587749972, 1.0211707119827906 
1, 'BL', 12, 13, 'BL', -7.567430059328217, -1.6639312607812258, 7.687745108938543, 1.7727877342382214 
1, 'BL', 2, 4, 'BL', 27.527819595120064, -0.25820162925674595, -27.146758060499593, -2.4689403992044845 
0, 'BL', 9, 10, 'BL', 0.0258012128481937, 7.101328926925362, -0.012167644334169836, -7.065112751526385 
0, 'BL', 3, 4, 'BL', -39.11824303598155, 6.157121449258625, 40.08714191668372, -5.102123983253591 
0, 'BL', 9, 14, 'BL', 4.313300219928692, 5.623009726819873, -4.259045003488069, -5.5076016124211264 
0, 'BL', 6, 11, 'BL', 14.155330633106672, -0.6379782526897202, -13.995581780920787, 0.9725123303879286 
1, 'BL', 13, 14, 'BL', 7.522749831468815, -1.4961379085559656, -7.434765651092647, 1.675277055894128 
1, 'BL', 2, 3, 'BL', 61.68319175694134, 3.768473806095926, -60.125866952740324, -2.136868487007291 
0, 'BL', 4, 7, 'BL', -2.5181569153167604, -2.271438783958274, 2.5181569153167604, 2.29189197408391 
0, 'BL', 6, 12, 'BL', 8.878905504472726, 1.8800889238914351, -8.794097088554622, -1.703578950121937 
0, 'BL', 7, 8, 'BL', -24.445141986877587, -6.508377538918012, 24.445141986877587, 7.459305412831441 
1, 'BL', 7, 9, 'BL', 22.367872092875448, 4.638509192675656, -22.367872092875448, -4.1538111446441235 
0, 'BL', 5, 6, 'BL', -4.103700600904863, 21.444007847016223, 4.103700600904863, -20.519551065531914 
--end of line flow
