--generation dispatch
bus id,unit id,pg(MW),qg(MVar) 
101, 1, 10.468445152116917, 0.4145879978443456
101, 2, 9.84609478152252, -1.702982311291117
101, 3, 43.919391873327626, -11.11517924731916
101, 4, 43.91939284789758, -12.221180227549533
102, 5, 9.843967027132384, 1.5957396108652169
102, 6, 17.132662183903022, -2.0769187724824563
102, 7, 54.5429054996379, -32.664961681276154
102, 8, 54.542906604096906, -5.281295389820265
107, 10, 17.167322527398078, -1.4598516311814091
107, 11, 26.54384725844785, 5.620937501995451
107, 9, 12.069887042758552, 2.9356655815799138
113, 12, 145.11057270103652, -10.534677751262779
113, 13, 53.77193027078863, -5.504854311586981
113, 14, 89.99091572822127, 17.05300545135909
114, 15, 6.753291114552531e-14, -23.19600195104758
115, 16, 5.377859192316625, 1.2941178726081755
115, 17, 4.846366190364516, 5.297059226742768
115, 18, 0.8301304362526688, 4.260818603756573
115, 19, 8.237270888958736, 1.1823367549657389
115, 20, 1.7170596640503872, 2.012389233821777
115, 21, 57.05718768700183, 54.74839843556603
116, 22, 75.9163876818464, -48.299669347964404
118, 23, 464.74493849335175, 87.31661384360153
121, 24, 394.48557422748127, 110.06787193014243
122, 25, 38.5186919850047, 2.3663623814419323
122, 26, 43.69852433686436, 4.917707682294826
122, 27, 43.268571680014134, 5.828286263088171
122, 28, 54.69345454366237, -0.6371815901562841
122, 29, 48.35504513706371, -0.9020780364811731
122, 30, 35.63451481757045, 1.1624629895161536
123, 31, 53.37768897432052, -30.711541757727392
123, 32, 20.480143996703255, -65.84426985843866
123, 33, 185.23973949409208, -2.3070464652877
201, 34, 15.849418625944239, 1.3440505792353572
201, 35, 19.751620809256035, 5.502787833124654
201, 36, 26.176997444745602, -36.82593661272236
201, 37, 9.615462326557696, -13.533370681682518
202, 38, 14.295201052839616, 7.685918930642784
202, 39, 16.50978637051789, 1.547998849164632
202, 40, 9.648543386804821, -20.955003749773997
202, 41, 30.786577961623713, -44.56159671381606
207, 42, 36.649660517006524, 15.00885165408077
207, 43, 32.274421568738326, -0.19799510205610305
207, 44, 14.185302506680543, 18.613381689244733
213, 45, 2.290806779545166, 5.680720589196077
213, 46, 108.718643036047, 0.5907403331365123
213, 47, 39.74626720754281, 21.614950731486214
214, 48, 7.162420027216583e-14, 72.50904101784884
215, 49, 5.531790121619389, 2.1733102787375285
215, 50, 5.43790379856984, 3.140237420027433
215, 51, 0.5963358839415169, 2.6357468241116075
215, 52, 2.7753545794790764, 2.262490964813895
215, 53, 0.3747819441746725, 3.6083102447837043
215, 54, 92.665114442948, 61.59274834600309
216, 55, 58.60232352737831, 69.42667735437225
218, 56, 425.92126124816866, 74.29280821465441
221, 57, 286.1497246782418, 34.08030593916616
222, 58, 62.171059509390076, 5.559916917475688
222, 59, 53.59509699989581, 1.7917563270222496
222, 60, 37.31548181280964, 5.62136421107855
222, 61, 36.55840378731959, -0.13278477326174562
222, 62, 41.32409689261117, 4.035615899153546
222, 63, 51.21337443601811, -2.5251919142330026
223, 64, 79.9072877180059, 9.309384049584267
223, 65, 84.52866042592967, 41.39421198230276
223, 66, 95.55572465204922, 16.356243558076894
301, 67, 15.330312376331156, -3.1137291608942723
301, 68, 19.032840294416715, 0.6741761986781575
301, 69, 25.277633653078666, -30.693439224940807
301, 70, 25.179040143350026, -34.0509198016027
302, 71, 20.595039309343527, 3.0360125037118686
302, 72, 20.30640760523871, -2.970530952581899
302, 73, 44.23836386265425, -24.28621891238838
302, 74, 11.985217673567112, -11.686281083313107
307, 75, 27.19677671442067, 11.409266662012772
307, 76, 70.66690720314291, -0.8077816008469597
307, 77, 37.24945157068898, -3.984999725988231
313, 78, 34.61932143814508, -6.409542584696523
313, 79, 88.42545936721001, 17.705021183611336
313, 80, 83.5893623046053, -28.756614693370988
314, 81, 7.772142447978816e-14, -13.424969458980279
315, 82, 6.075377025988027, 5.394970037878826
315, 83, 2.894230806880107, 1.7766070646214365
315, 84, 6.980078476714854, 4.7558269534084285
315, 85, 1.8540671981293781, 3.2006095992208485
315, 86, 9.060312235478035, 1.5410119009300982
315, 87, 64.08071274743675, 88.59134041942468
316, 88, 58.5082448451251, 82.26448074833996
318, 89, 428.56545861166563, 65.77113440921882
321, 90, 372.29770970818834, 32.94003671901888
322, 91, 50.336926395664364, 1.130035612099177
322, 92, 60.06574923650771, -0.3481976337786483
322, 93, 53.60721220973358, -3.5649685673546236
322, 94, 47.80208343419656, 5.368933270754589
322, 95, 58.114409495735934, 7.9950908054732235
322, 96, 44.48702770996318, 6.719523600773648
323, 97, 88.67472454973837, -24.45967553129548
323, 98, 61.72999572403552, -9.259917767368337
323, 99, 149.29547997920153, 39.45683952136452
--end of generation dispatch
