--contingency generator
conID,genID,busID,unitID,q(MW) 
1, '1 ', 8, '1 ', 12.490411829008474
1, '1 ', 1, '1 ', 0.22599931124531392
1, '1 ', 3, '1 ', 17.90904223026029
1, '1 ', 2, '1 ', 10.770310539004225
1, '1 ', 6, '1 ', 0.0398620853018076
--end of contingency generator
--bus
contingency id,bus id,v(pu),theta(deg) 
0, 4, 1.0588497469589713, 24.413433062355463
1, 11, 1.076374209066055, 51.87060617932119
0, 7, 1.0811386241162375, 25.62834698361304
1, 10, 1.065465778349931, 49.24765094474511
1, 14, 1.05078503135238, 49.473952150003484
0, 12, 1.0853962687475085, 30.02780464846166
1, 4, 1.0586556135269256, 47.905847083309766
0, 13, 1.0752007775845793, 29.487884895041486
1, 12, 1.05542422246957, 52.21275952324686
0, 14, 1.0541092508676075, 26.230872130594452
1, 8, 1.0999999997717527, 51.145418316640516
0, 6, 1.1000000000247812, 31.191416475499235
1, 5, 1.0621184633078329, 49.07275481783451
1, 6, 1.1000000000170274, 54.77139584810404
0, 5, 1.0622066249318982, 25.568124174203792
1, 7, 1.0807069637898894, 49.07038573944516
0, 3, 1.0533605775284611, 22.290626507253275
0, 8, 1.0999999997768746, 27.70203137440694
1, 1, 1.0760948098997611, 49.69615761819944
1, 13, 1.068388788311991, 52.53688740237314
1, 9, 1.068381438980269, 48.35705277658802
0, 11, 1.0768565950134235, 28.358213147722804
0, 9, 1.0692087779059014, 24.943375773016026
1, 3, 1.0533605775258603, 45.789426608984925
1, 2, 1.0717685463560715, 49.0802238637908
0, 1, 1.0760948099039385, 26.19556462058716
0, 2, 1.0717685463587794, 25.580769323940793
0, 10, 1.0662321721407733, 25.803916431495594
--end of bus
--Delta
contingency id,Delta(MW) 
1, 0.0020385090582354143 
--end of Delta
--line flow
contingency id,line id,origin bus id,destination bus id,circuit id,p_origin(MW),q_origin(MVar),p_destination(MW),q_destination(MVar) 
1, 'BL', 1, 2, 'BL', 21.283947097546502, -2.0476341733337904, -21.20796123285038, -3.8099729102368656 
1, 'BL', 2, 5, 'BL', 1.8365065834926213, 3.3594313682480106, -1.8206615821820265, -7.249888701316991 
1, 'BL', 4, 9, 'BL', -1.6526821783489447, 4.748886423567484, 1.6526821783489447, -4.6310751263981444 
1, 'BL', 4, 7, 'BL', -11.369192093746536, 1.0281211884570212, 11.369192093746536, -0.7955477295712399 
1, 'BL', 6, 13, 'BL', 39.01648981748576, 7.566247537371396, -38.15296740071693, -5.8657023335547365 
1, 'BL', 7, 8, 'BL', -24.435730846168354, -11.394037736933456, 24.435730846168354, 12.490411830988592 
1, 'BL', 4, 5, 'BL', -51.760517615168624, 8.257549308052148, 52.087770887234115, -7.225291983207171 
0, 'BL', 12, 13, 'BL', 5.243806725175602, -0.23346731563117373, -5.19213990101224, 0.28021348987425654 
0, 'BL', 1, 5, 'BL', 6.841170362808327, 2.2254618208035026, -6.807320297488616, -7.709933011623434 
0, 'BL', 10, 11, 'BL', -24.445931808659083, 5.139050411359051, 24.896301286987494, -4.084785137714448 
0, 'BL', 13, 14, 'BL', 17.69330970397931, -1.6478445054090116, -17.226426667903638, 2.5984361757713543 
0, 'BL', 1, 2, 'BL', 21.248848622523724, -2.0365542919462314, -21.173108835302855, -3.8218041025099865 
1, 'BL', 5, 6, 'BL', -49.39092132037383, 20.370472029158805, 49.39092132037383, -14.831378798308947 
0, 'BL', 2, 3, 'BL', 33.433867258284394, 0.45419972196134495, -32.972985110210985, -3.458073496914949 
0, 'BL', 4, 5, 'BL', -51.18328581211665, 8.328030020675214, 51.503482690891246, -7.318030727402402 
1, 'BL', 9, 14, 'BL', -3.920972001782758, 8.875255986130696, 4.025810447647359, -8.65225056568488 
0, 'BL', 2, 5, 'BL', 1.8738600065403261, 3.2928661659509544, -1.8582969954299813, -7.184508474030167 
1, 'BL', 9, 10, 'BL', -17.07058522283819, 10.275389809425633, 17.18121930662585, -9.981501721400946 
1, 'BL', 3, 4, 'BL', -21.831258857171434, 5.0270218048509605, 22.13897170344572, -5.669049513280697 
0, 'BL', 7, 9, 'BL', 12.561776865095688, 11.79931174786202, -12.561776865095688, -11.519762704387404 
0, 'BL', 6, 13, 'BL', 30.072736171811073, 6.071050314073659, -29.55817275439557, -5.057714314274335 
0, 'BL', 2, 4, 'BL', 14.20175354128645, 1.3530660512004715, -14.094193835413137, -4.885449534906684 
1, 'BL', 1, 5, 'BL', 6.816264432556338, 2.2736334857610245, -6.7823439010198, -7.757353068073769 
1, 'BL', 10, 11, 'BL', -25.068081922497242, 5.2831406898948785, 25.542449957556954, -4.172697441949481 
0, 'BL', 4, 9, 'BL', -1.942932916841831, 4.629048598532449, 1.942932916841831, -4.511654070936601 
1, 'BL', 6, 11, 'BL', 29.9086563645547, -0.4533685627257569, -29.206327721184948, 1.9241325884810863 
1, 'BL', 12, 13, 'BL', -4.837789220141929, -1.4896086217443383, 4.888606713870047, 1.5355863541650194 
1, 'BL', 2, 4, 'BL', 14.30645093791955, 1.4381569306619895, -14.197093041531815, -4.964385429476579 
0, 'BL', 9, 10, 'BL', -16.4552667438291, 10.113151994208238, 16.559069192757363, -9.837411442984376 
0, 'BL', 3, 4, 'BL', -21.937727505976113, 4.951941128996054, 22.24773779539899, -5.588368150648989 
0, 'BL', 9, 14, 'BL', -5.331303106705036, 8.582627557495528, 5.444807741145894, -8.341187992865514 
0, 'BL', 6, 11, 'BL', 29.23103576226302, -0.43136242000304037, -28.560179050637515, 1.8362202842093325 
1, 'BL', 13, 14, 'BL', 16.207357735545074, -2.0952293503411283, -15.807429374340217, 2.909498748729362 
1, 'BL', 2, 3, 'BL', 33.440107351432815, 0.4530924488897199, -32.97905718614871, -3.4562583632695123 
0, 'BL', 4, 7, 'BL', -11.867838456873638, 0.9178610430623166, 11.867838456873638, -0.665083868636998 
0, 'BL', 6, 12, 'BL', 10.189282024093956, 1.4802660787478317, -10.081595945354053, -1.2561413061300186 
0, 'BL', 7, 8, 'BL', -24.429615321969123, -11.134227879225136, 24.429615321969123, 12.220455602564925 
1, 'BL', 7, 9, 'BL', 13.066538752421902, 12.18958546650515, -13.066538752421902, -11.88880961249788 
0, 'BL', 5, 6, 'BL', -48.7440213143417, 20.350410489540934, 48.7440213143417, -14.93699303271768 
--end of line flow
