--generation dispatch
bus id,unit id,pg(MW),qg(MVar) 
101, 1, 14.3599062274763, 0.10512773575674644
101, 2, 19.769234290103114, -3.7395108056271464
101, 3, 29.116998436321953, -27.983929047674007
101, 4, 19.044042229875885, -12.158397453001246
102, 5, 17.54921599774525, -5.269595766161482
102, 6, 9.9175989276358, 1.326079819200597
102, 7, 27.967148131841107, -19.403755235003906
102, 8, 27.96714806588004, -34.218466005116866
107, 10, 6.862882982150036, 19.09646822543603
107, 11, 37.95872924840239, -4.937215181063145
107, 9, 32.44126381692648, -1.0932151064430276
113, 12, 122.80891261495776, -19.884577794422565
113, 13, 98.28830559637301, 9.861164319600329
113, 14, 67.64301407264237, -36.306940899408254
114, 15, 2.9428783852016566e-18, 52.184953690316966
115, 16, 6.592672462481763, 2.397602058069153
115, 17, 4.123011770006399, 3.1913710463064264
115, 18, 5.049967633318145, 2.080163256960645
115, 19, 9.280980914410504, 2.7582191792288557
115, 20, 4.310948010403761, 4.308302390313519
115, 21, 32.1600552962722, 25.64149038034628
116, 22, 39.14885778021663, 10.30499261312639
118, 23, 447.7155784368769, 64.47174458244601
121, 24, 460.31359801443773, 70.91634493889578
122, 25, 40.76045944858621, -2.2472218088133378
122, 26, 43.24317396423127, 3.9284993914340958
122, 27, 54.85451406603958, 4.885585956381971
122, 28, 36.881152945945956, 5.013740380847781
122, 29, 35.17299889158735, -5.677833371379927
122, 30, 59.0046637136517, 4.218468409457308
123, 31, 53.13779381506764, -59.62643397291401
123, 32, 53.13780781751206, -18.98891373039579
123, 33, 264.12809025258093, 28.333760017362856
201, 34, 10.064912871271423, -2.009132758773914
201, 35, 19.260823182639417, 5.142055631194052
201, 36, 13.822590100948734, -16.57404584439866
201, 37, 50.428744061583714, -30.611045308863183
202, 38, 11.683845984665476, 1.4209737314436117
202, 39, 12.389045312888612, 4.9150824994621125
202, 40, 14.116834374208239, -35.64426734509908
202, 41, 29.202383965590005, -16.302418455436325
207, 42, 9.631101494052615, 19.45554209871747
207, 43, 69.20810180225276, -11.218394429537186
207, 44, 63.4130945276947, 4.159875012006693
213, 45, 119.7072354255909, 25.78009063737332
213, 46, 2.9401743591572833, 23.562695077458336
213, 47, 71.51971855617985, 35.2673650946653
214, 48, -1.5570729564089408e-16, -35.61498874824501
215, 49, 3.146765209120064, 2.0254729861305933
215, 50, 2.8015882836844597, 4.363270053186366
215, 51, 8.174714597221016, 5.128676353467271
215, 52, 2.663543281760444, 2.7046859931235794
215, 53, 4.868322262037568, 3.499267200146214
215, 54, 89.78186122059309, 66.73734264018042
216, 55, 95.66617469714983, 61.686767617656244
218, 56, 316.0289377757432, 62.01757779276104
221, 57, 309.24367769072404, 32.47332982705957
222, 58, 53.09488402019631, 1.2334373408168917
222, 59, 53.70754048499655, 6.339854809209997
222, 60, 37.7997793307658, 3.8147746764425667
222, 61, 44.00229413566549, 1.4164188066645595
222, 62, 64.67590580034445, 6.862704935842542
222, 63, 37.24255416580846, -3.642779264765163
223, 64, 102.28813928634042, -8.377294932740131
223, 65, 102.28814232657784, -8.584402370538927
223, 66, 137.96853960075978, -17.713333158943637
301, 67, 13.648294060872386, -2.862655079778975
301, 68, 15.92892191937115, -3.066169599302329
301, 69, 25.91988389612909, -18.727375612328718
301, 70, 32.16667883075867, -26.165813697911865
302, 71, 12.219677480011903, -4.571758313393075
302, 72, 10.17800540275876, 0.44235203233158676
302, 73, 12.508555193326137, -24.12378026433019
302, 74, 18.70035789676633, -26.86803464075675
307, 75, 68.20545607778587, 28.414493149653993
307, 76, 11.445979295440265, 3.8532633732981303
307, 77, 29.775280172379617, -6.540084368672063
313, 78, 75.56171365368336, -18.536496950137913
313, 79, 40.28668145218808, -15.044990598318654
313, 80, 82.21155716887594, 22.409704645695665
314, 81, -3.699450945917936e-17, 22.18487159718266
315, 82, 3.0402674443836673, 3.6681305629562133
315, 83, 3.4727006745154614, 4.175632341233271
315, 84, 6.350817143861005, 4.512350801741237
315, 85, 0.3566021819093617, 3.1036854649417456
315, 86, 4.303564805630706, 3.6342033571366557
315, 87, 99.87513969557145, 95.50769373587089
316, 88, 101.79606518731364, 43.536926198227654
318, 89, 289.3670207672962, 48.53327555018047
321, 90, 367.7278845423001, 32.94937493621096
322, 91, 53.79788767818071, 3.829502017335907
322, 92, 42.659871126913345, 3.8849939411277052
322, 93, 44.19241865902848, 1.1719834837209053
322, 94, 47.86021722985141, 2.371262353936237
322, 95, 35.64799234077044, 1.7849341718707108
322, 96, 58.303930769131405, -2.5047642688029894
323, 97, 126.56227189978215, -0.9064915213294095
323, 98, 95.53250430109132, 38.186935507202136
323, 99, 125.16626657409326, 19.515902142111724
--end of generation dispatch
