--contingency generator
conID,genID,busID,unitID,q(MW) 
1, '1 ', 8, '1 ', 2.3741343472755587
1, '1 ', 1, '1 ', -12.726400784997157
1, '1 ', 3, '1 ', 17.2036961531246
1, '1 ', 2, '1 ', 43.29493844648455
1, '1 ', 6, '1 ', -8.462391210346288
--end of contingency generator
--bus
contingency id,bus id,v(pu),theta(deg) 
0, 4, 1.0711733707217124, 93.82150648791973
1, 11, 1.0832978534893256, 50.30021235377824
0, 7, 1.088308742740539, 92.67171283705011
1, 10, 1.0769385149032755, 48.28395169350625
1, 14, 1.058399126031795, 47.669918563755104
0, 12, 1.0868339815443318, 95.60048072691016
1, 4, 1.0709904850827858, 49.71827071029934
0, 13, 1.0799726803143057, 95.13079372670296
1, 12, 1.0602971059186759, 50.41843953739389
0, 14, 1.0614637142881156, 91.9854874182073
1, 8, 1.0916885814095993, 48.92555274308046
0, 6, 1.0999995455300573, 96.58295060334369
1, 5, 1.0735558423490454, 50.70987539930379
1, 6, 1.1000000000383634, 52.55298757447467
0, 5, 1.0736320844912803, 94.80318793430197
1, 7, 1.0878843850842732, 48.52487447442504
0, 3, 1.0678914804456996, 92.33184456122557
0, 8, 1.0916885813765214, 93.07179434097065
1, 1, 1.0950833888565856, 52.862272132799156
1, 13, 1.0738591519155025, 50.654755754564114
1, 9, 1.0819935605967157, 47.63701701348183
0, 11, 1.0837319053563332, 94.3879737655434
0, 9, 1.0827919392927423, 91.80797726018577
1, 3, 1.067891480472648, 48.23359451953877
1, 2, 1.0960611580426496, 51.80281474020936
0, 1, 1.0950833888272686, 96.95892890378957
0, 2, 1.0960616141795732, 95.90041926888752
0, 10, 1.0776594230254863, 92.42965638875037
--end of bus
--Delta
contingency id,Delta(MW) 
1, 0.0017285717471105767 
--end of Delta
--line flow
contingency id,line id,origin bus id,destination bus id,circuit id,p_origin(MW),q_origin(MVar),p_destination(MW),q_destination(MVar) 
1, 'BL', 1, 2, 'BL', 33.440832126674195, -15.581624937793094, -33.23519740087636, 9.871985798662536 
1, 'BL', 2, 5, 'BL', 15.890071120000925, 7.0267256300655845, -15.731076408169514, -10.613481171269996 
1, 'BL', 4, 9, 'BL', 7.808687121239315, 4.764074936858151, -7.808687121239315, -4.3831215223208915 
1, 'BL', 4, 7, 'BL', 11.864913037749778, 3.8928431010475606, -11.864913037749778, -3.6209283196652677 
1, 'BL', 6, 13, 'BL', 32.990659455379955, 5.818556336985694, -32.37713777207483, -4.6103406199159735 
1, 'BL', 7, 8, 'BL', -4.714856505620483, -2.3329468164581613, 4.714856505620483, 2.3741343472753442 
1, 'BL', 4, 5, 'BL', -44.698268812600645, 8.05493477662867, 44.93835699656154, -7.297622909467464 
0, 'BL', 12, 13, 'BL', 4.032714010326174, -0.7066932225921505, -4.001363863954964, 0.7350576407375229 
0, 'BL', 1, 5, 'BL', 21.224783205321685, 2.8136260706295957, -21.006848246172837, -7.699631743604698 
0, 'BL', 10, 11, 'BL', -18.67461664122746, 4.925579925101999, 18.938145046882738, -4.308688994276736 
0, 'BL', 13, 14, 'BL', 17.02986803349509, -2.1243337771039705, -16.598228603455965, 3.003168121234353 
0, 'BL', 1, 2, 'BL', 33.41011432710593, -15.573028162507626, -33.20484594921675, 9.862267869559446 
1, 'BL', 5, 6, 'BL', -16.170395296456956, 23.97421630971394, 16.170395296456956, -22.385848974432008 
0, 'BL', 2, 3, 'BL', 38.5998921532309, 4.949807652895174, -37.99462984692613, -7.528240775914242 
0, 'BL', 4, 5, 'BL', -44.20340390202409, 8.160163765348443, 44.43848995223186, -7.418630164280785 
1, 'BL', 9, 14, 'BL', 3.4361811023026405, 7.826571964975358, -3.356853321165147, -7.657831146283286 
0, 'BL', 2, 5, 'BL', 15.922840683719016, 6.96920254775921, -15.763846894428127, -10.556245847248192 
1, 'BL', 9, 10, 'BL', -11.474129817368976, 10.880147886066425, 11.542067718080261, -10.699677826018842 
1, 'BL', 3, 4, 'BL', -15.601330143357785, 3.67230209425918, 15.755741213712128, -4.742142063923893 
0, 'BL', 7, 9, 'BL', 16.14755207668829, 5.579387133911496, -16.14755207668829, -5.308291920860256 
0, 'BL', 6, 13, 'BL', 25.317842858152176, 4.3473739967028, -24.957082968734653, -3.636925156273037 
0, 'BL', 2, 4, 'BL', 26.518255929887886, 5.127649486973951, -26.15323924295558, -8.01299715372113 
1, 'BL', 1, 5, 'BL', 21.202708264505745, 2.8552241527928572, -20.984978456836643, -7.741673989759761 
1, 'BL', 10, 11, 'BL', -19.224712232729246, 5.022934610191612, 19.504027893940417, -4.369087455422232 
0, 'BL', 4, 9, 'BL', 7.561562493777059, 4.634734860721267, -7.561562493777059, -4.276732198422707 
1, 'BL', 6, 11, 'BL', 22.948854750090845, -1.2586686255709196, -22.534212745854376, 2.1269808454344457 
1, 'BL', 12, 13, 'BL', -4.6343239598177774, -2.0672227991379373, 4.684925453145638, 2.1130051026249816 
1, 'BL', 2, 4, 'BL', 26.607905861261514, 5.213804553560294, -26.23998392248683, -8.089669262725579 
0, 'BL', 9, 10, 'BL', -10.928088426666477, 10.772023632684068, 10.99197212658106, -10.602323140926956 
0, 'BL', 3, 4, 'BL', -15.692593039671635, 3.595416245363822, 15.848288002513186, -4.662230062416597 
0, 'BL', 9, 14, 'BL', 2.21079761746671, 7.504031814942778, -2.1444496277730707, -7.362900751663972 
0, 'BL', 6, 11, 'BL', 22.362069274697546, -1.24204288263752, -21.96832989879539, 2.0665823842900295 
1, 'BL', 13, 14, 'BL', 15.763633519730575, -2.528865775350596, -15.385824910070411, 3.298098515852246 
1, 'BL', 2, 3, 'BL', 38.60620610044896, 4.948466290485612, -38.00076058471754, -7.526125358111926 
0, 'BL', 4, 7, 'BL', 11.437881286314852, 3.7603700779493465, -11.437881286314852, -3.5076624002932704 
0, 'BL', 6, 12, 'BL', 8.747127237324122, 1.5272176852240023, -8.667037970142559, -1.3605295765450478 
0, 'BL', 7, 8, 'BL', -4.709670790373446, -2.0717247336175433, 4.709670790373446, 2.1110962612100366 
1, 'BL', 7, 9, 'BL', 16.579769543370293, 5.953875136123315, -16.579769543370293, -5.6654050542490495 
0, 'BL', 5, 6, 'BL', -15.615887976528981, 23.99594599435136, 15.615887976528981, -22.439298264570937 
--end of line flow
