--generation dispatch
bus id,unit id,pg(MW),qg(MVar) 
101, 1, 14.662696073930405, -0.41502952027021267
101, 2, 17.5355822728818, 2.205206863889312
101, 3, 71.53960765362861, -29.88466714972701
101, 4, 71.53960578840179, -12.620153893250881
102, 5, 12.689328619542096, 7.159220527687097
102, 6, 13.716504575583249, 4.400133363212087
102, 7, 84.22830764477355, -30.602672577015568
102, 8, 93.70559297642498, -17.078653910653504
107, 10, 20.001224317776796, 23.56239980444807
107, 11, 28.659703094699726, -27.95505712940288
107, 9, 68.53962804418532, -8.120251234715536
113, 12, 2.2831590376295416, 22.225228970202547
113, 13, 71.3906144914194, -6.684751907105026
113, 14, 84.89193154527041, -16.816752190217194
114, 15, 8.837740391168818e-14, 47.08668403889637
115, 16, 3.7628242517682033, 1.686786810971625
115, 17, 2.9312074566579325, 4.0174132724714875
115, 18, 5.683005419114787, 1.9980360026466402
115, 19, 2.2106986774201527, 3.3547114336329087
115, 20, 2.5609357014735483, 1.2507025600129469
115, 21, 44.251988630360515, 17.091327525615153
116, 22, 78.95306859216944, -43.89180985093549
118, 23, 508.8219607169608, 136.41481473762084
121, 24, 436.69924662601017, 69.98462266331579
122, 25, 64.23818187534086, 9.24788858191606
122, 26, 59.426776426632166, 15.166189519496369
122, 27, 50.6380706045518, 12.683848396470463
122, 28, 61.993965781081684, 9.491690300070632
122, 29, 58.9374685238788, 14.355300453473985
122, 30, 49.88231582313052, 9.786943559067188
123, 31, 60.14221717929421, 7.042406393181489
123, 32, 95.1511780414903, -26.749765764285286
123, 33, 115.62312196770796, 31.437616076849515
201, 34, 8.968275780452066, 3.0890281532070865
201, 35, 20.209336938246228, -1.5292544322123585
201, 36, 8.001960537568968, -11.463274571306599
201, 37, 8.090882129486797, -17.3873196783719
202, 38, 14.41320879777866, -0.7137603210689486
202, 39, 12.636755359612478, 6.196345061159775
202, 40, 7.623112929610457, -13.475810215800747
202, 41, 6.3727493886408695, -37.779868166345814
207, 42, 59.760023355434015, -8.11343970438031
207, 43, 51.49045295193566, 34.04716683445994
207, 44, 25.366204944394358, -13.0036437905609
213, 45, 79.7117921715904, 24.380480489017064
213, 46, 42.24751228732707, 11.267632209907905
213, 47, 98.07769685918599, 7.037059319461523
214, 48, 9.946144081217816e-14, -34.599958194989185
215, 49, 9.061761902784559, 2.3334104500244686
215, 50, 5.4563009931452635, 3.622609555656075
215, 51, 1.8093351076063113, 2.8272688807671957
215, 52, 1.718296436078958, 4.540147096762413
215, 53, 6.715233841240928, 2.031047129757621
215, 54, 60.9435430206294, 95.22411265459738
216, 55, 49.14320302136952, 31.28080560033125
218, 56, 400.95914649961736, 85.1495641593794
221, 57, 288.88068844760693, 45.5492771296444
222, 58, 43.53449576053533, 1.244663346186896
222, 59, 58.96217768298227, 3.6921024685001447
222, 60, 60.35075409788402, 3.7244480518149228
222, 61, 48.56317160868782, 3.496979674503331
222, 62, 37.993280747754014, 4.358268048321869
222, 63, 53.1739024141221, 4.612194746286953
223, 64, 83.41843157248356, -3.4454781908138163
223, 65, 60.88875761509007, -28.318387184254835
223, 66, 59.51463745567961, -0.506962375150814
301, 67, 16.011808738752823, -4.919424029767198
301, 68, 21.338046376846563, 0.6722047509239146
301, 69, 7.91361372465396, -4.421076436936647
301, 70, 53.48929313855277, -6.5529715268578075
302, 71, 10.541121520609613, 1.3512739776483225
302, 72, 19.33563591689231, 0.2290478485509763
302, 73, 8.732128132593637, -10.394647785284537
302, 74, 33.826256061629984, -42.8673158264356
307, 75, 43.118401149938954, -5.523978552690812
307, 76, 37.179717245698065, 17.976570298018157
307, 77, 12.463197117861718, 28.188143094495853
313, 78, 5.416289937833002, -20.5143706932567
313, 79, 67.66741970739383, 18.92642597553914
313, 80, 46.89324224164408, -0.46072564104812574
314, 81, 9.608927673113227e-14, 53.75928224676826
315, 82, 2.7725428910616463, 5.1551386529112815
315, 83, 1.2233281954465032, 1.8630292175536345
315, 84, 0.8574397111621032, 2.6543075108588354
315, 85, 1.171437978032007, 4.3628908145093535
315, 86, 2.563686055361387, 4.154922997820004
315, 87, 79.92282697197943, 56.93881814025672
316, 88, 115.15391751288173, 31.897245219407928
318, 89, 317.1455142389814, 107.34241037561208
321, 90, 456.7270388753864, 79.03855600253004
322, 91, 44.66008765146781, 4.700282457998343
322, 92, 41.30084718567032, 6.547469549236415
322, 93, 56.611787797777836, 4.659042965711364
322, 94, 52.75834592048722, -2.4295276996495256
322, 95, 64.73952813994784, 5.953140552431653
322, 96, 53.33699833824013, 2.6654456376962057
323, 97, 81.24773828116255, 2.419131440588785
323, 98, 81.24773945551792, 7.2628118656342675
323, 99, 98.09593654217552, 28.72655359510865
--end of generation dispatch
