--contingency generator
conID,genID,busID,unitID,q(MW) 
1, '1 ', 8, '1 ', 3.7675628903538754
1, '1 ', 1, '1 ', 0.21932913025699027
1, '1 ', 3, '1 ', 15.21598825831619
1, '1 ', 2, '1 ', 12.93975454875868
1, '1 ', 6, '1 ', 3.4001507651997205
--end of contingency generator
--bus
contingency id,bus id,v(pu),theta(deg) 
0, 4, 1.0644721046347672, 103.50746199052925
1, 11, 1.066973865481554, 91.21145519623148
0, 7, 1.0943582352041823, 105.08546631460646
1, 10, 1.0459683297677749, 88.76317803256107
1, 14, 1.0329280778001055, 88.3494566919479
0, 12, 1.0837716993190736, 105.29138570806013
1, 4, 1.0642529583975875, 90.89261671825051
0, 13, 1.0729209762668013, 104.74927821760669
1, 12, 1.050964302761656, 91.31355963193678
0, 14, 1.0375339248439512, 101.28960867769099
1, 8, 1.099999999406761, 93.78776355449476
0, 6, 1.0999999999159429, 106.4818359228539
1, 5, 1.0651282640399247, 91.54927702923001
1, 6, 1.0999999999155492, 93.91376356072254
0, 5, 1.065240638088887, 104.15772923141016
1, 7, 1.0942553515425053, 92.47184583144808
0, 3, 1.0645467981818613, 102.35412981016239
0, 8, 1.099999999414284, 106.40063434694645
1, 1, 1.0819582768332792, 92.67973336704493
1, 13, 1.0651159437547442, 91.63075778755004
1, 9, 1.046909177423918, 87.95266782065328
0, 11, 1.0680687797772888, 103.85845862425805
0, 9, 1.0491249134044351, 100.72268104634871
1, 3, 1.0645467981779113, 89.74514042881336
1, 2, 1.0766818601416839, 91.87558582095994
0, 1, 1.0819582768498843, 105.2898751689444
0, 2, 1.0766818601512536, 104.48622309027834
0, 10, 1.0479036626417821, 101.49503471382418
--end of bus
--Delta
contingency id,Delta(MW) 
1, 0.0024880188476792656 
--end of Delta
--line flow
contingency id,line id,origin bus id,destination bus id,circuit id,p_origin(MW),q_origin(MVar),p_destination(MW),q_destination(MVar) 
1, 'BL', 1, 2, 'BL', 27.86523194649294, -2.375054032190974, -27.736601360298664, -3.383094513145579 
1, 'BL', 2, 5, 'BL', 5.511563330934621, 3.354129873119632, -5.4825279489551235, -7.23365265329096 
1, 'BL', 4, 9, 'BL', 10.603305759214793, 10.420402759445267, -10.603305759214793, -9.401354581735092 
1, 'BL', 4, 7, 'BL', -15.692662656883115, -2.938263827616993, 15.692662656883115, 3.388397551263097 
1, 'BL', 6, 13, 'BL', 40.66249087956999, 9.52191463003237, -39.70899875334851, -7.644190982521081 
1, 'BL', 7, 8, 'BL', -15.692662656883066, -3.388397551263097, 15.692662656883066, 3.767562888965358 
1, 'BL', 4, 5, 'BL', -28.619867087798184, 7.037883696601966, 28.722249570728195, -6.714937902131169 
0, 'BL', 12, 13, 'BL', 5.417541128333596, -0.0783860521841575, -5.36232642200315, 0.1283422150545448 
0, 'BL', 1, 5, 'BL', 11.522799186511492, 2.539454949198216, -11.447963015998951, -7.901738946871603 
0, 'BL', 10, 11, 'BL', -24.11712064110705, -0.20353869356324594, 24.551748652482047, 1.22095492933164 
0, 'BL', 13, 14, 'BL', 20.09869312829666, 1.6210505325366853, -19.494974660074874, -0.39185670283708873 
0, 'BL', 1, 2, 'BL', 27.849787184383786, -2.3702342490444153, -27.72129791045768, -3.3883457436500066 
1, 'BL', 5, 6, 'BL', -20.579490038734463, 19.852135138983158, 20.579490038734463, -18.274465952859202 
0, 'BL', 2, 3, 'BL', 21.963756259590866, -0.7514439544403331, -21.76691766645905, -3.439853451746444 
0, 'BL', 4, 5, 'BL', -28.27894830722812, 7.19587883134227, 28.37926817199775, -6.87943916801305 
1, 'BL', 9, 14, 'BL', -0.18039543725078033, 5.507867909640254, 0.2156158435677753, -5.4329493866287635 
0, 'BL', 2, 5, 'BL', 5.514099590354391, 3.2838609583203606, -5.485418082815784, -7.164878348435991 
1, 'BL', 9, 10, 'BL', -15.628806295723962, 7.178778521421691, 15.714655381040757, -6.950729237886435 
1, 'BL', 3, 4, 'BL', -11.393032897700778, 4.054271060124506, 11.483292565423483, -5.27407311917284 
0, 'BL', 6, 13, 'BL', 31.17431258968321, 7.449653028502439, -30.61267443604777, -6.343612177797922 
0, 'BL', 2, 4, 'BL', 12.260129228567024, 1.5393136160239465, -12.178606333860188, -5.188939120228611 
1, 'BL', 1, 5, 'BL', 11.519794483958819, 2.59438355089668, -11.444714100496, -7.955070499098781 
1, 'BL', 10, 11, 'BL', -24.9313321485119, -0.25837111483201625, 25.39753950766314, 1.3497111205866759 
0, 'BL', 4, 9, 'BL', 10.067456071465633, 10.0021337232632, -10.067456071465633, -9.073924351236798 
1, 'BL', 6, 11, 'BL', 30.01198031341525, 4.589501870723154, -29.28841914903265, -3.074274290225219 
1, 'BL', 12, 13, 'BL', -5.0932021737691, -1.8029883399340463, 5.1515890377432925, 1.8558145501964134 
1, 'BL', 2, 4, 'BL', 12.341133081066943, 1.6472342311371904, -12.258225638286746, -5.291865623140097 
0, 'BL', 9, 10, 'BL', -14.821910859584534, 7.214176551548917, 14.900443873893835, -7.005561659718069 
0, 'BL', 3, 4, 'BL', -11.499954304499084, 3.9611462510729325, 11.591140089877456, -5.178883136159925 
0, 'BL', 9, 14, 'BL', -1.5231405604124575, 5.233280552010399, 1.557447879546487, -5.160304287771112 
0, 'BL', 6, 11, 'BL', 29.123407123100662, 4.371154118671541, -28.44262829383834, -2.945518099085575 
1, 'BL', 13, 14, 'BL', 18.681101985877902, 1.1941570023108738, -18.15314262413729, -0.11921160318277657 
1, 'BL', 2, 3, 'BL', 21.947864453856965, -0.7482911517702178, -21.751304156094335, -3.444178719435854 
0, 'BL', 4, 7, 'BL', -15.685198579257419, -2.8761064170705595, 15.685198579257419, 3.325003416714253 
0, 'BL', 6, 12, 'BL', 10.629461151854088, 1.9716872535574907, -10.510743302116822, -1.7246022877996552 
0, 'BL', 7, 8, 'BL', -15.685198579258984, -3.3250034167143667, 15.685198579258984, 3.7031270131534484 
0, 'BL', 5, 6, 'BL', -20.230369590391756, 19.89453054651318, 20.230369590391756, -18.341429414276945 
--end of line flow
