--contingency generator
conID,genID,busID,unitID,q(MW) 
1, '1 ', 8, '1 ', 6.191319950940342
1, '1 ', 1, '1 ', -3.002905971727354
1, '1 ', 3, '1 ', 16.884320582985627
1, '1 ', 2, '1 ', 13.330392997129143
1, '1 ', 6, '1 ', 1.4063678437915301
--end of contingency generator
--bus
contingency id,bus id,v(pu),theta(deg) 
0, 4, 1.0522603302573863, 70.11670271037784
1, 11, 1.0813138987817172, 48.28464539018229
0, 7, 1.0763595587913943, 72.48698157751946
1, 10, 1.071547850585487, 46.49764716717457
1, 14, 1.0527462619934291, 45.65273848291726
0, 12, 1.0842935217068237, 74.11278348915874
1, 4, 1.0520526898801543, 45.00034855329501
0, 13, 1.0778398063478825, 73.7848623311133
1, 12, 1.0516481276444805, 47.56555460120737
0, 14, 1.0564733090532215, 71.04347682544874
1, 8, 1.0831728694622345, 51.431674153922806
0, 6, 1.1000000000021286, 75.37032602419457
1, 5, 1.0535436413395043, 45.82889894364923
1, 6, 1.0999999999588264, 50.342930343652625
0, 5, 1.0536354981536382, 70.93250899810724
1, 7, 1.0758788798679528, 47.31592807788365
0, 3, 1.0389004555870769, 67.16463300005418
0, 8, 1.0831728694627474, 76.60012605586185
1, 1, 1.0597368270114216, 46.036845995244626
1, 13, 1.070383963109435, 48.182049307633484
1, 9, 1.0739218525526781, 45.945343230354474
0, 11, 1.0818179816498015, 73.38394661620939
0, 9, 1.0748500244017742, 71.1482428164484
1, 3, 1.0389004555865857, 42.0576036424459
1, 2, 1.059763427666285, 46.07769809186456
0, 1, 1.0597368269716827, 71.14363595616305
0, 2, 1.059763427702982, 71.18552558601917
0, 10, 1.072385232896214, 71.66900999602396
--end of bus
--Delta
contingency id,Delta(MW) 
1, 0.0029205647552236307 
--end of Delta
--line flow
contingency id,line id,origin bus id,destination bus id,circuit id,p_origin(MW),q_origin(MVar),p_destination(MW),q_destination(MVar) 
1, 'BL', 1, 2, 'BL', -1.2361460941248197, -2.6071146948390833, 1.2364318682156181, -3.321824150666771 
1, 'BL', 2, 5, 'BL', 3.6412509103937793, 0.6613276663811121, -3.6310885218160536, -4.493481032588647 
1, 'BL', 4, 9, 'BL', -3.457467174338218, 2.3295972314880657, 3.457467174338218, -2.247587524365258 
1, 'BL', 4, 7, 'BL', -22.36069436994961, 0.3694080600379266, 22.36069436994961, 0.5344232507474089 
1, 'BL', 6, 13, 'BL', 37.4484393782526, 6.634506188445471, -36.65769961702074, -5.077292753892607 
1, 'BL', 7, 8, 'BL', -47.48220614731417, -2.7488452190382304, 47.48220614731417, 6.191319977174999 
1, 'BL', 4, 5, 'BL', -35.57922543052746, 7.829866674881032, 35.73930605163014, -7.324923232586116 
0, 'BL', 12, 13, 'BL', 3.2528058271881832, -0.08466876509982058, -3.232910470203592, 0.10266932618111468 
0, 'BL', 1, 5, 'BL', 2.406552402565609, -0.44331354970739767, -2.401178003810614, -5.028147685741487 
0, 'BL', 10, 11, 'BL', -17.091404658810603, 2.305194032943632, 17.303612659824353, -1.8084385088153567 
0, 'BL', 13, 14, 'BL', 15.374407585183391, -0.5593535501394626, -15.026165613310198, 1.2683874883089175 
0, 'BL', 1, 2, 'BL', -1.2671792854206387, -2.596925686771783, 1.2674797414325667, -3.3319683326456015 
1, 'BL', 5, 6, 'BL', -38.831741354547816, 15.171312624028076, 38.831741354547816, -11.743399945144347 
0, 'BL', 2, 3, 'BL', 39.73383741702378, 0.6463979209552235, -39.069246663343904, -2.6697448615444728 
0, 'BL', 4, 5, 'BL', -34.97624963577596, 7.918971404295462, 35.131306893009196, -7.429873194400443 
1, 'BL', 9, 14, 'BL', 4.989299149030103, 6.070631775260608, -4.921247146391323, -5.925876048146449 
0, 'BL', 2, 5, 'BL', 3.6676609857771325, 0.5969003916517295, -3.6575687742265757, -4.429602879472782 
1, 'BL', 9, 10, 'BL', -10.482221961576158, 7.0264514232060264, 10.526144991168849, -6.909774403382698 
1, 'BL', 3, 4, 'BL', -30.869176060798168, 4.257402780181565, 31.475995932086562, -4.107735580805183 
0, 'BL', 7, 9, 'BL', 24.57009106534738, 1.7640163018684234, -24.57009106534738, -1.18782884412758 
0, 'BL', 6, 13, 'BL', 27.71407320947094, 4.987525737042915, -27.28057461937908, -4.133831688195528 
0, 'BL', 2, 4, 'BL', 12.014961950447116, -1.2493094514276208, -11.940043954649184, -2.314966517756602 
1, 'BL', 1, 5, 'BL', 2.3901220362187416, -0.39579106650694484, -2.38467841058862, -5.074908240722721 
1, 'BL', 10, 11, 'BL', -17.771121724075215, 2.4365735284026186, 18.00104002437729, -1.8983601470617941 
0, 'BL', 4, 9, 'BL', -3.7780869385678373, 2.1961645765159403, 3.7780869385678373, -2.1060938869014194 
1, 'BL', 6, 11, 'BL', 21.65853115520153, 0.3775058272260594, -21.29020147630507, 0.39382259067770065 
1, 'BL', 12, 13, 'BL', -7.6155770817125585, -1.4078507923314305, 7.735387275424841, 1.5162504914044348 
1, 'BL', 2, 4, 'BL', 12.135348529621325, -1.162443493853516, -12.058863008047524, -2.396333418735253 
0, 'BL', 9, 10, 'BL', -9.806901227366154, 6.883393525545671, 9.846427925904607, -6.778394907925303 
0, 'BL', 3, 4, 'BL', -31.005820075714098, 4.190326958791047, 31.617479866099302, -4.028586448498686 
0, 'BL', 9, 14, 'BL', 3.4419379385743696, 5.687944358647826, -3.3933081046793063, -5.584502186603572 
0, 'BL', 6, 11, 'BL', 20.937003590050665, 0.4169586309936335, -20.592774111751652, 0.3039009524310927 
1, 'BL', 13, 14, 'BL', 13.783234837196048, -1.029473649664169, -13.498226571597286, 1.6097613498553756 
1, 'BL', 2, 3, 'BL', 39.72639951578563, 0.6476201823900283, -39.06205286405198, -2.6719955301762184 
0, 'BL', 4, 7, 'BL', -22.903353387883655, 0.2532199523128611, 22.903353387883655, 0.6944958343962071 
0, 'BL', 6, 12, 'BL', 10.993700853920615, 1.5840036325978417, -10.868382908901111, -1.3231820272327468 
0, 'BL', 7, 8, 'BL', -47.47344445323101, -2.4585121362642894, 47.47344445323101, 5.894349253776795 
1, 'BL', 7, 9, 'BL', 25.121511777364407, 2.2144219682911626, -25.121511777364407, -1.6099746826903356 
0, 'BL', 5, 6, 'BL', -38.18076235029336, 15.165623877750761, 38.18076235029336, -11.837507736322038 
--end of line flow
