--generation dispatch
bus id,unit id,pg(MW),qg(MVar) 
101, 1, 16.835621555687286, 5.91417318239016
101, 2, 21.749968872384123, 3.9604879495661565
101, 3, 39.64237078882734, -4.2557515536717805
101, 4, 39.64237071835731, 2.0738313356776112
102, 5, 17.09283772842713, 5.471321923668084
102, 6, 10.398392121017087, 2.038706378671381
102, 7, 57.6632547706541, 8.005449721438898
102, 8, 53.8023502620281, -15.075134486839898
107, 10, 59.22111646262836, -20.04128363898989
107, 11, 18.898566693439626, 6.904989027675589
107, 9, 44.909021180261995, 16.102597472599093
113, 12, 118.3653540263386, -7.406025574899409
113, 13, 62.739809105407176, 2.6365738109169583
113, 14, 110.43885927757628, 17.60262586280762
114, 15, -1.273444411626021e-16, 9.135660521631044
115, 16, 3.297054792920328, 3.825986830029244
115, 17, 2.2066699575431246, 4.521725874299576
115, 18, 6.00744670497057, 2.535402017814833
115, 19, 5.707388386482303, 2.8714202344377866
115, 20, 5.741375580260454, 2.889699923777482
115, 21, 52.664622660187675, 29.256133483935518
116, 22, 2.8249196822573626, -37.590157588026536
118, 23, 488.5158454884126, 132.0397709702832
121, 24, 293.7066411886494, 54.75418777783273
122, 25, 63.63628084926714, 7.7090791337091975
122, 26, 50.33037007010388, -6.756475602203059
122, 27, 48.45272180081192, 0.038815690161159974
122, 28, 47.83775489932704, -5.773262909326165
122, 29, 61.742855176952055, -5.212559086005859
122, 30, 38.93023636813122, -1.4535311586840713
123, 31, 68.17922177127157, 5.397451130087842
123, 32, 58.477097790297634, -87.27968067755187
123, 33, 56.94519807988989, -61.00827625147295
201, 34, 15.137553899881869, 7.0924070552533305
201, 35, 16.285312269336877, 5.29839477942343
201, 36, 13.68099336729453, -0.7407937494142386
201, 37, 26.182256920190987, -8.506923139048151
202, 38, 11.787486413901517, 3.6324679798885087
202, 39, 17.685830264480064, 1.3181742463395563
202, 40, 25.452489129347136, -33.03810071715245
202, 41, 7.251019968280241, -27.56807101327209
207, 42, 42.28132308106459, 3.4305797714762574
207, 43, 27.5615297466511, 27.85491247143055
207, 44, 26.971831042225883, -4.675847335116658
213, 45, 68.02466789496992, -3.3052187052007223
213, 46, 79.33487850529764, 38.89684524764901
213, 47, 108.94966204082739, 7.522160466438917
214, 48, -1.1448434007550015e-16, 95.05904339081488
215, 49, 3.1054260026460803, 1.205990740885635
215, 50, 5.231624174656319, 3.6702968726035428
215, 51, 6.779226926022952, 3.3797200170811137
215, 52, 6.489520568081949, 3.9499745017585988
215, 53, 4.4652191155572085, 0.4783882175298626
215, 54, 85.77152108402682, -27.853807684245567
216, 55, 90.65193988971248, 56.46081298749783
218, 56, 375.0810469412616, 45.66021091465203
221, 57, 351.96752121001555, 53.38383906988897
222, 58, 46.869314905859696, 6.84654042109424
222, 59, 39.443191477701234, 2.1952512409121883
222, 60, 53.39712727968412, -0.3756848758395916
222, 61, 36.340357173837894, 4.133594240916704
222, 62, 38.76003464371728, 0.33267004056986144
222, 63, 63.37464792807414, 2.822109207060992
223, 64, 66.98449659176687, 4.989914262560887
223, 65, 48.59123282884802, -12.501668068980123
223, 66, 93.85109215820532, 48.99586819597831
301, 67, 18.960735039047076, 4.172114847885206
301, 68, 21.15195603236271, -2.1508804720346264
301, 69, 15.984919639093963, -11.81282944144146
301, 70, 11.19493129070548, -8.67795357560588
302, 71, 12.4242094576338, 1.8759459519428083
302, 72, 17.426199934032987, 1.2338676911574726
302, 73, 23.21009271728334, -33.450379579163055
302, 74, 22.640297811615394, -19.752297823917953
307, 75, 4.776110800355437, 14.604962882082836
307, 76, 67.46154490965317, 0.019675595123322752
307, 77, 24.142362899053357, 6.7148382946865794
313, 78, 21.139675269273063, -26.024016762164823
313, 79, 67.26998002961672, 1.2703653806638855
313, 80, 65.62032588843418, 8.874803556851985
314, 81, -1.1965552741514033e-16, 17.984900849975283
315, 82, 4.632421170489905, 3.233832674195067
315, 83, 0.4242285403037452, 4.242316277284766
315, 84, 7.997487637212558, 2.0706118814606556
315, 85, 4.118312762098489, 3.04576977796844
315, 86, 5.223718980493003, 4.640462674126683
315, 87, 69.0682608563956, 95.70776630869975
316, 88, 17.941584874310916, 75.6418417148355
318, 89, 498.8224813861546, 116.21768110841958
321, 90, 489.05207678179437, 104.5594730211244
322, 91, 64.15865295721328, 0.9791166399245921
322, 92, 37.55919735334924, -0.03679531174154048
322, 93, 63.992488229797395, 5.322090799121692
322, 94, 40.917426235192636, 5.933817264368404
322, 95, 63.76982207099087, 8.774135704075384
322, 96, 46.11084517711884, 3.019527088224029
323, 97, 42.54610141400169, 6.7315744934242385
323, 98, 40.159095285914766, 4.897449683893996
323, 99, 150.96632999120214, 1.417038326488919
--end of generation dispatch
