--contingency generator
conID,genID,busID,unitID,q(MW) 
1, '1 ', 8, '1 ', 8.89956871009509
1, '1 ', 1, '1 ', -2.1828389289179326
1, '1 ', 3, '1 ', 23.345824501980086
1, '1 ', 2, '1 ', 18.87942124900332
1, '1 ', 6, '1 ', -0.7002034182494102
--end of contingency generator
--bus
contingency id,bus id,v(pu),theta(deg) 
0, 4, 1.0621807978004025, 29.039149574059778
1, 11, 1.0821606570728444, 26.094843031754735
0, 7, 1.0832577217214963, 30.834881478425135
1, 10, 1.0725337117771776, 24.652346538613102
1, 14, 1.0578153598056443, 24.182228499145317
0, 12, 1.0836046155973609, 31.73074376190137
1, 4, 1.0619671505378783, 23.964809840187332
0, 13, 1.0779611129822755, 31.53115040836375
1, 12, 1.051703274025975, 25.560070425534356
0, 14, 1.061724598071363, 29.481180436896015
1, 8, 1.0947764518577507, 29.425335743016426
0, 6, 1.0999999999459358, 32.76338372120722
1, 5, 1.0639167106503042, 24.9372387100917
1, 6, 1.1000000000303096, 27.76481449662199
0, 5, 1.064013304704213, 30.001048766131444
1, 7, 1.0827272885681076, 25.714311420214585
0, 3, 1.0478871792278364, 25.06941486777796
0, 8, 1.0947764519449001, 34.54346216984838
1, 1, 1.0782530652906728, 26.103994230944508
1, 13, 1.0702635842284451, 26.060946727723984
1, 9, 1.0755905736385167, 24.28583088308513
0, 11, 1.0826803978500459, 31.15462771940877
0, 9, 1.0766163256789363, 29.43402743616997
1, 3, 1.0478871791361695, 20.0019216609567
1, 2, 1.079481689090758, 26.25284976462095
0, 1, 1.078253065378726, 31.170844728551078
0, 2, 1.0794816892036483, 31.32061419507866
0, 10, 1.0734365758818796, 29.77365283830213
--end of bus
--Delta
contingency id,Delta(MW) 
1, 0.0024386856505593784 
--end of Delta
--line flow
contingency id,line id,origin bus id,destination bus id,circuit id,p_origin(MW),q_origin(MVar),p_destination(MW),q_destination(MVar) 
1, 'BL', 1, 2, 'BL', -5.275820368845871, -3.573626972869988, 5.280502485276315, -2.557761264017472 
1, 'BL', 2, 5, 'BL', 16.605515386524218, 2.382510309298709, -16.46129824675944, -5.9163409875684465 
1, 'BL', 4, 9, 'BL', -1.187483331880405, 4.013402009245766, 1.187483331880405, -3.932284765015112 
1, 'BL', 4, 7, 'BL', -17.16405742375015, 1.88664356875654, 17.16405742375015, -1.3578249422358795 
1, 'BL', 6, 13, 'BL', 31.660741623868716, 9.431956252048394, -31.064099042561452, -8.25698075595028 
1, 'BL', 7, 8, 'BL', -43.55413139488469, -5.995179020623823, 43.55413139488469, 8.899568712671453 
1, 'BL', 4, 5, 'BL', -42.68167519431506, 9.001087048448426, 42.90691216674759, -8.290620463494179 
0, 'BL', 12, 13, 'BL', 2.4402307077270393, 0.36594719760933003, -2.4287752124398025, -0.3555827018732316 
0, 'BL', 1, 5, 'BL', 11.518903731346967, 1.340752319858609, -11.449041070292225, -6.697448680542664 
0, 'BL', 10, 11, 'BL', -14.135055645555184, 1.0479082106242572, 14.278110047171083, -0.7130336351413007 
0, 'BL', 13, 14, 'BL', 11.55073208543449, -0.43355759181122266, -11.354195880934356, 0.8337128009035268 
0, 'BL', 1, 2, 'BL', -5.304134151873086, -3.564271610618107, 5.30886464381058, -2.5669689298529192 
1, 'BL', 5, 6, 'BL', -24.579028761033282, 19.423134482487, 24.579028761033282, -17.52515380324826 
0, 'BL', 2, 3, 'BL', 63.533163821283, 2.992997121357007, -61.89305966511577, -1.0399315551392192 
0, 'BL', 4, 5, 'BL', -42.16322827599231, 9.122778190807367, 42.3834306968057, -8.428192127852526 
1, 'BL', 9, 14, 'BL', 3.3459752660775735, 5.498795516210805, -3.3004529013767296, -5.401963347476567 
0, 'BL', 2, 5, 'BL', 16.6304977708443, 2.3154246284055944, -16.486161055212477, -5.849245811032574 
1, 'BL', 9, 10, 'BL', -6.356929006607629, 6.3120400809746116, 6.3789952144109066, -6.2534234648360325 
1, 'BL', 3, 4, 'BL', -41.384722312318786, 8.44090229685014, 42.480922529845316, -7.067603046578711 
0, 'BL', 7, 9, 'BL', 25.917169891674586, 6.8565647006037125, -25.917169891674586, -6.182776223706014 
0, 'BL', 6, 13, 'BL', 23.159392345924573, 7.059992055947305, -22.83891968233138, -6.428881339601503 
0, 'BL', 2, 4, 'BL', 26.65315020123677, 0.34248813021577007, -26.29620193323231, -3.1583843908981635 
1, 'BL', 1, 5, 'BL', 11.502783376491024, 1.3907880441997236, -11.432896657641393, -6.746879450335996 
1, 'BL', 10, 11, 'BL', -14.73734848855463, 1.111360415164711, 14.893145153322223, -0.7466576070975179 
0, 'BL', 4, 9, 'BL', -1.4623690215418432, 3.8572126765227495, 1.4623690215418432, -3.778446612051397 
1, 'BL', 6, 11, 'BL', 18.137759710801475, 1.4588339893374496, -17.877854771614352, -0.9145605380391544 
1, 'BL', 12, 13, 'BL', -7.063753694810202, -1.9370044998838125, 7.170907351877474, 2.0339530467542204 
1, 'BL', 2, 4, 'BL', 26.75544128020627, 0.4424477086076877, -26.39553200126724, -3.248588043807672 
0, 'BL', 9, 10, 'BL', -5.756912387198383, 6.242541322081479, 5.776702371403417, -6.18997126029808 
0, 'BL', 3, 4, 'BL', -41.50234842611772, 8.361780624718449, 42.60361925534798, -6.9758300675636065 
0, 'BL', 9, 14, 'BL', 1.9981688775187365, 4.990454801935414, -1.966479381412654, -4.923046998008431 
0, 'BL', 6, 11, 'BL', 17.505013642966333, 1.4553689922537956, -17.262819665466026, -0.948184509996338 
1, 'BL', 13, 14, 'BL', 10.176228881358853, -0.9949939240831895, -10.020222360958812, 1.3126291503724588 
1, 'BL', 2, 3, 'BL', 63.53055231226219, 2.993322460390914, -61.890580510604224, -1.0408145059492426 
0, 'BL', 4, 7, 'BL', -17.629645445984867, 1.739165127191427, 17.629645445984867, -1.1827875860789163 
0, 'BL', 6, 12, 'BL', 9.60408496792408, 2.5112889005704346, -9.503984402543779, -2.30295169749553 
0, 'BL', 7, 8, 'BL', -43.546815337659645, -5.67377711452491, 43.546815337659645, 8.56873668838034 
1, 'BL', 7, 9, 'BL', 26.390073971134495, 7.35300396285993, -26.390073971134495, -6.648722525652829 
0, 'BL', 5, 6, 'BL', -24.014540069994744, 19.444180200511198, 24.014540069994744, -17.598002820620138 
--end of line flow
