--generation dispatch
bus id,unit id,pg(MW),qg(MVar) 
101, 1, 9.683462002096794, -4.083468513182705
101, 2, 13.18557409658625, 3.2817079163228295
101, 3, 28.850182558512, -26.288498140607846
101, 4, 33.28907952183553, -32.51229116037487
102, 5, 11.948789820508857, -1.2910745031122326
102, 6, 13.90239364766105, 4.128377990124499
102, 7, 28.423246928370638, -22.434726104008305
102, 8, 46.149356590008146, -28.79736555127726
107, 10, 21.869136091460778, 2.3107620808906413
107, 11, 26.582218347954814, 6.778832637471262
107, 9, 25.847520164585926, 14.04488918562198
113, 12, 51.90447900198806, -16.32959777347834
113, 13, 61.62316431800771, 14.503200935193561
113, 14, 123.34690306612436, -11.41897407875278
114, 15, -2.5790696715576823e-14, -16.663386374577474
115, 16, 0.7264470425388854, 5.105887164664417
115, 17, 3.926806389876141, 3.2665784436412917
115, 18, 3.575331792882375, 5.304002492551604
115, 19, 4.516590947422515, 3.2041766646328305
115, 20, 1.4027590846410092, 1.7434164418375027
115, 21, 57.739165931004095, 39.69535425141363
116, 22, 71.60088712214433, 27.268617641143923
118, 23, 374.5326355434673, 85.47816514981898
121, 24, 376.9191383401616, 61.40841617034234
122, 25, 45.871892350872045, -1.5219349862540843
122, 26, 44.39797382164466, 5.0836503227379035
122, 27, 37.824530464743255, 4.324999751835036
122, 28, 35.47926935428474, -4.5021875798990685
122, 29, 43.92991904463344, 3.800662487542402
122, 30, 44.603376060870524, -2.7091228519816792
123, 31, 109.47596242716439, 18.353547566874695
123, 32, 95.22582905750852, -46.29426178520503
123, 33, 164.05362352922376, 15.908837967303485
201, 34, 15.038936709785347, -0.303140675590952
201, 35, 12.082681095689361, -0.9277700866001223
201, 36, 9.350237079491174, -11.757961274112
201, 37, 51.803192803389145, -31.53129365134106
202, 38, 13.607131227884102, 4.855922824643589
202, 39, 11.059746847428324, 1.3624906998551685
202, 40, 41.09589083001753, -33.858854449028904
202, 41, 36.33395798748454, -29.86594719539716
207, 42, 25.684468455053203, -12.64746840469051
207, 43, 19.439634751667622, 17.879616003092067
207, 44, 41.615014230971276, 8.985715047057601
213, 45, 58.624822260620384, 13.78896987877268
213, 46, 45.727025707144655, 22.578195908582227
213, 47, 102.2587886471037, 0.8193667040246516
214, 48, -2.7131167416582202e-14, 2.2877442058734636
215, 49, 5.993695749579381, 4.019593327487525
215, 50, 3.3521228141784594, 2.891008232200431
215, 51, 4.098908480568455, 5.2479154846052545
215, 52, 2.86303810996451, 4.504185461847592
215, 53, 0.04312878919319187, 4.9742409955150455
215, 54, 46.547383906269, 64.42522603245503
216, 55, 43.26266765871591, 48.10605163830199
218, 56, 462.97977618231863, 78.64766168967543
221, 57, 429.9130752510701, 78.59427816211064
222, 58, 47.91615927653755, 3.0692377714502914
222, 59, 52.71667755503575, 2.531702811344906
222, 60, 52.12968856623764, 0.618312089754794
222, 61, 55.58369883863623, 1.6950482949247518
222, 62, 40.2619803633207, 3.5228812771373614
222, 63, 44.69955730313803, 4.7290445545484285
223, 64, 112.6468633589996, 24.62385471227814
223, 65, 35.96805579958809, 5.069076524629571
223, 66, 133.09065006472514, 15.676779570493053
301, 67, 14.492944913511636, -1.6799369287300232
301, 68, 19.630679102628502, -4.529002955722558
301, 69, 18.352699479331413, -25.199451688790482
301, 70, 3.340103082326093, -23.05078491263483
302, 71, 17.65732356777898, 0.8849860049614946
302, 72, 20.519991363654782, -0.08559801389816955
302, 73, 47.731163483123616, -10.170194439455967
302, 74, 21.798527550838788, -3.616418149202679
307, 75, 26.295569811388148, -1.1124771342059876
307, 76, 59.10057853154491, 7.926289610336267
307, 77, 18.80011377031855, 0.7221236310034287
313, 78, 142.77661960920224, -5.659912635406273
313, 79, 14.296451916759358, 6.822382349262085
313, 80, 125.29089914286418, -6.096128060344307
314, 81, -2.879520948116003e-14, -53.178127148579335
315, 82, 2.3772509034359497, 2.5223680000742945
315, 83, 4.665275122574117, 4.506364986923903
315, 84, 0.5945890022954997, 4.76343316804998
315, 85, 1.8689745700125842, 1.9125646686761757
315, 86, 1.4390557277714695, 1.5501110378250975
315, 87, 73.2887635006019, 52.245940215543264
316, 88, 24.400645014591706, 69.14866248975753
318, 89, 383.06215670797997, 100.02442574403386
321, 90, 329.0940560588724, 27.75668104474249
322, 91, 46.697459137676006, 3.5742534804346917
322, 92, 59.834158276816545, 0.751606097758784
322, 93, 48.314974406411594, 5.206578019926465
322, 94, 58.541838213013214, 8.129780232847898
322, 95, 61.57302242298956, -3.0945806915542815
322, 96, 46.53915492412979, 6.2891030720539325
323, 97, 67.67476308177632, -14.236362115669642
323, 98, 42.44570850068851, 3.254484880625753
323, 99, 228.21280370633193, -31.20770396056556
--end of generation dispatch
