--contingency generator
conID,genID,busID,unitID,q(MW) 
1, '1 ', 8, '1 ', 3.4497415731012473
1, '1 ', 1, '1 ', 1.121182058028416
1, '1 ', 3, '1 ', 24.01129551961373
1, '1 ', 2, '1 ', 20.009124704054585
1, '1 ', 6, '1 ', -4.366997751305959
--end of contingency generator
--bus
contingency id,bus id,v(pu),theta(deg) 
0, 4, 1.069121548385234, 69.44546842112354
1, 11, 1.076994283359277, 56.80091278235752
0, 7, 1.095622242784352, 72.44230475039224
1, 10, 1.0649505254849754, 54.574768555732334
1, 14, 1.0520663254959306, 54.6217782747846
0, 12, 1.0845908272999305, 70.22342330001693
1, 4, 1.0689178561175798, 57.36752049162516
0, 13, 1.0788409697907466, 69.94663135867786
1, 12, 1.0537679032586953, 56.94905592563846
0, 14, 1.056413545253925, 66.98587299568403
1, 8, 1.0999999976239798, 62.87507601002521
0, 6, 1.099999990682936, 71.28623493933524
1, 5, 1.070698186486382, 58.3177461376942
1, 6, 1.1000000033400983, 59.248992073584056
0, 5, 1.0708022889121385, 70.39008768289597
1, 7, 1.095526061299592, 60.36591281708525
0, 3, 1.0613939308404263, 66.60155479812254
0, 8, 1.099999999338989, 74.95064446195822
1, 1, 1.100000002433466, 61.683463926279124
1, 13, 1.0714278326863511, 57.4214294648273
1, 9, 1.0678987731687104, 54.02165016550639
0, 11, 1.0780012622837034, 68.90954532146714
0, 9, 1.0699658451153626, 66.23844026692943
1, 3, 1.0613939314214675, 54.529138365447096
1, 2, 1.0838625076150814, 58.85224836527954
0, 1, 1.0999999993025482, 73.7570768108084
0, 2, 1.0838625090370795, 70.92630526878311
0, 10, 1.066744193261287, 66.75865060784508
--end of bus
--Delta
contingency id,Delta(MW) 
1, 0.002398302024357107 
--end of Delta
--line flow
contingency id,line id,origin bus id,destination bus id,circuit id,p_origin(MW),q_origin(MVar),p_destination(MW),q_destination(MVar) 
1, 'BL', 1, 2, 'BL', 99.48568242253577, -3.319112427891696, -97.90045984328583, 1.8632699376514665 
1, 'BL', 2, 5, 'BL', 8.058695546517157, 3.563127459935913, -8.012034562469267, -7.4362558280032545 
1, 'BL', 4, 9, 'BL', 12.36160564917429, 7.345625140033178, -12.36160564917429, -6.400571322294525 
1, 'BL', 4, 7, 'BL', -29.950232599103103, -0.5557042845670139, 29.950232599103103, 2.1265535007574954 
1, 'BL', 6, 13, 'BL', 32.86362575983236, 7.898670309805084, -32.23907852542027, -6.66874184076687 
1, 'BL', 7, 8, 'BL', -29.950232566489834, -2.126553506633968, 29.950232566489834, 3.449741574920381 
1, 'BL', 4, 5, 'BL', -42.15022483480004, 9.217333214030077, 42.36773478648024, -8.531240025621173 
0, 'BL', 12, 13, 'BL', 2.828578170668038, 0.0005011191412904736, -2.8135523028275884, 0.01309371366681944 
0, 'BL', 1, 5, 'BL', 32.80048910120554, 4.38916436434755, -32.29585489749654, -8.103274666895004 
0, 'BL', 10, 11, 'BL', -21.109037768466976, 3.1872501062193805, 21.437650756694808, -2.418003346330181 
0, 'BL', 13, 14, 'BL', 16.55170356858069, -0.739861361477665, -16.148563723265184, 1.5606694640149499 
0, 'BL', 1, 2, 'BL', 99.47136659544122, -3.3152033177179874, -97.88660034922236, 1.8579675854375637 
1, 'BL', 5, 6, 'BL', -8.149509503934297, 22.31952299453144, 8.149509503934297, -21.241433506024578 
0, 'BL', 2, 3, 'BL', 44.619239120544364, 0.7923725083849149, -43.81836439393345, -2.4581479086790523 
0, 'BL', 4, 5, 'BL', -41.84896754520514, 9.369520850830668, 42.0637694424571, -8.69196969777613 
1, 'BL', 9, 14, 'BL', -1.1480484899090868, 6.8157276524027, 1.201295399966341, -6.702464340772735 
0, 'BL', 2, 5, 'BL', 8.058150650966894, 3.49860521756068, -8.011841948417697, -7.373194856672626 
1, 'BL', 9, 10, 'BL', -10.130573996504097, 7.602317750395287, 10.17532184898539, -7.483449673228506 
1, 'BL', 3, 4, 'BL', -29.786803024240868, 7.094099294234638, 30.350889402839613, -7.106629631475357 
0, 'BL', 6, 13, 'BL', 24.24453693341883, 5.804488329050969, -23.904772128189336, -5.135385363408545 
0, 'BL', 2, 4, 'BL', 18.078897953569907, 1.3255814913566155, -17.911760582189373, -4.758669691955333 
1, 'BL', 1, 5, 'BL', 32.79816301485296, 4.440294530028098, -32.293259444586084, -8.152744462559667 
1, 'BL', 10, 11, 'BL', -21.86547398181375, 3.113562594336088, 22.218377090988042, -2.287455340477379 
0, 'BL', 4, 9, 'BL', 11.874386895263777, 6.949970972258598, -11.874386895263777, -6.085069530417485 
1, 'BL', 6, 11, 'BL', 25.87610389794267, 0.9102024443363916, -25.34986664484819, 0.19180418485387918 
1, 'BL', 12, 13, 'BL', -6.718575402091574, -1.865328791047176, 6.815302577571515, 1.9528438545765994 
1, 'BL', 2, 4, 'BL', 18.15377055737622, 1.4272299722262005, -17.98495202337901, -4.854476754093071 
0, 'BL', 9, 10, 'BL', -9.378120445270326, 7.665422695275311, 9.418884482271153, -7.557137215030934 
0, 'BL', 3, 4, 'BL', -29.889497061626656, 7.0112555671569226, 30.45646261320121, -7.016716095564107 
0, 'BL', 9, 14, 'BL', -2.3877220482820007, 6.521084201076178, 2.441267049362665, -6.407186809901759 
0, 'BL', 6, 11, 'BL', 25.062597171914177, 0.7110061808874093, -24.56914128455503, 0.32235216819384505 
1, 'BL', 13, 14, 'BL', 15.257156102762792, -1.1462550322256106, -14.9085908834506, 1.8559471145109967 
1, 'BL', 2, 3, 'BL', 44.60325132118042, 0.7949118379154925, -43.80294033854646, -2.4630623010917816 
0, 'BL', 4, 7, 'BL', -29.943037249715587, -0.4979583957557452, 29.943037249715587, 2.0673484946527196 
0, 'BL', 6, 12, 'BL', 9.646028472311002, 2.071614143279078, -9.547154536466877, -1.865829898479717 
0, 'BL', 7, 8, 'BL', -29.94303815052734, -2.067348494284147, 29.94303815052734, 3.3893075726830375 
0, 'BL', 5, 6, 'BL', -7.843142265166381, 22.367721915067364, 7.843142265166381, -21.295084181114362 
--end of line flow
