--contingency generator
conID,genID,busID,unitID,q(MW) 
1, '1 ', 8, '1 ', 11.54283386198426
1, '1 ', 1, '1 ', -0.6935369875158435
1, '1 ', 3, '1 ', 21.196522635688694
1, '1 ', 2, '1 ', 16.49554358010921
1, '1 ', 6, '1 ', -0.7222609668717429
--end of contingency generator
--bus
contingency id,bus id,v(pu),theta(deg) 
0, 4, 1.0651531545314186, 41.10494537670236
1, 11, 1.0814011225421267, 20.647338516590928
0, 7, 1.0853871867877987, 43.620078524846676
1, 10, 1.072307714096887, 19.032681244615873
1, 14, 1.0523170133203144, 18.253947460385863
0, 12, 1.0859512489409373, 44.85091197897932
1, 4, 1.0649731909049216, 17.674422243044116
0, 13, 1.0772652379009162, 44.42761259787445
1, 12, 1.0575372300352675, 20.249973642443102
0, 14, 1.0556333290010043, 41.91165400561491
1, 8, 1.1000000000435366, 24.705956419316127
0, 6, 1.100000000041333, 45.90694391435624
1, 5, 1.066556644841972, 18.61088537081802
1, 6, 1.1000000000436811, 22.554357165476755
0, 5, 1.0666344442328752, 42.0306481412191
1, 7, 1.0849515112448174, 20.144955399220915
0, 3, 1.0483235758155989, 36.70645965635607
0, 8, 1.1000000000443917, 48.17875231403745
1, 1, 1.0815569833666374, 19.56259210326703
1, 13, 1.0706985251842265, 20.593273161278812
1, 9, 1.0765848436214998, 18.55156121959612
0, 11, 1.081849318437047, 44.061102884554806
0, 9, 1.0774287754174487, 42.05333780905492
1, 3, 1.0483235758338385, 13.281721751547993
1, 2, 1.0766168238932579, 18.772757053415773
0, 1, 1.0815569833271383, 42.98582325150781
0, 2, 1.076616823953308, 42.19699381970503
0, 10, 1.0730634409167883, 42.507700587286216
--end of bus
--Delta
contingency id,Delta(MW) 
1, 0.0019361490376354079 
--end of Delta
--line flow
contingency id,line id,origin bus id,destination bus id,circuit id,p_origin(MW),q_origin(MVar),p_destination(MW),q_destination(MVar) 
1, 'BL', 1, 2, 'BL', 27.225635981597975, -2.7884125812825005, -27.102817513792274, -2.984819447118525 
1, 'BL', 2, 5, 'BL', 3.52823306263042, 3.070786730125292, -3.5094571777523242, -6.986659184209202 
1, 'BL', 4, 9, 'BL', -3.256691383993452, 4.462895961169295, 3.256691383993452, -4.322349600186328 
1, 'BL', 4, 7, 'BL', -24.35275215350267, 2.596606520193859, 24.35275215350267, -1.5388113093248421 
1, 'BL', 6, 13, 'BL', 34.79868952811643, 7.601218535643625, -34.105083644203944, -6.235292027748301 
1, 'BL', 7, 8, 'BL', -53.87646946036128, -7.123199827126314, 53.87646946036128, 11.542833861983695 
1, 'BL', 4, 5, 'BL', -41.10823850691736, 9.388091986177642, 41.31752510700312, -8.727937774222028 
0, 'BL', 12, 13, 'BL', 4.30207472907864, -0.019828135207546893, -4.267402680554312, 0.051198083872407096 
0, 'BL', 1, 5, 'BL', 9.816561320047313, 2.052430999188971, -9.760825219031986, -7.4987354655245895 
0, 'BL', 10, 11, 'BL', -15.549192613852995, 1.9560291885807715, 15.724202360136559, -1.5463506758605945 
0, 'BL', 13, 14, 'BL', 14.330574138163286, -0.027506181988144363, -14.028090574225686, 0.6433742561796407 
0, 'BL', 1, 2, 'BL', 27.194304694801644, -2.7786266207851895, -27.071767721414403, -2.9954648517325495 
1, 'BL', 5, 6, 'BL', -34.350958619904205, 21.33200882995635, 34.350958619904205, -18.18550584494028 
0, 'BL', 2, 3, 'BL', 55.684461145166054, 2.246656336271144, -54.41813268555943, -1.8567926541537645 
0, 'BL', 4, 5, 'BL', -40.585668744531404, 9.472019884910878, 40.79004756233019, -8.827346325546841 
1, 'BL', 9, 14, 'BL', 5.5050879880894, 7.080458803068325, -5.416871600805138, -6.892810728220468 
0, 'BL', 2, 5, 'BL', 3.5607249908132133, 3.012121530084869, -3.5421268673028976, -6.92882383868573 
1, 'BL', 9, 10, 'BL', -8.23533495775365, 8.597695963855813, 8.274236157850908, -8.49435891864323 
1, 'BL', 3, 4, 'BL', -46.15856391302515, 9.093869118858606, 47.51622329265098, -7.057923584889636 
0, 'BL', 7, 9, 'BL', 29.064407167449637, 8.24937975967282, -29.064407167449637, -7.396997065696041 
0, 'BL', 6, 13, 'BL', 26.54190153478254, 6.022664304960699, -26.136940516361904, -5.225169643287813 
0, 'BL', 2, 4, 'BL', 13.29707779638386, 0.7650825210679386, -13.20468386956918, -4.38395022193788 
1, 'BL', 1, 5, 'BL', 9.794910778268644, 2.0948756999438842, -9.739176657874694, -7.54078007866741 
1, 'BL', 10, 11, 'BL', -16.133753244614155, 2.055105852199688, 16.322509183896955, -1.613249017854173 
0, 'BL', 4, 9, 'BL', -3.524577778488407, 4.337800006046365, 3.524577778488407, -4.194006882586905 
1, 'BL', 6, 11, 'BL', 20.334979905645355, 0.9067030370944735, -20.009745215134927, -0.22562091514754457 
1, 'BL', 12, 13, 'BL', -4.987132255071856, -1.4411956860125485, 5.04036499672975, 1.4893586427505738 
1, 'BL', 2, 4, 'BL', 13.39260029987281, 0.8448312432147986, -13.298706307030727, -4.458495688481094 
0, 'BL', 9, 10, 'BL', -7.653869374262911, 8.490397624841307, 7.689675527090003, -8.395282255023858 
0, 'BL', 3, 4, 'BL', -46.25851087947143, 9.028096866603278, 47.621019179594185, -6.980020746513105 
0, 'BL', 9, 14, 'BL', 4.196425870694867, 6.713677680877879, -4.127789308069225, -6.567678516353283 
0, 'BL', 6, 11, 'BL', 19.717291332514577, 0.9330135716569998, -19.41143839137476, -0.2925192571410662 
1, 'BL', 13, 14, 'BL', 12.990949588721321, -0.4555443564059374, -12.73900828148966, 0.9685064680468543 
1, 'BL', 2, 3, 'BL', 55.68926719419764, 2.2459926657168126, -54.42272431197381, -1.8552256157574902 
0, 'BL', 4, 7, 'BL', -24.80625384579828, 2.48532627166162, 24.80625384579828, -1.3895819790333235 
0, 'BL', 6, 12, 'BL', 9.381246586636252, 1.6129276412115132, -9.289206984150468, -1.4213675508048595 
0, 'BL', 7, 8, 'BL', -53.870661013248075, -6.85979778063961, 53.870661013248075, 11.269441421478064 
1, 'BL', 7, 9, 'BL', 29.523717306858764, 8.662011136450928, -29.523717306858764, -7.777272780360136 
0, 'BL', 5, 6, 'BL', -33.76916282452413, 21.331537422614872, 33.76916282452413, -18.261789458894953 
--end of line flow
