--contingency generator
conID,genID,busID,unitID,q(MW) 
1, '1 ', 8, '1 ', 1.6614724652089732
1, '1 ', 1, '1 ', 0.3507019244153268
1, '1 ', 3, '1 ', 22.260458322108143
1, '1 ', 2, '1 ', 21.837696967920007
1, '1 ', 6, '1 ', 4.510583674824911
--end of contingency generator
--bus
contingency id,bus id,v(pu),theta(deg) 
0, 4, 1.0717124155413371, 109.14019942997491
1, 11, 1.0677334055152243, 118.54278105246647
0, 7, 1.0977395076732246, 110.71847276949
1, 10, 1.0460667775797912, 116.52522992812973
1, 14, 1.031793766187811, 115.90012642506177
0, 12, 1.083349249510229, 108.92134773745433
1, 4, 1.07148529997519, 119.79456352403149
0, 13, 1.0741312694515404, 108.63794771141254
1, 12, 1.0506757098273478, 118.37945440262142
0, 14, 1.0366053389709442, 105.54361512592256
1, 8, 1.1000000006012334, 122.69912389589082
0, 6, 1.1000000259718066, 109.99744124621533
1, 5, 1.0736069290008081, 120.67248119368101
1, 6, 1.1000000259717806, 120.69212651708052
0, 5, 1.0737242557536848, 110.01269245024368
1, 7, 1.0976329033282393, 121.3740478863109
0, 3, 1.0771931107813546, 107.92473525510013
0, 8, 1.1000000006012454, 112.04281359466846
1, 1, 1.0999999982495132, 122.92014598944522
1, 13, 1.066131942197967, 118.83596944203201
1, 9, 1.0459516654315897, 115.79093163376946
0, 11, 1.0688591953844526, 107.91959476278699
0, 9, 1.0483092381754355, 105.28002010523882
1, 3, 1.0771931107813544, 118.58429441976854
1, 2, 1.097935410763491, 122.45186112490646
0, 1, 1.0999999982494622, 112.2617525577069
0, 2, 1.0979354107635078, 111.79387972691798
0, 10, 1.048102575433116, 105.97912972333667
--end of bus
--Delta
contingency id,Delta(MW) 
1, 0.002418052698505485 
--end of Delta
--line flow
contingency id,line id,origin bus id,destination bus id,circuit id,p_origin(MW),q_origin(MVar),p_destination(MW),q_destination(MVar) 
1, 'BL', 1, 2, 'BL', 16.221371027410328, -4.6010548650235705, -16.178909358231977, -1.6461235013252917 
1, 'BL', 2, 5, 'BL', 23.651152731186556, 5.856903745049294, -23.357083085784836, -9.038551588438736 
1, 'BL', 4, 9, 'BL', 14.519000295210382, 12.399004582113406, -14.519000295210382, -10.740824376821138 
1, 'BL', 4, 7, 'BL', -15.850632579833647, -0.8527141790160613, 15.850632579833647, 1.2916986128120698 
1, 'BL', 6, 13, 'BL', 34.91743696983201, 11.3397982259429, -34.180592467146084, -9.888721379912681 
1, 'BL', 7, 8, 'BL', -15.85063257983642, -1.2916986128120698, 15.85063257983642, 1.6614724652085897 
1, 'BL', 4, 5, 'BL', -39.496428837486405, 7.4436398343787005, 39.68426636688332, -6.851142578730105 
0, 'BL', 12, 13, 'BL', 3.7853341632186357, 0.8194748263986185, -3.7570985110049264, -0.7939282839195698 
0, 'BL', 1, 5, 'BL', 22.687789432299382, 4.894152478189483, -22.430283106203632, -9.643840620471508 
0, 'BL', 10, 11, 'BL', -20.673011203164805, -2.1609001820672233, 20.995710384275583, 2.9163033717800886 
0, 'BL', 13, 14, 'BL', 18.68142665753797, 2.8731127095023794, -18.152157736727617, -1.7955009981561147 
0, 'BL', 1, 2, 'BL', 16.208079709217827, -4.596821462417211, -16.165688980785717, -1.6505734964985095 
1, 'BL', 5, 6, 'BL', -0.17239458614451816, 23.740306881628044, 0.17239458614451816, -22.669843591843687 
0, 'BL', 2, 3, 'BL', 41.052691741335195, 0.4810530209405215, -40.39194044918125, -2.8784096269970405 
0, 'BL', 4, 5, 'BL', -39.194526866071556, 7.622351558726223, 39.379836429651505, -7.037828283644103 
1, 'BL', 9, 14, 'BL', 1.4860116502002825, 4.779040158374187, -1.4569098335520039, -4.717136695347108 
0, 'BL', 2, 5, 'BL', 23.65082894458851, 5.783625960894938, -23.357313908124326, -8.967402993978226 
1, 'BL', 9, 10, 'BL', -14.546244296375107, 5.439777560620314, 14.616372006298548, -5.253490497164876 
1, 'BL', 3, 4, 'BL', -11.084814286570179, 7.3459214046320085, 11.193556287635744, -8.545771060952802 
0, 'BL', 6, 13, 'BL', 26.028888610578463, 8.881640181488137, -25.61537646555297, -8.06730568213095 
0, 'BL', 2, 4, 'BL', 32.9373905130486, 4.140064970570393, -32.39595522448431, -6.49906787397174 
1, 'BL', 1, 5, 'BL', 22.68658837759064, 4.951756789444346, -22.428700001480436, -9.699248028939053 
1, 'BL', 10, 11, 'BL', -21.445953310784915, -2.278307030951737, 21.794711491978433, 3.0947114655871815 
0, 'BL', 4, 9, 'BL', 14.034106804516544, 11.944777725903094, -14.034106804516544, -10.400528507827545 
1, 'BL', 6, 11, 'BL', 25.134621745155016, 6.257781437965548, -24.60798589808155, -5.154940103127558 
1, 'BL', 12, 13, 'BL', -6.043082550386941, -1.427633579373321, 6.120244058896901, 1.4974463727870386 
1, 'BL', 2, 4, 'BL', 33.01201755820415, 4.258693656185869, -32.46749511152251, -6.607501883224813 
0, 'BL', 9, 10, 'BL', -13.779583080683665, 5.54049986480436, 13.843429898691056, -5.370897346048878 
0, 'BL', 3, 4, 'BL', -11.188614695638961, 7.24487453885115, 11.297753761804898, -8.444022285962433 
0, 'BL', 9, 14, 'BL', 0.23445694382806437, 4.431832061268267, -0.21167549952843956, -4.38337287702052 
0, 'BL', 6, 11, 'BL', 24.30084763855507, 6.006554335115709, -23.808984790369834, -4.9765320093202945 
1, 'BL', 13, 14, 'BL', 17.36930008922478, 2.403153750577701, -16.906923402718306, -1.461737179829612 
1, 'BL', 2, 3, 'BL', 41.03690428828952, 0.483690466558528, -40.37665176285819, -2.8831483888112643 
0, 'BL', 4, 7, 'BL', -15.843378421755679, -0.7873818313966012, 15.843378421755679, 1.2255932380925287 
0, 'BL', 6, 12, 'BL', 9.934866788085458, 2.468660708669688, -9.828416713619418, -2.2471084057719963 
0, 'BL', 7, 8, 'BL', -15.843378421751618, -1.2255932380926424, 15.843378421751618, 1.594715939362004 
0, 'BL', 5, 6, 'BL', 0.13384927815600056, 23.800436583614214, -0.13384927815600056, -22.72480167986828 
--end of line flow
