--contingency generator
conID,genID,busID,unitID,q(MW) 
1, '1 ', 8, '1 ', 3.6921037687327987
1, '1 ', 1, '1 ', 2.4466027790597566
1, '1 ', 3, '1 ', 12.124544294441197
1, '1 ', 2, '1 ', 32.03325965359039
1, '1 ', 6, '1 ', -7.395703123324277
--end of contingency generator
--bus
contingency id,bus id,v(pu),theta(deg) 
0, 4, 1.074112874317374, 105.08626620450775
1, 11, 1.0809729842845606, 79.87792247676273
0, 7, 1.0843617794935252, 106.95679358649367
1, 10, 1.0719458495088459, 77.59845779787494
1, 14, 1.0551127777918876, 77.56810192185236
0, 12, 1.0861731412198437, 110.11141678261083
1, 4, 1.0739350333438435, 76.38973266503443
0, 13, 1.0780769747733963, 109.64385961234231
1, 12, 1.0585781035272448, 80.32685145830688
0, 14, 1.058293580573805, 106.47925726919189
1, 8, 1.0879149121207383, 81.70294238694117
0, 6, 1.0999995453856337, 111.1103249219187
1, 5, 1.0778170910835743, 77.40717632639434
1, 6, 1.1000000000564782, 82.48996587382473
0, 5, 1.0778973195328887, 106.09334727240723
1, 7, 1.0839420354674854, 78.217317670043
0, 3, 1.060899658643634, 102.1060876940166
0, 8, 1.087914912130381, 110.44062690997386
1, 1, 1.0999999997808234, 77.95224522305374
1, 13, 1.0716697324228313, 80.56950606359845
1, 9, 1.0758107278211153, 76.99840180075005
0, 11, 1.0814215486734606, 108.55727454525974
0, 9, 1.0766206896731896, 105.76312372673318
1, 3, 1.0608996586393544, 73.41452978366992
1, 2, 1.0966297838899, 77.34966120972085
0, 1, 1.099999999865817, 106.64206851292165
0, 2, 1.0966297839133674, 106.04047536859514
0, 10, 1.0726811414847341, 106.33735416540664
--end of bus
--Delta
contingency id,Delta(MW) 
1, 0.0017130389170528354 
--end of Delta
--line flow
contingency id,line id,origin bus id,destination bus id,circuit id,p_origin(MW),q_origin(MVar),p_destination(MW),q_destination(MVar) 
1, 'BL', 1, 2, 'BL', 21.250066906640313, -3.776304281155717, -21.177687578761834, -2.3719667190860036 
1, 'BL', 2, 5, 'BL', 2.893392828016573, 8.837018059429738, -2.832983922051426, -12.742793068956644 
1, 'BL', 4, 9, 'BL', -2.2773260547132463, 6.4846115675709655, 2.2773260547132463, -6.270724904927846 
1, 'BL', 4, 7, 'BL', -18.1522702961419, 7.720270322863371, 18.1522702961419, -7.045452022809059 
1, 'BL', 6, 13, 'BL', 33.97156398940223, 7.179889694615895, -33.31245961668782, -5.8819074325825795 
1, 'BL', 7, 8, 'BL', -40.70131271676202, -1.2062895103472329, 40.70131271676202, 3.6921037688341585 
1, 'BL', 4, 5, 'BL', -47.07891756841457, 5.458217244194202, 47.338919683642644, -4.63809072192862 
0, 'BL', 12, 13, 'BL', 4.350400102731101, -0.38927181313232495, -4.314676217328156, 0.4215934237350325 
0, 'BL', 1, 5, 'BL', 7.308721643205317, 6.178000310039522, -7.247447104817255, -11.759836370441747 
0, 'BL', 10, 11, 'BL', -21.383745048826313, 4.706761718347536, 21.725607792300906, -3.9064987428548648 
0, 'BL', 13, 14, 'BL', 17.203414030017882, -1.8211415638697304, -16.76327715511772, 2.717277029866068 
0, 'BL', 1, 2, 'BL', 21.218117963917848, -3.766210390946526, -21.145957815694373, -2.382729797757065 
1, 'BL', 5, 6, 'BL', -44.71945981177617, 27.891145872635207, 44.71945981177617, -22.656717671536057 
0, 'BL', 2, 3, 'BL', 42.93049511727861, 8.353595656084735, -42.16318472263251, -10.219448392814343 
0, 'BL', 4, 5, 'BL', -46.56903076597564, 5.53523241236644, 46.823519491436286, -4.732496814678143 
1, 'BL', 9, 14, 'BL', -0.23984056343732618, 8.368980358734518, 0.3168261836472652, -8.20522163013436 
0, 'BL', 2, 5, 'BL', 2.928118611136398, 8.774992841873882, -2.868253501076822, -12.682727374481146 
1, 'BL', 9, 10, 'BL', -10.871497349282834, 9.087980996667284, 10.926681482210768, -8.941390011681051 
1, 'BL', 3, 4, 'BL', -32.416356228435944, 4.79256605044111, 33.060083493789705, -4.608037836041035 
0, 'BL', 7, 9, 'BL', 22.107260929755018, 7.860638252930357, -22.107260929755018, -7.345578812782378 
0, 'BL', 6, 13, 'BL', 26.114608326097482, 5.548791864853342, -25.724945219012454, -4.781423566138642 
0, 'BL', 2, 4, 'BL', 14.226051535697252, 7.364218696783041, -14.085485987969719, -10.943444425219923 
1, 'BL', 1, 5, 'BL', 7.2853378957319705, 6.222907060281273, -7.223847701945843, -11.803427422060224 
1, 'BL', 10, 11, 'BL', -21.9396753290672, 4.811684093918416, 22.299918277570185, -3.968395085765337 
0, 'BL', 4, 9, 'BL', -2.534766884657204, 6.36371043637277, 2.534766884657204, -6.151318395247301 
1, 'BL', 6, 11, 'BL', 26.51891786914885, -1.5196187804486954, -25.96508066141243, 2.6794231668330326 
1, 'BL', 12, 13, 'BL', -4.528847247816998, -1.9227579074148196, 4.5765714153261, 1.9659369161135487 
1, 'BL', 2, 4, 'BL', 14.317732569757851, 7.44571055308927, -14.17515833272634, -11.018192006582012 
0, 'BL', 9, 10, 'BL', -10.319431545868042, 8.972793035643917, 10.370751202226302, -8.836467636012685 
0, 'BL', 3, 4, 'BL', -32.50781039748415, 4.721237566515583, 33.15460755083606, -4.529118546708219 
0, 'BL', 9, 14, 'BL', -1.4911286869315745, 8.031553976635053, 1.564305080394945, -7.875897983679181 
0, 'BL', 6, 11, 'BL', 25.919927706949437, -1.509404767792148, -25.3907701760578, 2.617526823954961 
1, 'BL', 13, 14, 'BL', 15.899680794740249, -2.265001189950965, -15.51579825872372, 3.046600676199489 
1, 'BL', 2, 3, 'BL', 42.93781736974273, 8.352381114184709, -42.17027172674993, -10.217242743839847 
0, 'BL', 4, 7, 'BL', -18.58891266930919, 7.61048941510137, 18.58891266930919, -6.910999117035431 
0, 'BL', 6, 12, 'BL', 8.963834739305383, 1.7095360490393432, -8.87924735044254, -1.533486094234945 
0, 'BL', 7, 8, 'BL', -40.696173599064046, -0.9496391358946994, 40.696173599064046, 3.432073727738839 
1, 'BL', 7, 9, 'BL', 22.54904242062013, 8.25174153315561, -22.54904242062013, -7.711911006065975 
0, 'BL', 5, 6, 'BL', -44.145190637499674, 27.881895219321677, 44.145190637499674, -22.745369903167386 
--end of line flow
