--generation dispatch
bus id,unit id,pg(MW),qg(MVar) 
101, 1, 12.830619174793494, -2.4719990694948297
101, 2, 19.27467519427007, -2.1277918494443386
101, 3, 8.281766976357941, -18.683346151778025
101, 4, 47.35982674732223, -18.96267081396783
102, 5, 13.954076213687294, 0.05842471625859242
102, 6, 20.597741730446607, 2.488330183978382
102, 7, 49.898954409228494, -9.658419200725696
102, 8, 49.898954165239516, -22.061206329762815
107, 10, 17.32722150991033, 11.430664604801644
107, 11, 20.167180537387658, 16.519024205259644
107, 9, 38.143960265577256, -20.19417040742286
113, 12, 17.722523193314508, 10.630525948491462
113, 13, 85.9574441362777, -3.9966705007770034
113, 14, 118.80953729238891, -22.065795711932182
114, 15, 2.5362153590980066e-14, -22.518855449829985
115, 16, 1.6904326242856718, 1.7075183713525324
115, 17, 5.588443178417885, 2.321355170459076
115, 18, 0.8634165719460017, 4.65306152202497
115, 19, 2.9466225538603594, 4.1790339700729975
115, 20, 4.156826929974653, 3.2744342052573168
115, 21, 72.59653429506012, 67.52611466561359
116, 22, 72.46963553014322, -7.80587582767906
118, 23, 288.37898595739637, 52.31525548863336
121, 24, 332.18213411509566, 16.77265015798442
122, 25, 42.027990818408085, 4.7361596306585305
122, 26, 43.820522439584856, 7.289707305892576
122, 27, 57.06501066024674, -4.519862342436234
122, 28, 40.93555773646803, -0.8597464543961382
122, 29, 51.2771832574278, 4.265104040464005
122, 30, 51.18709903947335, 2.350401148290336
123, 31, 104.44041825602514, -17.939288817305044
123, 32, 62.730169202066946, -57.24235266660661
123, 33, 260.87009079481805, -2.8656232408919506
201, 34, 10.98057841912756, 7.1610905421618725
201, 35, 14.701418420510771, 6.933859404375001
201, 36, 20.701000947532062, -17.12700310662718
201, 37, 43.09674326641224, -12.331542072378001
202, 38, 12.027612199210854, 1.8353236514726161
202, 39, 11.521543993276648, 0.06253092383809424
202, 40, 51.850006131900564, -37.293793504347455
202, 41, 41.89278358620188, -9.800896352447946
207, 42, 10.218186215644195, 7.022069784388651
207, 43, 8.464613289254023, -0.26023818715823144
207, 44, 52.70573014755712, 30.02707751502511
213, 45, 56.88092302407299, 6.712385785697138
213, 46, 33.56004980596254, 19.18261682127655
213, 47, 111.16807554322257, 30.17100023773555
214, 48, 2.632214045657178e-14, 18.878740656583087
215, 49, 4.357828404623278, 2.272917546581787
215, 50, 7.3162456296467795, 4.284317623920292
215, 51, 1.9842776944380929, 4.562772460542368
215, 52, 4.728712119947873, 1.817486919193779
215, 53, 0.11282608408159653, 2.694279725121345
215, 54, 93.67701538029165, 72.43885939324105
216, 55, 101.43405116456084, 59.95594126223002
218, 56, 390.2717442672127, 72.46667759448412
221, 57, 387.3024548451247, 70.98032667346342
222, 58, 46.97347146507147, 2.950810500390284
222, 59, 47.79519116787034, -2.581157077060124
222, 60, 41.5271875686178, -2.6116261023947493
222, 61, 54.36571207644208, 9.057310741145706
222, 62, 49.98108380755206, 3.4340331714701446
222, 63, 50.64640456625965, 8.364400837758337
223, 64, 113.56784663683548, 11.423277515936935
223, 65, 113.56783707192517, 9.468924721752252
223, 66, 159.34416710415775, -3.7388234656289474
301, 67, 12.980541134357502, 1.1911076886627396
301, 68, 19.319093128036066, -3.8709965106419975
301, 69, 12.342396975772216, -14.690181357105196
301, 70, 50.46977797328374, -26.41083189495878
302, 71, 20.10063775020773, -2.3502876665109538
302, 72, 18.797787047684817, 3.39415264362053
302, 73, 12.906014925697303, -12.991368413752339
302, 74, 21.115389578160578, -14.024257258302784
307, 75, 68.99854364700894, 3.9104025624339136
307, 76, 15.79369072467466, -20.28091521233222
307, 77, 23.009449620871763, 31.398548851315393
313, 78, 83.95407691294838, 6.9500178097723495
313, 79, 32.33545403135481, -13.438479123847031
313, 80, 111.92878587377893, -25.74296857355299
314, 81, 2.561493222514898e-14, 10.721849586975262
315, 82, 0.685607098521682, 4.526950412907651
315, 83, 4.312662927414655, 1.3659540888420472
315, 84, 3.48177890973401, 1.934269444427145
315, 85, 1.6944472333692915, 2.1835687655429195
315, 86, 1.5625693327097703, 0.8872220246756065
315, 87, 98.00131074406424, 93.22468387907463
316, 88, 103.38469274161599, 42.31576596089548
318, 89, 317.22155856526877, 71.64824850567786
321, 90, 415.5452804876798, 37.8522830644514
322, 91, 47.82934757007718, -0.6367948778736822
322, 92, 64.4677956291704, 7.069200739118493
322, 93, 49.530361332581066, 3.197615967770477
322, 94, 41.56992064148616, 1.90617786464484
322, 95, 62.120087729417406, 4.010257384458462
322, 96, 42.16491981700495, 2.311784623937262
323, 97, 103.56390294657994, 23.20329553866361
323, 98, 103.56390786238319, 12.602044192196423
323, 99, 140.38617875248428, 4.460210186420292
--end of generation dispatch
