--contingency generator
conID,genID,busID,unitID,q(MW) 
1, '1 ', 8, '1 ', 3.182667505471368
1, '1 ', 1, '1 ', 0.4099662425772722
1, '1 ', 3, '1 ', 17.308273618302696
1, '1 ', 2, '1 ', 15.410489469349788
1, '1 ', 6, '1 ', 3.7647792679394056
--end of contingency generator
--bus
contingency id,bus id,v(pu),theta(deg) 
0, 4, 1.066013911297838, 75.31940060532146
1, 11, 1.0675764453199441, 97.99432013027895
0, 7, 1.0952008210282735, 76.5883102106268
1, 10, 1.04542312723023, 95.55468243347451
1, 14, 1.0302683844900205, 95.17126938438952
0, 12, 1.083361292456291, 74.76805509598866
1, 4, 1.0657792293584851, 99.92135394464886
0, 13, 1.073822635299641, 74.4094123248231
1, 12, 1.0498454697351816, 98.01204814299788
0, 14, 1.0350615548109412, 70.89862699605065
1, 8, 1.099999999511703, 102.25135767248369
0, 6, 1.1000000014935378, 75.95449768282104
1, 5, 1.0676274015107359, 100.75777515207535
1, 6, 1.1000000013720155, 100.59982685852633
0, 5, 1.0677474539169585, 76.14988359581241
1, 7, 1.0950907516479478, 101.1914759153884
0, 3, 1.0629299007315167, 73.24323651706639
0, 8, 1.0999999988912248, 77.64741352018669
1, 1, 1.0922251784261061, 103.27295228470554
1, 13, 1.0657936924891154, 98.50632269517038
1, 9, 1.0447452670937265, 94.82943821968384
0, 11, 1.0687256958602016, 73.42787521297726
0, 9, 1.0470966317430246, 70.38645103578185
1, 3, 1.0629299019341345, 97.8512550232135
1, 2, 1.0873094262212324, 102.4535707334918
0, 1, 1.0922251773418223, 78.66637381757744
0, 2, 1.0873094248437847, 77.84742620935963
0, 10, 1.0474681171320053, 71.07352641293954
--end of bus
--Delta
contingency id,Delta(MW) 
1, 0.0026730094561306194 
--end of Delta
--line flow
contingency id,line id,origin bus id,destination bus id,circuit id,p_origin(MW),q_origin(MVar),p_destination(MW),q_destination(MVar) 
1, 'BL', 1, 2, 'BL', 28.66607674119132, -3.2591536683157756, -28.532579500494876, -2.6037812948738974 
1, 'BL', 2, 5, 'BL', 21.56952324791422, 3.490157707004073, -21.330649331037137, -6.778007971712441 
1, 'BL', 4, 9, 'BL', 18.336872596597946, 11.717610579055702, -18.336872596597946, -9.54046179823871 
1, 'BL', 4, 7, 'BL', -12.649406940912655, -2.6409433002269225, 12.649406940912655, 2.934984804203168 
1, 'BL', 6, 13, 'BL', 38.03924501773656, 10.168487959379604, -37.1916599807293, -8.499328431474396 
1, 'BL', 7, 8, 'BL', -12.649406940902777, -2.9349848042088524, 12.649406940902777, 3.1826675266905795 
1, 'BL', 4, 5, 'BL', -37.10688992030214, 7.374183289336088, 37.27510982779154, -6.843566038071458 
0, 'BL', 12, 13, 'BL', 4.217640793718658, 0.5198070731530038, -4.183648949588758, -0.48905254751167604 
0, 'BL', 1, 5, 'BL', 24.543436318056578, 3.6108092009639563, -24.251208986336252, -8.143751815673852 
0, 'BL', 10, 11, 'BL', -24.258083093270983, -0.7382314922357409, 24.698548642285232, 1.7693127597453895 
0, 'BL', 13, 14, 'BL', 20.725868606749472, 2.3796652818884922, -20.08071005913125, -1.066097869836284 
0, 'BL', 1, 2, 'BL', 28.65228562749155, -3.254853439211047, -28.518916953865528, -2.6084740440574024 
1, 'BL', 5, 6, 'BL', 1.3783300785257424, 20.693748847449513, -1.3783300785257424, -19.867657282589903 
0, 'BL', 2, 3, 'BL', 47.79473049884322, 1.3402141401080598, -46.88064956863886, -2.552584452339488 
0, 'BL', 4, 5, 'BL', -36.78213077187411, 7.556401219055715, 36.94777722152219, -7.033901444172898 
1, 'BL', 9, 14, 'BL', 0.21133408011553456, 5.501584419387086, -0.17603407065391252, -5.426496569821893 
0, 'BL', 2, 5, 'BL', 21.56788997048278, 3.4162560574278587, -21.32944147675309, -6.7058487182688395 
1, 'BL', 9, 10, 'BL', -14.571940437868705, 4.751052600140156, 14.640402763816326, -4.569189458280107 
1, 'BL', 3, 4, 'BL', -21.196740309261287, 6.243306407479395, 21.492006371298032, -6.939748595149467 
0, 'BL', 6, 13, 'BL', 28.493444911125835, 7.96511466418724, -28.014912830472326, -7.022735614350154 
0, 'BL', 2, 4, 'BL', 30.24893390086683, 1.7930586367480146, -29.792082258484328, -4.348525299430662 
1, 'BL', 1, 5, 'BL', 24.543010245696934, 3.6691198832675695, -24.250445122294764, -8.200037435785248 
1, 'BL', 10, 11, 'BL', -25.08308833383373, -0.8160231133927596, 25.555930066921775, 1.922893456771476 
0, 'BL', 4, 9, 'BL', 17.80975157904714, 11.254626915414775, -17.80975157904714, -9.214875719226313 
1, 'BL', 6, 11, 'BL', 29.065960189224512, 4.66218353711713, -28.38574169174521, -3.2377209223704995 
1, 'BL', 12, 13, 'BL', -6.33076624658986, -1.358618050830387, 6.41479958014645, 1.4346482097625142 
1, 'BL', 2, 4, 'BL', 30.330112053577892, 1.913007882262832, -29.870387757616555, -4.4589077154475945 
0, 'BL', 9, 10, 'BL', -13.753800674592242, 4.810606784622905, 13.81539752250518, -4.646981080484238 
0, 'BL', 3, 4, 'BL', -21.310712984023326, 6.144740796845554, 21.60804370475674, -6.836233530615118 
0, 'BL', 9, 14, 'BL', -1.1339267027994424, 5.209899130875613, 1.166885041559766, -5.139792328625504 
0, 'BL', 6, 11, 'BL', 28.166443919459027, 4.420367203963622, -27.528360267324132, -3.084140225551039 
1, 'BL', 13, 14, 'BL', 19.304167228089298, 1.9325573425572316, -18.737790945369937, -0.7793936269310109 
1, 'BL', 2, 3, 'BL', 47.776368797869864, 1.3430401558480298, -46.86297653065262, -2.5583118339640123 
0, 'BL', 4, 7, 'BL', -12.641387907079524, -2.5740750469856266, 12.641387907079524, 2.8670163340111685 
0, 'BL', 6, 12, 'BL', 10.668625881632408, 2.1286340711747584, -10.54840704088889, -1.8784251243795893 
0, 'BL', 7, 8, 'BL', -12.641387907089353, -2.867016334016739, 12.641387907089353, 3.1137723004937925 
0, 'BL', 5, 6, 'BL', 1.7052186940771714, 20.75563937986533, -1.7052186940771714, -19.922872378394572 
--end of line flow
