--contingency generator
conID,genID,busID,unitID,q(MW) 
1, '1 ', 8, '1 ', 9.565614491254236
1, '1 ', 1, '1 ', 2.2453113680461185
1, '1 ', 3, '1 ', 16.823694795425688
1, '1 ', 2, '1 ', 19.138460344861286
1, '1 ', 6, '1 ', 1.9277160437894265
--end of contingency generator
--bus
contingency id,bus id,v(pu),theta(deg) 
0, 4, 1.0650387690415777, 24.087579200109694
1, 11, 1.0870314209637757, 43.29810154503775
0, 7, 1.0888232663987358, 24.930337246579104
1, 10, 1.080877605422226, 42.90514719343562
1, 14, 1.0581484459601858, 41.488792757647964
0, 12, 1.0847100852982137, 22.292761764565288
1, 4, 1.064835190652047, 44.73634192026437
0, 13, 1.0786255515857395, 22.10584188734091
1, 12, 1.055890449620862, 42.0733057373865
0, 14, 1.0619027469974591, 21.027339029338403
1, 8, 1.099999998357352, 50.204786725905876
0, 6, 1.0999995499803852, 23.147341055665247
1, 5, 1.0661555546493668, 45.60373194049384
1, 6, 1.100000000438427, 43.857775178332446
0, 5, 1.0662425889913636, 24.946689902426318
1, 7, 1.0882850392598737, 45.541174497153705
0, 3, 1.0580008901818845, 21.761985002677328
0, 8, 1.1000000025105456, 29.59113998318019
1, 1, 1.0973662382651153, 49.54538083566943
1, 13, 1.0714825504626788, 42.425487160934196
1, 9, 1.0840895660685061, 43.013543884643894
0, 11, 1.0875137089834384, 22.639000786265644
0, 9, 1.0851210934629107, 22.42700635754996
1, 3, 1.0580008861971077, 42.41575868560014
1, 2, 1.0846064294054458, 47.46405278329556
0, 1, 1.0973662424205133, 28.890888609299946
0, 2, 1.0846064335070802, 26.81034687543627
0, 10, 1.0817606153213544, 22.296702048543935
--end of bus
--Delta
contingency id,Delta(MW) 
1, 0.0019677324351271928 
--end of Delta
--line flow
contingency id,line id,origin bus id,destination bus id,circuit id,p_origin(MW),q_origin(MVar),p_destination(MW),q_destination(MVar) 
1, 'BL', 1, 2, 'BL', 73.36879489810929, -2.2183072046634607, -72.50233627362616, -1.4210078937564958 
1, 'BL', 2, 5, 'BL', 23.005427385131668, 2.28959634782791, -22.7401546643965, -5.481256143812743 
1, 'BL', 4, 9, 'BL', 6.439537943105735, 3.023290648139323, -6.439537943105735, -2.7902043468382374 
1, 'BL', 4, 7, 'BL', -7.959013863321326, 0.318049112033691, 7.959013863321326, -0.2061259501215318 
1, 'BL', 6, 13, 'BL', 27.814232871645572, 10.238986825628103, -27.33397927900228, -9.293217581279578 
1, 'BL', 7, 8, 'BL', -55.25516006810612, -4.9877035313437545, 55.25516006810612, 9.565614498352488 
1, 'BL', 4, 5, 'BL', -37.958016090345154, 9.00383851833567, 38.137199134928665, -8.43864016571979 
0, 'BL', 12, 13, 'BL', 2.5038621978061997, 0.5376470215859968, -2.4915480338399334, -0.5265056351403246 
0, 'BL', 1, 5, 'BL', 37.87230746158231, 4.418782019897037, -37.20432342074291, -7.4203638526880695 
0, 'BL', 10, 11, 'BL', -4.2611045308924815, -1.408986120887107, 4.275227444946154, 1.4420463049491445 
0, 'BL', 13, 14, 'BL', 7.064768826359014, 1.7713775104301703, -6.986830346336063, -1.612691792197154 
0, 'BL', 1, 2, 'BL', 73.34358425854668, -2.2110521613144556, -72.4777186409384, -1.4300735221734158 
1, 'BL', 5, 6, 'BL', 15.212688630953489, 20.17829676739865, -15.212688630953489, -18.9484599354368 
0, 'BL', 2, 3, 'BL', 52.066509963075916, 1.8900577888623502, -50.97566753324642, -2.3219764280869413 
0, 'BL', 4, 5, 'BL', -37.53102057328954, 9.156805700503355, 37.70666841973241, -8.60275844853959 
1, 'BL', 9, 14, 'BL', 13.308273453336483, 4.29488946971361, -13.096768268122275, -3.8449896036273685 
0, 'BL', 2, 5, 'BL', 23.026297578447753, 2.2297611549799967, -22.760808590286018, -5.421081731597042 
1, 'BL', 9, 10, 'BL', 3.657377113669213, 2.7464359325228997, -3.6517149703850578, -2.7313950300547276 
1, 'BL', 3, 4, 'BL', -24.374802200966002, 5.146180502652101, 24.751049477480507, -5.627955971431902 
0, 'BL', 7, 9, 'BL', 46.90950791569107, 4.689156574245317, -46.90950791569107, -2.6268310387620204 
0, 'BL', 6, 13, 'BL', 20.50813679190452, 7.7848109134395145, -20.245074451743676, -7.266759045673098 
0, 'BL', 2, 4, 'BL', 31.870532876438915, 0.2729235979770692, -31.366233833600347, -2.6709103304864357 
1, 'BL', 1, 5, 'BL', 37.856934505929914, 4.463618582420224, -37.18917492398239, -7.4656704203652 
1, 'BL', 10, 11, 'BL', -4.793829779106829, -1.4008180411296962, 4.811347430959017, 1.441824931943188 
0, 'BL', 4, 9, 'BL', 6.214110546695064, 2.8547551581843322, -6.214110546695064, -2.6394516331575915 
1, 'BL', 6, 11, 'BL', 7.581934974863259, 3.580272329355239, -7.526749171021265, -3.4647063535268785 
1, 'BL', 12, 13, 'BL', -5.658558934220764, -1.9718277115145213, 5.729709964794722, 2.0362024534623515 
1, 'BL', 2, 4, 'BL', 31.95406802769088, 0.3731640503336848, -31.44690525462312, -2.761724393724421 
0, 'BL', 9, 10, 'BL', 4.191215844956332, 2.7412255665267367, -4.184440283080619, -2.723226981851667 
0, 'BL', 3, 4, 'BL', -24.471080179344938, 5.060409107013697, 24.849545098563, -5.536801980880114 
0, 'BL', 9, 14, 'BL', 12.162368755812395, 3.727693761641774, -11.98768497186984, -3.3561179493343616 
0, 'BL', 6, 11, 'BL', 7.039516832457309, 3.567304547138292, -6.990629205740504, -3.4649277419795794 
1, 'BL', 13, 14, 'BL', 5.932415774641811, 1.2351280034214938, -5.877746905211367, -1.1238200999570722 
1, 'BL', 2, 3, 'BL', 52.065849442086616, 1.8901541180089225, -50.97503413508768, -2.322186988420299 
0, 'BL', 4, 7, 'BL', -8.33974937858646, 0.1516493963879384, 8.33974937858646, -0.028964239379661194 
0, 'BL', 6, 12, 'BL', 8.238597831499533, 2.668019621967744, -8.162421175231458, -2.5094747481581408 
0, 'BL', 7, 8, 'BL', -55.249257294277214, -4.660192334865201, 55.249257294277214, 9.227914433223077 
1, 'BL', 7, 9, 'BL', 47.296146204784776, 5.193829481465855, -47.296146204784776, -3.0909986416713764 
0, 'BL', 5, 6, 'BL', 15.67902171855853, 20.236934061105615, -15.67902171855853, -18.974995614053853 
--end of line flow
