--contingency generator
conID,genID,busID,unitID,q(MW) 
1, '1 ', 8, '1 ', 2.974703984291366
1, '1 ', 1, '1 ', -1.4382731312696895
1, '1 ', 3, '1 ', 31.697641079978926
1, '1 ', 2, '1 ', 19.51230256559618
1, '1 ', 6, '1 ', 0.9067088529750003
--end of contingency generator
--bus
contingency id,bus id,v(pu),theta(deg) 
0, 4, 1.058788241585627, -27.470035053805073
1, 11, 1.0773224352806672, 135.54834339833423
0, 7, 1.0753477945246983, -28.686214090774367
1, 10, 1.0642590021114735, 133.68148445764527
1, 14, 1.0506671596543804, 133.56374023304153
0, 12, 1.084629407061011, -26.05613077138037
1, 4, 1.0585737055479076, 135.1948130174505
0, 13, 1.0791046216385412, -26.25099382879528
1, 12, 1.0540406678820062, 135.44975693850552
0, 14, 1.0542939067353192, -28.86901059875812
1, 8, 1.0796942724544654, 134.06122434263253
0, 6, 1.1000000001615668, -24.994030568627416
1, 5, 1.0625699014455845, 136.35491308096775
1, 6, 1.100000000163771, 137.748090411366
0, 5, 1.0626627978863583, -26.320649897563705
1, 7, 1.0748439394059692, 133.92955731613839
0, 3, 1.04918887797019, -31.097205826525297
0, 8, 1.0796942725689178, -28.55520925917336
1, 1, 1.084463540817889, 138.6616305200022
1, 13, 1.0719051381669016, 136.00672609062403
1, 9, 1.0680810737034072, 133.17194972719184
0, 11, 1.0778264221281786, -27.131360231345194
0, 9, 1.069032224968792, -29.41672521865076
1, 3, 1.049188877882202, 131.5741673312889
1, 2, 1.0848873376421635, 138.61956708758885
0, 1, 1.0844635409122378, -24.01078712055191
0, 2, 1.0848873378177757, -24.051895635933846
0, 10, 1.0651100356524217, -28.934887645670894
--end of bus
--Delta
contingency id,Delta(MW) 
1, 0.00230269618291781 
--end of Delta
--line flow
contingency id,line id,origin bus id,destination bus id,circuit id,p_origin(MW),q_origin(MVar),p_destination(MW),q_destination(MVar) 
1, 'BL', 1, 2, 'BL', 1.0887318968009367, -4.237590729981548, -1.0883251112269363, -1.9731973994225882 
1, 'BL', 2, 5, 'BL', 27.931369957897033, 3.257902546165724, -27.54031551803962, -6.05337446741305 
1, 'BL', 4, 9, 'BL', 7.4052521351160845, 4.915143444805977, -7.4052521351160845, -4.546990747860718 
1, 'BL', 4, 7, 'BL', 12.284357915913702, 4.039449383451711, -12.284357915913702, -3.740961951824602 
1, 'BL', 6, 13, 'BL', 31.612070652461625, 8.088961948549695, -31.029975627626868, -6.942635132446526 
1, 'BL', 7, 8, 'BL', -1.5139710654428147, -2.957869331201323, 1.5139710654428147, 2.974703983152608 
1, 'BL', 4, 5, 'BL', -51.87720586391015, 6.948222913546942, 52.20357862067374, -5.918743004384851 
0, 'BL', 12, 13, 'BL', 2.3896202125822583, 0.36019853005211644, -2.37865322897062, -0.35027602107010125 
0, 'BL', 1, 5, 'BL', 22.191668605988085, 2.7508659615497777, -21.95078607192609, -7.427555262574572 
0, 'BL', 10, 11, 'BL', -18.348544346923546, 1.0825857848615783, 18.592888571313694, -0.5106029063897495 
0, 'BL', 13, 14, 'BL', 15.209195762123144, 0.5642605539871397, -14.869178440354162, 0.12802768284683452 
0, 'BL', 1, 2, 'BL', 1.0587962448872759, -4.227810082988981, -1.0584036888355968, -1.9830214927928864 
1, 'BL', 5, 6, 'BL', -12.098742831353784, 18.28607118387572, 12.098742831353784, -17.35393338695991 
0, 'BL', 2, 3, 'BL', 72.131527645505, 4.205567204676413, -70.03591925821532, -0.3650521384624881 
0, 'BL', 4, 5, 'BL', -51.352851980797254, 7.07588504267369, 51.67285964490975, -6.066482590555552 
1, 'BL', 9, 14, 'BL', 0.32794901522302666, 6.734541082827775, -0.27729475928634884, -6.626792693872062 
0, 'BL', 2, 5, 'BL', 27.959680271561183, 3.1925914630696752, -27.568192755647914, -5.987082663123147 
1, 'BL', 9, 10, 'BL', -8.867640297306878, 8.222518117675918, 8.908419225557282, -8.11419308035579 
1, 'BL', 3, 4, 'BL', -37.06654871811796, 9.357256799177435, 37.96454347439436, -8.486980109182923 
0, 'BL', 7, 9, 'BL', 13.322938340964072, 6.258403209263861, -13.322938340964072, -6.052278699114595 
0, 'BL', 6, 13, 'BL', 23.102231383621074, 6.132205070739701, -22.789895666402174, -5.517118541909554 
0, 'BL', 2, 4, 'BL', 40.154915426342285, 1.9828174048114988, -39.35099596325318, -3.450150704318389 
1, 'BL', 1, 5, 'BL', 22.173246430946165, 2.7993175990765167, -21.93248703421331, -7.476029550651731 
1, 'BL', 10, 11, 'BL', -18.946050238258948, 1.1719250336729488, 19.20707385077543, -0.5608975473105033 
0, 'BL', 4, 9, 'BL', 7.134300596356418, 4.763220005397926, -7.134300596356418, -4.4204183522010965 
1, 'BL', 6, 11, 'BL', 23.670091181314035, 1.6776029525818217, -23.22809070849138, -0.7519986775300254 
1, 'BL', 12, 13, 'BL', -7.146827868602827, -1.4947587341748942, 7.25283639873669, 1.59067121381986 
1, 'BL', 2, 4, 'BL', 40.256029203260084, 2.0857487581226906, -39.44768533761933, -3.5388851081542043 
0, 'BL', 9, 10, 'BL', -8.273488752687058, 8.124268389728286, 8.310913333340977, -8.024853832505869 
0, 'BL', 3, 4, 'BL', -37.18077614628368, 9.275341741979787, 38.082934304908264, -8.394729497150138 
0, 'BL', 9, 14, 'BL', -1.012544711181647, 6.322316663373272, 1.058143101540736, -6.225322777878148 
0, 'BL', 6, 11, 'BL', 23.032536974727435, 1.6789601365242675, -22.613905429422886, -0.8022933186566661 
1, 'BL', 13, 14, 'BL', 13.81778609659861, 0.04882991033645112, -13.533740578217063, 0.5294975997971676 
1, 'BL', 2, 3, 'BL', 72.13239681713524, 4.205471088424247, -70.03673888876479, -0.36474730320696835 
0, 'BL', 4, 7, 'BL', 11.815875363146029, 3.8827256774286525, -11.815875363146029, -3.6067196173858065 
0, 'BL', 6, 12, 'BL', 9.635059250930937, 2.0601946181917583, -9.536448081928683, -1.854957264498296 
0, 'BL', 7, 8, 'BL', -1.5070629778183446, -2.6516835918780544, 1.5070629778183446, 2.665854318420884 
1, 'BL', 7, 9, 'BL', 13.798328981356645, 6.698831283025584, -13.798328981356645, -6.474802090594949 
0, 'BL', 5, 6, 'BL', -11.521847581199092, 18.319044677347904, 11.521847581199092, -17.4111458138251 
--end of line flow
