--contingency generator
conID,genID,busID,unitID,q(MW) 
1, '1 ', 8, '1 ', 7.012955720650434
1, '1 ', 1, '1 ', -1.639351894149932
1, '1 ', 3, '1 ', 24.655241781584238
1, '1 ', 2, '1 ', 20.486284040504646
1, '1 ', 6, '1 ', -5.731381839533919
--end of contingency generator
--bus
contingency id,bus id,v(pu),theta(deg) 
0, 4, 1.0705693069755002, 53.407471052334216
1, 11, 1.0853273773287992, 48.18077379686408
0, 7, 1.0916818420793541, 54.87184484480572
1, 10, 1.0793299612151848, 46.71130203606276
1, 14, 1.0587588760832203, 45.75347260088867
0, 12, 1.0838111924377793, 55.41331581300063
1, 4, 1.0703495112457653, 46.59013083499358
0, 13, 1.0778223764065578, 55.18441589959067
1, 12, 1.0511059395496019, 47.3002415164275
0, 14, 1.062662165114924, 52.82549923459689
1, 8, 1.0999999956605175, 51.79329198714314
0, 6, 1.0999999997746366, 56.58096236357611
1, 5, 1.073121485681053, 47.828619666003824
1, 6, 1.0999999997747496, 49.84592180891257
0, 5, 1.0732171991158348, 54.63440916019997
1, 7, 1.0911559484011664, 48.003364355389394
0, 3, 1.0607298471022693, 49.92629408076892
0, 8, 1.0999999956592907, 58.65920886214056
1, 1, 1.0999999992919205, 50.812370518056234
1, 13, 1.070145908112098, 47.91581151907594
1, 9, 1.0860378793869594, 46.356668325301996
0, 11, 1.08584868975627, 54.98330868359828
0, 9, 1.0870455422919456, 53.25554026801427
1, 3, 1.0607298471030184, 43.11743581234136
1, 2, 1.090689425737648, 49.006041663067535
0, 1, 1.099999999295465, 57.62099974672639
0, 2, 1.0906894257348132, 55.815635764124146
0, 10, 1.0802243698912526, 53.581055863337326
--end of bus
--Delta
contingency id,Delta(MW) 
1, 0.002909635584185657 
--end of Delta
--line flow
contingency id,line id,origin bus id,destination bus id,circuit id,p_origin(MW),q_origin(MVar),p_destination(MW),q_destination(MVar) 
1, 'BL', 1, 2, 'BL', 63.1395682173486, -5.558163854790337, -62.50015755732363, 1.1754259270535385 
1, 'BL', 2, 5, 'BL', 15.793416107602354, 3.9311423887963883, -15.65683321145363, -7.564391010070153 
1, 'BL', 4, 9, 'BL', 0.8788702403765699, 3.686672200919247, -0.8788702403765699, -3.6211956152975517 
1, 'BL', 4, 7, 'BL', -14.083975937525564, 1.8855535663569754, 14.083975937525564, -1.5330302750086275 
1, 'BL', 6, 13, 'BL', 34.57943197447656, 8.162327285498918, -33.889306681108906, -6.80325514691981 
1, 'BL', 7, 8, 'BL', -45.03896459939142, -3.9882856770219632, 45.03896459939142, 7.012955720587797 
1, 'BL', 4, 5, 'BL', -55.4174804038272, 11.160248110557859, 55.78986268525557, -9.985640030337436 
0, 'BL', 12, 13, 'BL', 2.66884284308577, 0.30221152119287353, -2.6552751142370425, -0.2899359569963167 
0, 'BL', 1, 5, 'BL', 29.235745246114476, 3.8690182293194084, -28.83315865598007, -8.017125869510153 
0, 'BL', 10, 11, 'BL', -13.714911666147174, 2.8785473857362263, 13.85300051098855, -2.5552966309685416 
0, 'BL', 13, 14, 'BL', 12.881447442378075, -1.35269924084605, -12.63460708920428, 1.8552756154530243 
0, 'BL', 1, 2, 'BL', 63.108427446515066, -5.549040313325349, -62.4696533647915, 1.1643588180870665 
1, 'BL', 5, 6, 'BL', -17.690872036743716, 23.80305303438405, 17.690872036743716, -22.131074437491804 
0, 'BL', 2, 3, 'BL', 61.16713350120045, 2.466501603677102, -59.67909187415563, -1.266651642959573 
0, 'BL', 4, 5, 'BL', -54.84645563917263, 11.281581794323756, 55.2116682133086, -10.12958917283595 
1, 'BL', 9, 14, 'BL', 7.89454336075508, 7.26939764352062, -7.770429171324366, -7.005390133975482 
0, 'BL', 2, 5, 'BL', 15.81741000472988, 3.864178762587926, -15.6808458557868, -7.497840022769537 
1, 'BL', 9, 10, 'BL', -4.6689521175368895, 10.405562508520916, 4.704032719743566, -10.312374489455806 
1, 'BL', 3, 4, 'BL', -36.47144856712964, 8.822330701741635, 37.317881800885516, -8.11528376341721 
0, 'BL', 7, 9, 'BL', 30.426684324142283, 5.03001636838917, -30.426684324142283, -4.152088266627743 
0, 'BL', 6, 13, 'BL', 25.303281704026062, 6.148335074648685, -24.932591269167744, -5.418329890234418 
0, 'BL', 2, 4, 'BL', 28.973523808724423, 1.459695921608386, -28.557537537997348, -4.168219004141633 
1, 'BL', 1, 5, 'BL', 29.21915264871005, 3.918811958145227, -28.816693632537778, -8.0669408671734 
1, 'BL', 10, 11, 'BL', -14.371699886321807, 2.969768886348959, 14.523385998270783, -2.6146884290418484 
0, 'BL', 4, 9, 'BL', 0.5725929825239984, 3.531289135332912, -0.5725929825239984, -3.472975395695869 
1, 'BL', 6, 11, 'BL', 17.456894501258233, 0.0319098939260698, -17.21768290955771, 0.4690290994329871 
1, 'BL', 12, 13, 'BL', -7.686576878394021, -1.4843508271106316, 7.809125583626098, 1.5952282270825435 
1, 'BL', 2, 4, 'BL', 29.090545434697987, 1.5607384813591807, -28.6708913343563, -4.257332508595255 
0, 'BL', 9, 10, 'BL', -4.014299452512546, 10.30866812476529, 4.04724449954449, -10.221152988827043 
0, 'BL', 3, 4, 'BL', -36.60785372166103, 8.745668483343934, 37.459355928675734, -8.025985137532416 
0, 'BL', 9, 14, 'BL', 6.405309100098918, 6.803976131515128, -6.311378241686441, -6.604172610961598 
0, 'BL', 6, 11, 'BL', 16.768003228293537, 0.05254826208317809, -16.547297422280792, 0.4096373013610446 
1, 'BL', 13, 14, 'BL', 11.373762156478406, -1.85293816824219, -11.175556159537777, 2.2564931384363263 
1, 'BL', 2, 3, 'BL', 61.159893044723844, 2.467450150790228, -59.672197474599685, -1.2690581362184048 
0, 'BL', 4, 7, 'BL', -14.603551368517243, 1.7411908180715727, 14.603551368517243, -1.3637132890495423 
0, 'BL', 6, 12, 'BL', 10.470965305426404, 2.0270449439126423, -10.355419721491103, -1.786562348302141 
0, 'BL', 7, 8, 'BL', -45.030235692659545, -3.666303079339741, 45.030235692659545, 6.683254754703853 
1, 'BL', 7, 9, 'BL', 30.954988661865762, 5.521315952030591, -30.954988661865762, -4.6077889183675325 
0, 'BL', 5, 6, 'BL', -17.07219989703349, 23.83063619193757, 17.07219989703349, -22.19733480726137 
--end of line flow
