--contingency generator
conID,genID,busID,unitID,q(MW) 
1, '1 ', 8, '1 ', 10.537669384512533
1, '1 ', 1, '1 ', 4.2524817538331465
1, '1 ', 3, '1 ', 24.988920802687673
1, '1 ', 2, '1 ', 22.734779283015445
1, '1 ', 6, '1 ', -5.609511976436301
--end of contingency generator
--bus
contingency id,bus id,v(pu),theta(deg) 
0, 4, 1.061741067022666, 51.044368091443935
1, 11, 1.0743951821757558, 38.816334646277156
0, 7, 1.079508027972054, 50.015154747080146
1, 10, 1.060527952719582, 35.97385260508922
1, 14, 1.045391290126348, 35.90722114620882
0, 12, 1.085195112835699, 54.76747610000114
1, 4, 1.0615283232507715, 36.87032992107509
0, 13, 1.0771804603680093, 54.297028981965106
1, 12, 1.0548848106228148, 39.29579138312798
0, 14, 1.0487872765087185, 50.33537734239455
1, 8, 1.0959683474467623, 35.99625839693575
0, 6, 1.1000000003355435, 55.92630692571077
1, 5, 1.0673242799456124, 38.37510821164698
1, 6, 1.1000000000591972, 41.838441935664115
0, 5, 1.0674182243030608, 52.53716413013957
1, 7, 1.0790386931324254, 35.78896549197627
0, 3, 1.0574535065803572, 48.6113803664891
0, 8, 1.0959683477443734, 50.221795230980526
1, 1, 1.0990018550592775, 41.69143891966211
1, 13, 1.0702814909678138, 39.68100557665815
1, 9, 1.0653040397666769, 35.076196590726006
0, 11, 1.0749058625807564, 52.97175030067641
0, 9, 1.0661829000747975, 49.331208504543845
1, 3, 1.0574535063080426, 34.443881843271896
1, 2, 1.0855448654269106, 39.57592177196672
0, 1, 1.0990018552808345, 55.85727150882571
0, 2, 1.085544865677856, 53.74287722536845
0, 10, 1.0613424185797773, 50.19858837466097
--end of bus
--Delta
contingency id,Delta(MW) 
1, 0.0021972070149846833 
--end of Delta
--line flow
contingency id,line id,origin bus id,destination bus id,circuit id,p_origin(MW),q_origin(MVar),p_destination(MW),q_destination(MVar) 
1, 'BL', 1, 2, 'BL', 75.01755757486467, -1.3904407556929073, -74.11404912718024, -2.150616231646154 
1, 'BL', 2, 5, 'BL', 16.019353514945635, 4.23619498942719, -15.876306083414221, -7.808870496415352 
1, 'BL', 4, 9, 'BL', 6.56942140758423, 6.048186042507183, -6.56942140758423, -5.6786436367711985 
1, 'BL', 4, 7, 'BL', 10.569582757672494, 3.4052700103693496, -10.569582757672494, -3.186385388814756 
1, 'BL', 6, 13, 'BL', 37.43676009926929, 6.724855806358505, -36.64583861258808, -5.167284497666515 
1, 'BL', 7, 8, 'BL', -2.428920163256887, -10.366172179654086, 2.428920163256887, 10.537669618957693 
1, 'BL', 4, 5, 'BL', -68.14392082664381, 7.920607136020408, 68.70149219653808, -6.161855796226519 
0, 'BL', 12, 13, 'BL', 4.336066874970697, -0.42143949336116293, -4.300463210710859, 0.4536523324534869 
0, 'BL', 1, 5, 'BL', 32.53501121592791, 5.592635089908299, -32.02868172801074, -9.276547368293848 
0, 'BL', 10, 11, 'BL', -26.758892604274877, 4.631771438630665, 27.29607855160313, -3.3742783867921275 
0, 'BL', 13, 14, 'BL', 21.85310590966384, -1.1693152221121181, -21.14758587193566, 2.605780930473145 
0, 'BL', 1, 2, 'BL', 74.9814649379465, -1.380077594996692, -74.07881918157295, -2.1636133189495013 
1, 'BL', 5, 6, 'BL', -30.195718069716467, 21.45107617599217, 30.195718069716467, -18.814708213554752 
0, 'BL', 2, 3, 'BL', 53.07946137201985, 2.547929609806033, -51.94549915531911, -2.8001076287101796 
0, 'BL', 4, 5, 'BL', -67.56989789863258, 8.020779517989467, 68.11820930062879, -6.291236960830702 
1, 'BL', 9, 14, 'BL', -1.8551042117404393, 8.761111568761066, 1.9449295267647244, -8.570041089048516 
0, 'BL', 2, 5, 'BL', 16.054926486478223, 4.167103549151648, -15.911744376875163, -7.739714803711536 
1, 'BL', 9, 10, 'BL', -16.306948265869323, 12.324116877489814, 16.42405594982114, -12.01303233508429 
1, 'BL', 3, 4, 'BL', -24.744821780790716, 7.048500240730277, 25.147878672282104, -7.456608060370968 
0, 'BL', 7, 9, 'BL', 12.488619848310448, 13.15024444025994, -12.488619848310448, -12.839761962982948 
0, 'BL', 6, 13, 'BL', 28.487126556070223, 5.171025152018274, -28.028856915870392, -4.268549172746475 
0, 'BL', 2, 4, 'BL', 32.33249715636103, 2.7209351363552514, -31.805985363058937, -5.043062124203971 
1, 'BL', 1, 5, 'BL', 32.509904712574354, 5.642922589976308, -32.00391932486822, -9.327761993677257 
1, 'BL', 10, 11, 'BL', -27.38107513879774, 4.769869589641303, 27.944607343698692, -3.450702854780559 
0, 'BL', 4, 9, 'BL', 6.279450749260995, 5.9105107755956965, -6.279450749260995, -5.566003810725647 
1, 'BL', 6, 11, 'BL', 31.337014912018475, 0.022634289935808738, -30.566178413499244, 1.5915937533940792 
1, 'BL', 12, 13, 'BL', -5.7456507777528145, -1.7625152425477495, 5.817357558874846, 1.8273928064200504 
1, 'BL', 2, 4, 'BL', 32.43975460611611, 2.8202287795108987, -31.909349439553523, -5.129774405564035 
0, 'BL', 9, 10, 'BL', -15.691539050263373, 12.168026093108892, 15.801873410604685, -11.874934189655733 
0, 'BL', 3, 4, 'BL', -24.858105757912085, 6.964643388007175, 25.263753916274, -7.366426598901171 
0, 'BL', 9, 14, 'BL', -3.2703671749253544, 8.460540764969778, 3.3623675789072536, -8.264843579629371 
0, 'BL', 6, 11, 'BL', 30.655313867589285, 0.029591911041507046, -29.91764962260723, 1.5151692842303532 
1, 'BL', 13, 14, 'BL', 20.35226684188308, -1.644320368341596, -19.73014781122737, 2.910978445032697 
1, 'BL', 2, 3, 'BL', 53.08475378090023, 2.5471650098040755, -51.95057064261128, -2.798412278289902 
0, 'BL', 4, 7, 'BL', 10.066291137107298, 3.265879160494478, -10.066291137107298, -3.067160215175818 
0, 'BL', 6, 12, 'BL', 10.18967645239104, 1.5657681252659472, -10.081717655522851, -1.341075750139055 
0, 'BL', 7, 8, 'BL', -2.422328711203083, -10.08308422508378, 2.422328711203083, 10.245633800132396 
1, 'BL', 7, 9, 'BL', 12.998502920929553, 13.552557568468728, -12.998502920929553, -13.219376013688361 
0, 'BL', 5, 6, 'BL', -29.55223448223643, 21.460087022839673, 29.55223448223643, -18.897308492905097 
--end of line flow
