--contingency generator
conID,genID,busID,unitID,q(MW) 
1, '1 ', 8, '1 ', 3.9904577448468164
1, '1 ', 1, '1 ', -2.3546063383078266
1, '1 ', 3, '1 ', 30.059286774267974
1, '1 ', 2, '1 ', 26.746113771277443
1, '1 ', 6, '1 ', 2.934221712021144
--end of contingency generator
--bus
contingency id,bus id,v(pu),theta(deg) 
0, 4, 1.0650201164491477, 56.70853725294353
1, 11, 1.0713502438575673, 68.16273446891405
0, 7, 1.0942685811852058, 58.93917316969144
1, 10, 1.0527102526554877, 66.38861121059603
1, 14, 1.0460022567827785, 66.20446520818875
0, 12, 1.0869293796854496, 54.793002288130786
1, 4, 1.064845782866405, 71.24740896553546
0, 13, 1.0787400482786906, 54.49189785012978
1, 12, 1.0611560573891392, 68.35227402324155
0, 14, 1.0497002289529835, 51.902035111982684
1, 8, 1.0999999972156704, 75.33952220535713
0, 6, 1.099999999440712, 55.674900709287634
1, 5, 1.066847096341416, 72.17915892969015
1, 6, 1.099999998849397, 70.24897094788662
0, 5, 1.0669323450956858, 57.63568513825288
1, 7, 1.0941866364537647, 73.47902682956962
0, 3, 1.065247474383079, 54.77240025551514
0, 8, 1.0999999974103263, 60.799154591968424
1, 1, 1.0999999989310163, 76.37031647451649
1, 13, 1.07252889268468, 68.66164539710311
1, 9, 1.0543227266881003, 65.88023472599092
0, 11, 1.0722140934373632, 53.6477143681214
0, 9, 1.056128687108078, 51.45550737969336
1, 3, 1.0652474743537577, 69.31424773347499
1, 2, 1.0897671784557528, 74.20470429695916
0, 1, 1.0999999995713583, 61.82841907796402
0, 2, 1.0897671784611453, 59.663259778359105
0, 10, 1.0542698023288066, 51.93602709337678
--end of bus
--Delta
contingency id,Delta(MW) 
1, 0.0014883535906544721 
--end of Delta
--line flow
contingency id,line id,origin bus id,destination bus id,circuit id,p_origin(MW),q_origin(MVar),p_destination(MW),q_destination(MVar) 
1, 'BL', 1, 2, 'BL', 75.1941364108568, -7.352502972784578, -74.28576730432155, 3.7962437050998687 
1, 'BL', 2, 5, 'BL', 25.7158631424943, 4.305488263920324, -25.37934218616357, -7.301577491961666 
1, 'BL', 4, 9, 'BL', 19.48537913847859, 9.723365964772142, -19.48537913847859, -7.539264150919365 
1, 'BL', 4, 7, 'BL', -22.183551771977715, -2.372853173313274, 22.183551771977715, 3.250869805803177 
1, 'BL', 6, 13, 'BL', 29.44884815511182, 8.590254637964108, -28.93439406470685, -7.5771339371773365 
1, 'BL', 7, 8, 'BL', -22.183551771977772, -3.250869805803177, 22.183551771977772, 3.990457744848186 
1, 'BL', 4, 5, 'BL', -41.21801109258831, 8.36315755324722, 41.426269707814754, -7.70624592124841 
0, 'BL', 12, 13, 'BL', 3.6071982615516163, 0.474481488977176, -3.582445575089423, -0.45208620122565435 
0, 'BL', 1, 5, 'BL', 40.39247738400611, 4.955282886419695, -39.63584885650485, -7.608789853887345 
0, 'BL', 10, 11, 'BL', -18.330076051483445, -1.7565978234600834, 18.580383514333107, 2.3425399854288003 
0, 'BL', 13, 14, 'BL', 15.538229632446232, 1.7020655983914708, -15.179334229743802, -0.9713408686864398 
0, 'BL', 1, 2, 'BL', 75.17950619205362, -7.3483149881824374, -74.27149502555449, 3.790962872994214 
1, 'BL', 5, 6, 'BL', 16.828242829312877, 20.57993301730039, -16.828242829312877, -19.220643574113467 
0, 'BL', 2, 3, 'BL', 50.84042037350849, 0.9642042072256345, -49.81267271198007, -1.7202134542681051 
0, 'BL', 4, 5, 'BL', -40.96712370651153, 8.504669935189668, 41.173168270112, -7.854742101989814 
1, 'BL', 9, 14, 'BL', -0.6386295709748708, 3.551253939116407, 0.6535169629997881, -3.519586461689755 
0, 'BL', 2, 5, 'BL', 25.723397735303564, 4.250462990458232, -25.387025111920792, -7.247319799881552 
1, 'BL', 9, 10, 'BL', -9.527217685575636, 5.6501364234852645, 9.562327819821803, -5.556869955588127 
1, 'BL', 3, 4, 'BL', -19.182570830879854, 7.417202295338825, 19.439028162803766, -8.214579986893455 
0, 'BL', 6, 13, 'BL', 22.27642886225715, 6.834277097414088, -21.979603082370943, -6.249734476918661 
0, 'BL', 2, 4, 'BL', 35.41336664643757, 2.4801763368726597, -34.789816237077446, -4.535333975562821 
1, 'BL', 1, 5, 'BL', 40.385288929818444, 4.997896634475978, -39.62861701529194, -7.650777014480752 
1, 'BL', 10, 11, 'BL', -18.962669490133123, -1.8342334912890692, 19.23139220980761, 2.46328373830778 
0, 'BL', 4, 9, 'BL', 19.107952252003276, 9.36671248909093, -19.107952252003276, -7.281737501562446 
1, 'BL', 6, 11, 'BL', 23.877990690759646, 4.834868422676152, -23.412090718206883, -3.8592156058647333 
1, 'BL', 12, 13, 'BL', -4.383620938818524, -1.1844440162186345, 4.424073401335079, 1.2210438632573641 
1, 'BL', 2, 4, 'BL', 35.46742111428077, 2.571491311417958, -34.84158982452891, -4.619096977098934 
0, 'BL', 9, 10, 'BL', -8.897827267313858, 5.719263595905659, 8.929734380900527, -5.63450562363073 
0, 'BL', 3, 4, 'BL', -19.252061373844157, 7.337071407871235, 19.50932901390655, -8.132618582023042 
0, 'BL', 9, 14, 'BL', -1.6454468765688546, 3.297016559487929, 1.6609199249293454, -3.2641033125702847 
0, 'BL', 6, 11, 'BL', 23.200639728490955, 4.658960668056636, -22.761082022852122, -3.7384718530265104 
1, 'BL', 13, 14, 'BL', 14.486501638646956, 1.3563349943112257, -14.171931267424114, -0.7158577194445286 
1, 'BL', 2, 3, 'BL', 50.83645149437365, 0.9647946769166538, -49.808861838609715, -1.7214696058821346 
0, 'BL', 4, 7, 'BL', -22.17908671184636, -2.323436485896309, 22.17908671184636, 3.2004071454632594 
0, 'BL', 6, 12, 'BL', 8.060112759014515, 1.80314473234273, -7.9908192004967304, -1.658925505229945 
0, 'BL', 7, 8, 'BL', -22.17908671184632, -3.2004071454632594, 22.17908671184632, 3.9391140203808845 
0, 'BL', 5, 6, 'BL', 17.09625903379004, 20.63218434530961, -17.09625903379004, -19.251485934698678 
--end of line flow
