--contingency generator
conID,genID,busID,unitID,q(MW) 
1, '1 ', 8, '1 ', 22.34095136423712
1, '1 ', 1, '1 ', 1.551313585450595
1, '1 ', 3, '1 ', 1.5406077727676313
1, '1 ', 2, '1 ', 35.305363534858216
1, '1 ', 6, '1 ', 2.2229439345026027
--end of contingency generator
--bus
contingency id,bus id,v(pu),theta(deg) 
0, 4, 0.9200033785540263, 64.70164336064006
1, 11, 0.9310284197797928, 114.89960354406834
0, 7, 0.9454432068908205, 66.60741027385997
1, 10, 0.9234530363748277, 114.01289600556966
1, 14, 0.9034879065614919, 112.6446386144764
0, 12, 0.9316896647005017, 65.04644144741495
1, 4, 0.9197496369715579, 114.73836760761701
0, 13, 0.9277544028314733, 64.90017158735199
1, 12, 0.9000003015476676, 113.97688299163477
0, 14, 0.9076285136789989, 62.85204997709081
1, 8, 0.9803846345279754, 122.24695682299883
0, 6, 0.9483525208654124, 66.12235419807482
1, 5, 0.9230458639157553, 115.76207712844771
1, 6, 0.9483525208676287, 116.23461171951504
0, 5, 0.9231670465409242, 65.71491643007859
1, 7, 0.9448364215852638, 116.59535025072888
0, 3, 0.9062976113555199, 63.98156259561431
0, 8, 0.9803846345266984, 72.25456894919822
1, 1, 0.952074372877834, 119.03665704126743
1, 13, 0.9198730158511158, 114.51829055349361
1, 9, 0.9292397497986201, 113.8650080139978
0, 11, 0.9315856025120477, 64.85167655780404
0, 9, 0.930393722088921, 63.90960873293262
1, 3, 0.9062068021727789, 114.02845586552324
1, 2, 0.9430981782740403, 117.1504559334226
0, 1, 0.9520743728763478, 68.99205214023104
0, 2, 0.9430981782340611, 67.10668292061618
0, 10, 0.924452742441396, 64.02943579873799
--end of bus
--Delta
contingency id,Delta(MW) 
1, 0.002464258003446803 
--end of Delta
--line flow
contingency id,line id,origin bus id,destination bus id,circuit id,p_origin(MW),q_origin(MVar),p_destination(MW),q_destination(MVar) 
1, 'BL', 1, 2, 'BL', 49.62383427783408, -3.3809951457287752, -49.0971325169773, 0.24797071620560018 
1, 'BL', 2, 5, 'BL', 14.215715913634625, 4.828322184000058, -14.06036388399778, -7.366705422374821 
1, 'BL', 4, 9, 'BL', 2.41719620742905, 3.420397734208109, -2.41719620742905, -3.312104395667376 
1, 'BL', 4, 7, 'BL', -13.768955691088747, -1.754292278434832, 13.768955691088747, 2.209835278543949 
1, 'BL', 6, 13, 'BL', 24.436425651488292, 8.62461378965611, -23.94251198270132, -7.651943591124109 
1, 'BL', 7, 8, 'BL', -51.786347039639054, -16.511258720637272, 51.786347039639054, 22.34095136423707 
1, 'BL', 4, 5, 'BL', -34.71130112331673, 4.12671928895611, 34.904133159230355, -3.5184678258606255 
0, 'BL', 12, 13, 'BL', 1.4102226539570495, 0.27706404369882875, -1.4049659189590784, -0.2723079501292318 
0, 'BL', 1, 5, 'BL', 24.249265830402024, 4.8797845486805045, -23.868634642313637, -7.634869895809288 
0, 'BL', 10, 11, 'BL', -6.664992252776813, -0.5397441063749397, 6.7079209087028175, 0.6402353549270856 
0, 'BL', 13, 14, 'BL', 9.150825964012313, 1.0253181124529362, -8.982445690755455, -0.6824894533594374 
0, 'BL', 1, 2, 'BL', 49.60373246547374, -3.3751361565509796, -49.07745963374043, 0.24080214332116157 
1, 'BL', 5, 6, 'BL', -3.0736061326539206, 16.53364101802481, 3.0736061326539206, -15.807012425247251 
0, 'BL', 2, 3, 'BL', 26.36550418012837, 9.967324794832166, -25.92324697170993, -11.850757420270213 
0, 'BL', 4, 5, 'BL', -34.309840634835496, 4.280669976881427, 34.49840000314782, -3.6858958196057756 
1, 'BL', 9, 14, 'BL', 8.850883313821456, 4.759860597459692, -8.702213947746145, -4.443620937327182 
0, 'BL', 2, 5, 'BL', 14.224659656640682, 4.760402774271654, -14.069695591284756, -7.300357597873642 
1, 'BL', 9, 10, 'BL', -0.1964792846691239, 6.44094989320638, 0.2117764827786459, -6.400314456543242 
1, 'BL', 3, 4, 'BL', -7.659092146870563, -4.663021084923969, 7.720928015116556, 3.753869015009627 
0, 'BL', 7, 9, 'BL', 37.63543424069745, 13.819969173177697, -37.63543424069745, -11.84167918017431 
0, 'BL', 6, 13, 'BL', 17.56829768731052, 6.227842950024183, -17.312757653299684, -5.724604851300228 
0, 'BL', 2, 4, 'BL', 22.427820597968335, 3.8827756751176707, -22.080172846433328, -5.778855748939634 
1, 'BL', 1, 5, 'BL', 24.241485308063588, 4.932308731359228, -23.860632186373763, -7.68592754633994 
1, 'BL', 10, 11, 'BL', -7.154571232245303, -0.5322165920936186, 7.204094897487778, 0.6481460300353774 
0, 'BL', 4, 9, 'BL', 2.195456081678346, 3.2657984878864568, -2.195456081678346, -3.170253394502737 
1, 'BL', 6, 11, 'BL', 11.680748511698368, 2.802737853659494, -11.528362704508595, -2.4836229131452683 
1, 'BL', 12, 13, 'BL', -6.204221602925145, -2.072304261997374, 6.320918589038769, 2.177887249433496 
1, 'BL', 2, 4, 'BL', 22.518295545069762, 3.991102630774378, -22.167219709881124, -5.875987460548458 
0, 'BL', 9, 10, 'BL', 0.2930428152249078, 6.433271284173998, -0.27780249668984425, -6.3927869422620915 
0, 'BL', 3, 4, 'BL', -7.765264503195652, -4.70749188051667, 7.828725122780696, 3.8020825676988466 
0, 'BL', 9, 14, 'BL', 7.757663980323741, 4.239842375609783, -7.642896864467602, -3.995717343864129 
0, 'BL', 6, 11, 'BL', 11.172098390913447, 2.768700597641441, -11.032188715723663, -2.4757122380366923 
1, 'BL', 13, 14, 'BL', 8.054695785416115, 0.5024616527144872, -7.923128607476883, -0.23458585989632752 
1, 'BL', 2, 3, 'BL', 26.350466761330864, 10.012808781805859, -25.90805462136524, -11.895228220497586 
0, 'BL', 4, 7, 'BL', -14.14352002493124, -1.8989889843380752, 14.14352002493124, 2.3802369035664697 
0, 'BL', 6, 12, 'BL', 7.704355406638598, 2.536498492167766, -7.614444256882081, -2.3493683056962595 
0, 'BL', 7, 8, 'BL', -51.77895426562872, -16.200206076744053, 51.77895426562872, 22.00085788013871 
1, 'BL', 7, 9, 'BL', 38.017391348550355, 14.301423442093096, -38.017391348550355, -12.26829835432909 
0, 'BL', 5, 6, 'BL', -2.6505388133444243, 16.583663536738243, 2.6505388133444243, -15.859190946515639 
--end of line flow
