--contingency generator
conID,genID,busID,unitID,q(MW) 
1, '1 ', 8, '1 ', 1.4301493449071796
1, '1 ', 1, '1 ', 1.667155053485569
1, '1 ', 3, '1 ', 18.90084588158179
1, '1 ', 2, '1 ', 20.037184994705967
1, '1 ', 6, '1 ', -1.2887403454146444
--end of contingency generator
--bus
contingency id,bus id,v(pu),theta(deg) 
0, 4, 1.0711614057157046, -16.880860893274704
1, 11, 1.0702718472763963, 68.20551567380419
0, 7, 1.0978151962276208, -16.54018670164386
1, 10, 1.0521205091602053, 65.81686531003322
1, 14, 1.0401894929381765, 65.73402548802629
0, 12, 1.0850501992833688, -15.0962044330353
1, 4, 1.0709654019119468, 67.92337291226382
0, 13, 1.0756672487298515, -15.453833183756906
1, 12, 1.0556755294790565, 68.61127036825327
0, 14, 1.0443870049406652, -18.802353681078223
1, 8, 1.0999999989259923, 68.55091956706954
0, 6, 1.100000000776233, -14.105465240449911
1, 5, 1.0737276659725987, 68.94421225547684
1, 6, 1.0999999997321606, 70.74013585899368
0, 5, 1.0738277741194766, -15.86555015449196
1, 7, 1.097723506473897, 68.26469940817702
0, 3, 1.0727727833951837, -18.40880367818554
0, 8, 1.0999999999882732, -16.25446124925199
1, 1, 1.0999999974733399, 71.2212412886818
1, 13, 1.0685510167716923, 68.93685688741887
1, 9, 1.053229116650009, 64.91940420165146
0, 11, 1.0712602366296746, -16.57338218401867
0, 9, 1.0552560458404083, -19.755100941103226
1, 3, 1.072772782417234, 66.39944314091397
1, 2, 1.0927730226139145, 70.02808323750337
0, 1, 1.0999999986453617, -13.586713582714665
0, 2, 1.0927730237429065, -14.779379145501853
0, 10, 1.0538828042590938, -18.89028712770219
--end of bus
--Delta
contingency id,Delta(MW) 
1, 0.001877728922896652 
--end of Delta
--line flow
contingency id,line id,origin bus id,destination bus id,circuit id,p_origin(MW),q_origin(MVar),p_destination(MW),q_destination(MVar) 
1, 'BL', 1, 2, 'BL', 42.30845082951055, -3.175933698327526, -42.021754103124636, -2.2957024725594692 
1, 'BL', 2, 5, 'BL', 15.104037239713904, 5.07722613889905, -14.97090577232342, -8.731134619618615 
1, 'BL', 4, 9, 'BL', 10.968138884303352, 10.620574659418168, -10.968138884303352, -9.559250325790742 
1, 'BL', 4, 7, 'BL', -3.4243549994246325, -1.386300118451345, 3.4243549994246325, 1.410100971953966 
1, 'BL', 6, 13, 'BL', 33.47343077607189, 10.004846542248288, -32.80615357246489, -8.6907694248805 
1, 'BL', 7, 8, 'BL', -3.4243549994244566, -1.4101009719538524, 3.4243549994244566, 1.430149366868477 
1, 'BL', 4, 5, 'BL', -46.10719161069346, 8.02549382521147, 46.36212713226473, -7.221348895371648 
0, 'BL', 12, 13, 'BL', 4.180311260290807, 0.4845731594109566, -4.147079805257988, -0.45450660485744265 
0, 'BL', 1, 5, 'BL', 22.94026767884769, 4.7928494776326716, -22.678324778828838, -9.524769988560422 
0, 'BL', 10, 11, 'BL', -23.366464111449176, 0.9274419615410352, 23.77044757618509, 0.018238770595814913 
0, 'BL', 13, 14, 'BL', 19.23404338908989, 0.772476843536424, -18.68664498200512, 0.3420471934006173 
0, 'BL', 1, 2, 'BL', 42.29257657914354, -3.1710978404205434, -42.00609491946, -2.3011949741680837 
1, 'BL', 5, 6, 'BL', -15.75904940720803, 24.049181215243095, 15.75904940720803, -22.479425283364037 
0, 'BL', 2, 3, 'BL', 38.23373535111409, 0.5372566532333849, -37.654598143806766, -3.232875246354979 
0, 'BL', 4, 5, 'BL', -45.81135772450102, 8.169789400473292, 46.063307961210626, -7.375060975916767 
1, 'BL', 9, 14, 'BL', -2.7465698505161242, 6.411571134361793, 2.802318419586669, -6.292986458842108 
0, 'BL', 2, 5, 'BL', 15.111119680998428, 5.012517079728809, -14.978325035986018, -8.667825881225667 
1, 'BL', 9, 10, 'BL', -17.482102590590728, 8.123799800777306, 17.58866820042948, -7.8407191962071465 
1, 'BL', 3, 4, 'BL', -15.021720576721805, 6.520273012030884, 15.18377401367701, -7.5772604474375385 
0, 'BL', 6, 13, 'BL', 25.38804351123622, 7.906250788258717, -25.00149705018117, -7.145020138498467 
0, 'BL', 2, 4, 'BL', 26.073303100624685, 3.217584077933907, -25.729089273502836, -6.153772242998002 
1, 'BL', 1, 5, 'BL', 22.933781982604714, 4.843088800973703, -22.671622219669104, -9.5735852087642 
1, 'BL', 10, 11, 'BL', -24.071611768472877, 0.8495783955168577, 24.50164161211336, 0.15707403675645537 
0, 'BL', 4, 9, 'BL', 10.516999598551292, 10.23606516749635, -10.516999598551292, -9.25574676913007 
1, 'BL', 6, 11, 'BL', 27.933590628102195, 3.680952848441507, -27.310463034981865, -2.376045728293718 
1, 'BL', 12, 13, 'BL', -4.8221788870168325, -1.4613599366437313, 4.872508015976734, 1.506895815226443 
1, 'BL', 2, 4, 'BL', 26.139495912801834, 3.318535654287757, -25.793079725883132, -6.247327544577388 
0, 'BL', 9, 10, 'BL', -16.78392148449558, 8.183157427429933, 16.883520532256, -7.918582779968347 
0, 'BL', 3, 4, 'BL', -15.106654552386658, 6.431905697391471, 15.269455740603433, -7.487253357990653 
0, 'BL', 9, 14, 'BL', -3.895890301746647, 6.129911151932447, 3.95610708311915, -6.0018219902024725 
0, 'BL', 6, 11, 'BL', 27.1681049342815, 3.470306554778631, -26.579269004659352, -2.2372104671618445 
1, 'BL', 13, 14, 'BL', 18.019112110729793, 0.3568237233389482, -17.53285628871737, 0.6332116781514969 
1, 'BL', 2, 3, 'BL', 38.225960495419145, 0.5385888371106375, -37.64705390275341, -3.235179005264172 
0, 'BL', 4, 7, 'BL', -3.418721886206492, -1.3296486638923852, 3.418721886206492, 1.3531053857847155 
0, 'BL', 6, 12, 'BL', 9.091051587979734, 2.130254143382899, -9.002490157197258, -1.945933098647231 
0, 'BL', 7, 8, 'BL', -3.4187218862066064, -1.3531053857847155, 3.4187218862066064, 1.372863905110421 
0, 'BL', 5, 6, 'BL', -15.44610842574686, 24.090769323818222, 15.44610842574686, -22.536044287700918 
--end of line flow
