--contingency generator
conID,genID,busID,unitID,q(MW) 
1, '1 ', 8, '1 ', 10.903948915119265
1, '1 ', 1, '1 ', 1.2939372783659078
1, '1 ', 3, '1 ', 20.794179782712117
1, '1 ', 2, '1 ', 10.144880982867782
1, '1 ', 6, '1 ', -3.8228638857697987
--end of contingency generator
--bus
contingency id,bus id,v(pu),theta(deg) 
0, 4, 1.0627161513911458, 43.29591181512283
1, 11, 1.0790534882148015, 20.07007485498781
0, 7, 1.0841069164197945, 43.66197856940042
1, 10, 1.0690737951705764, 18.078470731981216
1, 14, 1.0541028616343013, 17.589407959414515
0, 12, 1.0868748426448283, 45.80953721655632
1, 4, 1.062537507138063, 18.779829850068023
0, 13, 1.0777842925176884, 45.304819259471714
1, 12, 1.0598513519390194, 20.10193892623389
0, 14, 1.0571505532358743, 42.333607896324885
1, 8, 1.0999999998715269, 21.746160872764406
0, 6, 1.1000000000662782, 46.86939432325049
1, 5, 1.0651804920414603, 19.78422756683981
1, 6, 1.1000000000234929, 22.431538801077934
0, 5, 1.0652538967613032, 44.289561991687805
1, 7, 1.0836938454818057, 19.100585828814935
0, 3, 1.0613181084952747, 42.08068227657493
0, 8, 1.0999999999122685, 46.30609729076304
1, 1, 1.0875292251109487, 22.009517540680292
1, 13, 1.071669271284253, 20.38431675246396
1, 9, 1.0731859508524275, 17.57832054749984
0, 11, 1.0794866666631608, 44.56923474757086
0, 9, 1.073967454174832, 42.165905909286025
1, 3, 1.0613181084785372, 17.57004465506566
1, 2, 1.0772701421647979, 20.399253094489953
0, 1, 1.0875292250659236, 46.518397967089655
0, 2, 1.0772701422960649, 44.90916772285511
0, 10, 1.0697836380591583, 42.63929453789005
--end of bus
--Delta
contingency id,Delta(MW) 
1, 0.0017609396437723102 
--end of Delta
--line flow
contingency id,line id,origin bus id,destination bus id,circuit id,p_origin(MW),q_origin(MVar),p_destination(MW),q_destination(MVar) 
1, 'BL', 1, 2, 'BL', 56.05760120545335, -1.8451398196712034, -55.542412520787366, -2.76804234229553 
1, 'BL', 2, 5, 'BL', 8.624214285178283, 2.695811078855627, -8.57685866648788, -6.521783048570228 
1, 'BL', 4, 9, 'BL', 4.436625567295793, 4.648875288831249, -4.436625567295793, -4.457855180188517 
1, 'BL', 4, 7, 'BL', -3.151855586952429, 1.435097726019535, 3.151855586952429, -1.4138487556531345 
1, 'BL', 6, 13, 'BL', 35.59038201278133, 6.42756323569256, -34.875312069400366, -5.019367294282802 
1, 'BL', 7, 8, 'BL', -31.23631287680792, -9.310441650383495, 31.23631287680792, 10.903948915733508 
1, 'BL', 4, 5, 'BL', -44.61270452080237, 7.887491420302467, 44.85540863955055, -7.1219280914265255 
0, 'BL', 12, 13, 'BL', 4.7943230877368705, -0.3331392066997978, -4.751129186824585, 0.37221940276327814 
0, 'BL', 1, 5, 'BL', 21.655744898271706, 3.098807166046697, -21.425014153410046, -7.847347658960814 
0, 'BL', 10, 11, 'BL', -18.952790097741513, 3.0331068738135514, 19.216918876440474, -2.4148105359132614 
0, 'BL', 13, 14, 'BL', 16.374585229992405, -1.2121991613323075, -15.977879209638473, 2.0199077508343635 
0, 'BL', 1, 2, 'BL', 56.02504006269953, -1.8354793446792428, -55.510445331047436, -2.779516243980652 
1, 'BL', 5, 6, 'BL', -23.040548001369892, 19.98618356472474, 23.040548001369892, -18.191242636681693 
0, 'BL', 2, 3, 'BL', 29.087361695266935, -0.06165768640130409, -28.742289375280848, -3.4928708516284814 
0, 'BL', 4, 5, 'BL', -44.09101543254519, 7.977875858011885, 44.328337305103446, -7.229289786594563 
1, 'BL', 9, 14, 'BL', 2.8500150649478257, 6.234584762015004, -2.7981518373243546, -6.1242647283052065 
0, 'BL', 2, 5, 'BL', 8.659016289920544, 2.6395059289744722, -8.611623866646568, -6.4656360714709535 
1, 'BL', 9, 10, 'BL', -8.641964382039362, 8.527608357316467, 8.682676336990141, -8.419461227692636 
1, 'BL', 3, 4, 'BL', -12.27550067926677, 3.4789626523003108, 12.375639276008854, -4.666822880587347 
0, 'BL', 7, 9, 'BL', 27.63196520583727, 10.35283137218994, -27.63196520583727, -9.537827297444892 
0, 'BL', 6, 13, 'BL', 27.464599120491528, 5.151944949904873, -27.037714724196576, -4.311276313392 
0, 'BL', 2, 4, 'BL', 19.208500047037717, 0.8460399246590669, -19.01976940256293, -4.1661750178999455 
1, 'BL', 1, 5, 'BL', 21.63198860910522, 3.1390775023646142, -21.401505840702427, -7.888256956943508 
1, 'BL', 10, 11, 'BL', -19.52735963998751, 3.1499024809204457, 19.80823011556646, -2.4924156772099195 
0, 'BL', 4, 9, 'BL', 4.176372070987817, 4.526564942330481, -4.176372070987817, -4.351163703179424 
1, 'BL', 6, 11, 'BL', 24.72458643675057, 0.28444101159664115, -24.24467362695006, 0.7205564391226744 
1, 'BL', 12, 13, 'BL', -4.374723679484305, -1.4242566663824618, 4.416352927571438, 1.461921224175569 
1, 'BL', 2, 4, 'BL', 19.301755623518773, 0.9263803357397364, -19.11099668364122, -4.239715653111716 
0, 'BL', 9, 10, 'BL', -8.070673257905696, 8.40210396742441, 8.108106794007767, -8.302665620972675 
0, 'BL', 3, 4, 'BL', -12.369036641905069, 3.406104207811154, 12.470185668262644, -4.591628496114254 
0, 'BL', 9, 14, 'BL', 1.565978357898416, 5.945392585463992, -1.5243212551428655, -5.856782346749128 
0, 'BL', 6, 11, 'BL', 24.10971878424732, 0.31271607636068666, -23.653362388125743, 0.6429512977031209 
1, 'BL', 13, 14, 'BL', 15.044700461847427, -1.593810001511315, -14.704048626262193, 2.28739013267824 
1, 'BL', 2, 3, 'BL', 29.094332970749676, -0.06295278512038749, -28.749099019981998, -3.490894797842543 
0, 'BL', 4, 7, 'BL', -3.5990648557045604, 1.3182886153904292, 3.5990648557045604, -1.2922693763729285 
0, 'BL', 6, 12, 'BL', 9.257758985378302, 1.275752334486981, -9.169046767518807, -1.091117459776683 
0, 'BL', 7, 8, 'BL', -31.23103006154172, -9.060561995817352, 31.23103006154172, 10.645480341824282 
1, 'BL', 7, 9, 'BL', 28.084457289855308, 10.724290406037426, -28.084457289855308, -9.877714528164006 
0, 'BL', 5, 6, 'BL', -22.45520315460941, 19.99648898471986, 22.45520315460941, -18.252374526283347 
--end of line flow
