--contingency generator
conID,genID,busID,unitID,q(MW) 
1, '1 ', 8, '1 ', 4.66200478372697
1, '1 ', 1, '1 ', 2.7620935233930917
1, '1 ', 3, '1 ', 23.830184390946943
1, '1 ', 2, '1 ', 23.029406702546403
1, '1 ', 6, '1 ', -10.799800519830194
--end of contingency generator
--bus
contingency id,bus id,v(pu),theta(deg) 
0, 4, 1.0655455065226147, 79.88833956419123
1, 11, 1.0805146417626186, 43.46047543989876
0, 7, 1.0839610526427008, 79.55123006095077
1, 10, 1.0721544783715753, 40.94646634348301
1, 14, 1.055773544323062, 41.06074524651002
0, 12, 1.0863819765348333, 83.71989799860931
1, 4, 1.0653556354946494, 41.25588039051349
0, 13, 1.0777738197700926, 83.23805031737594
1, 12, 1.0575228001674384, 43.710811191942966
0, 14, 1.05887215074372, 79.94876393555028
1, 8, 1.0909487446166315, 41.764934342928036
0, 6, 1.100000000054439, 84.91622389710372
1, 5, 1.069782905817514, 42.583726269099564
1, 6, 1.1000000000351997, 46.37059131216244
0, 5, 1.0698632357860427, 81.20408289946408
1, 7, 1.0835542322661522, 40.867237883193155
0, 3, 1.0589927105122832, 77.03912838839841
0, 8, 1.0909487446368227, 80.44803574421962
1, 1, 1.096005948339135, 44.91631607354042
1, 13, 1.0713867461096238, 44.147652757206316
1, 9, 1.0760979966964364, 40.091906428152086
0, 11, 1.0809679907356442, 82.07442204994034
0, 9, 1.0768602932207723, 78.80440417010189
1, 3, 1.0589927104912513, 38.413466431174825
1, 2, 1.0862217461152381, 43.39432482960044
0, 1, 1.0960059483608668, 83.54034923281799
0, 2, 1.0862217461374635, 82.01946683647519
0, 10, 1.0728656637343577, 79.62904467785158
--end of bus
--Delta
contingency id,Delta(MW) 
1, 0.002162812597444499 
--end of Delta
--line flow
contingency id,line id,origin bus id,destination bus id,circuit id,p_origin(MW),q_origin(MVar),p_destination(MW),q_destination(MVar) 
1, 'BL', 1, 2, 'BL', 53.83357371977593, -1.970293692991845, -53.36578423455501, -2.8875977168747795 
1, 'BL', 2, 5, 'BL', 11.595819906036127, 4.4970544357964854, -11.510283887262489, -8.256957217621107 
1, 'BL', 4, 9, 'BL', 4.321137098231561, 4.657712019767416, -4.321137098231561, -4.471976537299383 
1, 'BL', 4, 7, 'BL', 3.828557480997032, 3.016773259072693, -3.828557480997032, -2.9749027657303486 
1, 'BL', 6, 13, 'BL', 37.925791926068825, 5.583439374790373, -37.122402642546945, -4.001315082055612 
1, 'BL', 7, 8, 'BL', -10.513842422822346, -4.466232013726199, 10.513842422822346, 4.662004783726957 
1, 'BL', 4, 5, 'BL', -60.00727494160901, 8.549994710654119, 60.43941875624205, -7.186880400976406 
0, 'BL', 12, 13, 'BL', 4.5554379466179284, -0.33556245507838867, -4.516382613289977, 0.3708982328511752 
0, 'BL', 1, 5, 'BL', 23.28232832939524, 4.688350143261573, -23.01223524902821, -9.344142611926259 
0, 'BL', 10, 11, 'BL', -23.223119690995674, 5.9446922163742215, 23.63275115676828, -4.985790136777041 
0, 'BL', 13, 14, 'BL', 17.68850297193569, -2.2938734167987036, -17.220349633272576, 3.2470514716839602 
0, 'BL', 1, 2, 'BL', 53.79811430418977, -1.959713495592041, -53.33093644426481, -2.900045296816643 
1, 'BL', 5, 6, 'BL', -33.08859902940887, 22.88085291707324, 33.08859902940887, -19.785156300433187 
0, 'BL', 2, 3, 'BL', 51.602633546400924, 2.301454219382208, -50.53262452743631, -2.8334221927739236 
0, 'BL', 4, 5, 'BL', -59.426714695054784, 8.62811975360546, 59.85070940620926, -7.290710219020639 
1, 'BL', 9, 14, 'BL', -2.6812662404983314, 9.409601377846172, 2.7863469906230023, -9.186080543775631 
0, 'BL', 2, 5, 'BL', 11.632260511433401, 4.435734472268791, -11.54670115240964, -8.195863340052483 
1, 'BL', 9, 10, 'BL', -16.13010297601471, 11.246062507637362, 16.23631720291837, -10.963915315768418 
1, 'BL', 3, 4, 'BL', -29.420884466872025, 7.681180617519999, 29.98024261381687, -7.697654514319652 
0, 'BL', 7, 9, 'BL', 13.83009974486389, 7.086724163544886, -13.83009974486389, -6.8606192877273315 
0, 'BL', 6, 13, 'BL', 28.922497521664752, 4.471530257455697, -28.454250949518382, -3.549406584689109 
0, 'BL', 2, 4, 'BL', 25.940446310855577, 2.636636143929877, -25.598419277221524, -5.534792535621136 
1, 'BL', 1, 5, 'BL', 23.257682976796076, 4.732387216385575, -22.987802139463128, -9.388633021359624 
1, 'BL', 10, 11, 'BL', -23.849797195060376, 6.102138213034948, 24.28238227560942, -5.089504252997699 
0, 'BL', 4, 9, 'BL', 4.027606936037922, 4.540764838917369, -4.027606936037922, -4.371315273072895 
1, 'BL', 6, 11, 'BL', 29.19476928762012, -2.394436307206888, -28.521221460009087, 3.8049297048888775 
1, 'BL', 12, 13, 'BL', -5.586416486264284, -1.1441847652196486, 5.650651053668696, 1.2023017547761583 
1, 'BL', 2, 4, 'BL', 26.047752438590976, 2.7212827337021963, -25.70258726336405, -5.609229419765597 
0, 'BL', 9, 10, 'BL', -15.510028832454452, 11.07107536156991, 15.60963969885347, -10.806469319107919 
0, 'BL', 3, 4, 'BL', -29.532272965555165, 7.611288246185154, 30.09485626447676, -7.619789511168165 
0, 'BL', 9, 14, 'BL', -4.107170705208063, 9.179216711151696, 4.218018628128476, -8.943428327867707 
0, 'BL', 6, 11, 'BL', 28.514162428325704, -2.355589265909373, -27.871590341167945, 3.7012155886686173 
1, 'BL', 13, 14, 'BL', 16.189620998005267, -2.6733684413568994, -15.78867799576696, 3.4897036875921117 
1, 'BL', 2, 3, 'BL', 51.60770925370396, 2.3007072392863392, -50.537494505694795, -2.8318084710628 
0, 'BL', 4, 7, 'BL', 3.322745759834181, 2.903293509674995, -3.322745759834181, -2.8689938580815806 
0, 'BL', 6, 12, 'BL', 10.24965200029348, 1.032979121788287, -10.141854432882013, -0.8086223101412315 
0, 'BL', 7, 8, 'BL', -10.507353985029745, -4.217730305462965, 10.507353985029745, 4.409916460581485 
1, 'BL', 7, 9, 'BL', 14.342399903819421, 7.4411347794564335, -14.342399903819421, -7.196512496070454 
0, 'BL', 5, 6, 'BL', -32.43903930466368, 22.879098448115997, 32.43903930466368, -19.865425767920783 
--end of line flow
