--contingency generator
conID,genID,busID,unitID,q(MW) 
1, '1 ', 8, '1 ', -2.062088017810908
1, '1 ', 1, '1 ', 1.7923928239953497
1, '1 ', 3, '1 ', 35.31262827620957
1, '1 ', 2, '1 ', 19.450388537845317
1, '1 ', 6, '1 ', -3.3509191213885554
--end of contingency generator
--bus
contingency id,bus id,v(pu),theta(deg) 
0, 4, 1.0636242277707246, 65.59504358400233
1, 11, 1.0807191944566639, 37.42460593988677
0, 7, 1.075983097815127, 67.40069705400764
1, 10, 1.0711877738317652, 35.62429019806451
1, 14, 1.0600732559197847, 35.67525446259406
0, 12, 1.0866786855480153, 69.51522441818857
1, 4, 1.0634556082081426, 34.543101180602896
0, 13, 1.0809986557021163, 69.27530071000646
1, 12, 1.0607653314893966, 37.55006949645703
0, 14, 1.0631594290190478, 66.91153610124537
1, 8, 1.0701809144336265, 39.80202524419709
0, 6, 1.100000000045724, 70.3796260147516
1, 5, 1.0685572551898488, 35.916491473012364
1, 6, 1.100000000044926, 39.39430603362957
0, 5, 1.0686322524309302, 66.95930513371697
1, 7, 1.0755712383131233, 36.31075839748646
0, 3, 1.0500356245163387, 60.904903494789174
0, 8, 1.0701809144347647, 70.8902217035247
1, 1, 1.0952419121616186, 38.39729926360975
1, 13, 1.0748382818397453, 37.897837389145565
1, 9, 1.0744865759819793, 35.08126687548229
0, 11, 1.0811373193374672, 68.4617315973194
0, 9, 1.075283514732605, 66.19355826254996
1, 3, 1.050035624514855, 29.857207669230146
1, 2, 1.086129766601288, 36.8949495316156
0, 1, 1.0952419121643528, 69.44330410740488
0, 2, 1.0861297666002885, 67.94185041744171
0, 10, 1.0718981948879527, 66.71369208203485
--end of bus
--Delta
contingency id,Delta(MW) 
1, 0.0015342498774432935 
--end of Delta
--line flow
contingency id,line id,origin bus id,destination bus id,circuit id,p_origin(MW),q_origin(MVar),p_destination(MW),q_destination(MVar) 
1, 'BL', 1, 2, 'BL', 52.79638853431311, -2.901522675394972, -52.346035532733254, -2.004657520398723 
1, 'BL', 2, 5, 'BL', 13.56934411293986, 4.588738919978255, -13.459237208415658, -8.268742002504837 
1, 'BL', 4, 9, 'BL', -1.9914444988597813, 4.545998803505142, 1.9914444988597813, -4.432256218081079 
1, 'BL', 4, 7, 'BL', -17.25165016787583, 6.405355852256889, 17.25165016787583, -5.806416173842194 
1, 'BL', 6, 13, 'BL', 27.545459020618352, 7.568754009076315, -27.099335575643977, -6.690197679872654 
1, 'BL', 7, 8, 'BL', -39.79287884416745, 4.504076659823681, 39.79287884416745, -2.062088011440551 
1, 'BL', 4, 5, 'BL', -62.260004044772245, 7.62949351690304, 62.72444872244114, -6.164492365094702 
0, 'BL', 12, 13, 'BL', 2.646623983696088, 0.16797313481350784, -2.633466795950312, -0.15606901256740002 
0, 'BL', 1, 5, 'BL', 24.585101047743777, 4.6533115371530585, -24.28681174539635, -9.182113483756837 
0, 'BL', 10, 11, 'BL', -17.325909021503463, 2.526060527674133, 17.544835593048475, -2.0135775709812833 
0, 'BL', 13, 14, 'BL', 13.276804625448378, -0.698799068146684, -13.018247476260711, 1.2252312863664088 
0, 'BL', 1, 2, 'BL', 52.76775966190587, -2.89296990161165, -52.31789417893458, -2.014698760449619 
1, 'BL', 5, 6, 'BL', -30.35684498689656, 22.085358816145913, 30.35684498689656, -19.383422978890394 
0, 'BL', 2, 3, 'BL', 72.23632113505295, 4.4124461933896555, -70.13831021122395, -0.5716090940246659 
0, 'BL', 4, 5, 'BL', -61.81815958582365, 7.7137517608694, 62.27614009008471, -6.269140597241858 
1, 'BL', 9, 14, 'BL', -1.3627025349809685, 6.391100938094837, 1.40971764244253, -6.2910935055131745 
0, 'BL', 2, 5, 'BL', 13.599450695863283, 4.532853412875625, -13.489305128288066, -8.21301573933249 
1, 'BL', 9, 10, 'BL', -9.903594336155606, 7.984075964780004, 9.948181692621688, -7.865634228804311 
1, 'BL', 3, 4, 'BL', -48.29703664636526, 12.160402832252998, 49.81530364383184, -9.714769524572603 
0, 'BL', 7, 9, 'BL', 22.15637546535911, 0.9176564445540407, -22.15637546535911, -0.450391667556687 
0, 'BL', 6, 13, 'BL', 20.531589042675193, 5.78851288568319, -20.282814183708297, -5.298597528500636 
0, 'BL', 2, 4, 'BL', 28.48495125892694, 3.0196452168964925, -28.072827006851924, -5.697815527438706 
1, 'BL', 1, 5, 'BL', 24.564143424728258, 4.693915501111803, -24.266039189749264, -9.22308712308768 
1, 'BL', 10, 11, 'BL', -17.826020975563523, 2.5968351843811774, 18.05806811950913, -2.053638414879174 
0, 'BL', 4, 9, 'BL', -2.216748071462294, 4.4260061297021025, 2.216748071462294, -4.312892577417955 
1, 'BL', 6, 11, 'BL', 21.012073688521895, 0.9824151712259663, -20.66475115402841, -0.2550783412538635 
1, 'BL', 12, 13, 'BL', -5.268852880592476, -1.6345536613463025, 5.328602496787028, 1.6886128379032925 
1, 'BL', 2, 4, 'BL', 28.564620418857345, 3.099533806651948, -28.149858646635238, -5.769091499471301 
0, 'BL', 9, 10, 'BL', -9.40653392629872, 7.905195194109183, 9.4480697385614, -7.794859572097266 
0, 'BL', 3, 4, 'BL', -48.37988790481748, 12.093642171928877, 49.90198157901048, -9.638471562766426 
0, 'BL', 9, 14, 'BL', -2.4699197283730996, 6.01601459608645, 2.516414227035881, -5.917114568170064 
0, 'BL', 6, 11, 'BL', 20.481568186534616, 0.9863042438848311, -20.15151862756798, -0.29513918515181103 
1, 'BL', 13, 14, 'BL', 12.131256724646306, -1.1518807672453022, -11.911550891666948, 1.5992102237098038 
1, 'BL', 2, 3, 'BL', 72.24405065951822, 4.411590766598579, -70.14559966321177, -0.5688996313014059 
0, 'BL', 4, 7, 'BL', -17.63190062918401, 6.293516348253547, 17.63190062918401, -5.673825220104504 
0, 'BL', 6, 12, 'BL', 7.984072405054974, 1.9452932535956506, -7.9154768642886495, -1.8025267961599525 
0, 'BL', 7, 8, 'BL', -39.788276094543015, 4.756168775550009, 39.788276094543015, -2.31305470637335 
1, 'BL', 7, 9, 'BL', 22.54122867629197, 1.3023395140182856, -22.54122867629197, -0.8175466062871237 
0, 'BL', 5, 6, 'BL', -29.85769587902165, 22.093307145788174, 29.85769587902165, -19.448693260050675 
--end of line flow
