--contingency generator
conID,genID,busID,unitID,q(MW) 
1, '1 ', 8, '1 ', 7.2486563416665
1, '1 ', 1, '1 ', 1.8922311932046985
1, '1 ', 3, '1 ', 26.91015530640394
1, '1 ', 2, '1 ', 17.700571082018993
1, '1 ', 6, '1 ', -13.042469360194188
--end of contingency generator
--bus
contingency id,bus id,v(pu),theta(deg) 
0, 4, 1.0697105918094694, 45.33942167533988
1, 11, 1.0812228434801507, 52.664001419581474
0, 7, 1.088794052246748, 44.9549336935574
1, 10, 1.073398409073885, 50.17559208950699
1, 14, 1.0598341864352252, 50.32738435914282
0, 12, 1.0865543253592491, 49.624888160164126
1, 4, 1.0695267078563644, 50.05314092337459
0, 13, 1.080109744294878, 49.190513304632375
1, 12, 1.0587545020444225, 53.116751654359405
0, 14, 1.0628888750677188, 45.845945781674736
1, 8, 1.0999999999765937, 49.64855436956915
0, 6, 1.1000000000426298, 50.71199544482899
1, 5, 1.0732097891484635, 51.33517410084993
1, 6, 1.100000000043599, 55.506434009549075
0, 5, 1.073289952193832, 46.61029249918333
1, 7, 1.0883923903104455, 49.621093074084
0, 3, 1.0654281488164516, 42.80121831595789
0, 8, 1.099999999975683, 44.98188527564208
1, 1, 1.0956593370215462, 52.8741448116429
1, 13, 1.073840439773325, 53.491346090639155
1, 9, 1.0784377443279252, 49.37312509955899
0, 11, 1.0816641939893312, 47.93262737858448
0, 9, 1.0791972514029229, 44.732782019684
1, 3, 1.06542814881749, 47.52094829887794
1, 2, 1.0914702712563533, 52.25560947664048
0, 1, 1.0956593370230172, 48.15281284513576
0, 2, 1.0914702712538653, 47.535307161160986
0, 10, 1.0741009704250712, 45.50765832678612
--end of bus
--Delta
contingency id,Delta(MW) 
1, 0.001976147176028025 
--end of Delta
--line flow
contingency id,line id,origin bus id,destination bus id,circuit id,p_origin(MW),q_origin(MVar),p_destination(MW),q_destination(MVar) 
1, 'BL', 1, 2, 'BL', 22.033734592201426, -2.5112437568927817, -21.95528945168735, -3.563542235205432 
1, 'BL', 2, 5, 'BL', 13.18958642418093, 5.168420925811347, -13.081438423348061, -8.891762781818215 
1, 'BL', 4, 9, 'BL', 2.5400002481235986, 5.03686413531625, -2.5400002481235986, -4.891585521441073 
1, 'BL', 4, 7, 'BL', 4.2918823169238545, 2.731947609926692, -4.2918823169238545, -2.686687260188023 
1, 'BL', 6, 13, 'BL', 34.49148801151017, 5.135383174564936, -33.82668876358531, -3.8261859254769206 
1, 'BL', 7, 8, 'BL', -0.32575711227708676, -7.1720105120352855, 0.32575711227708676, 7.248656341680885 
1, 'BL', 4, 5, 'BL', -57.914692178777614, 9.688406279855826, 58.31709621741709, -8.419100357225034 
0, 'BL', 12, 13, 'BL', 3.754950734459271, -0.6300396370652948, -3.7278239417335612, 0.6545829257219111 
0, 'BL', 1, 5, 'BL', 15.96414182766388, 4.359408144239467, -15.82537169635566, -9.573509290238746 
0, 'BL', 10, 11, 'BL', -22.9761306608589, 6.127282899918555, 23.378272850911515, -5.185912388725228 
0, 'BL', 13, 14, 'BL', 17.842143045161066, -2.8566575939555037, -17.363767338716713, 3.83064877956798 
0, 'BL', 1, 2, 'BL', 22.000818851618305, -2.500854593846043, -21.922605477916818, -3.574639016527499 
1, 'BL', 5, 6, 'BL', -36.55841036706363, 24.868164257673243, 36.55841036706363, -21.15254100544911 
0, 'BL', 2, 3, 'BL', 49.5701525139244, 1.9868898374464834, -48.592601715999734, -2.963358258344897 
0, 'BL', 4, 5, 'BL', -57.373744350678066, 9.767118585578373, 57.76891276536844, -8.520636043060222 
1, 'BL', 9, 14, 'BL', -2.8863240350211186, 8.835751231358643, 2.9807540742246488, -8.634885886383074 
0, 'BL', 2, 5, 'BL', 13.224313851472232, 5.107600938529913, -13.116145962026707, -8.831179751548348 
1, 'BL', 9, 10, 'BL', -14.6398420319004, 12.077014956879793, 14.738354730912363, -11.815326083364653 
1, 'BL', 3, 4, 'BL', -26.164747336551613, 7.622304376619695, 26.610027431026424, -7.944389178565189 
0, 'BL', 7, 9, 'BL', 4.141334163246713, 9.506201164188269, -4.141334163246713, -9.406425662710262 
0, 'BL', 6, 13, 'BL', 26.16221091344636, 3.8319356314895003, -25.779992380841406, -3.0792280238937337 
0, 'BL', 2, 4, 'BL', 27.03520039708806, 3.0208641675224044, -26.666258049745323, -5.871902324006896 
1, 'BL', 1, 5, 'BL', 15.941106818912942, 4.403474963139388, -15.802376525015362, -9.617317268937029 
1, 'BL', 10, 11, 'BL', -23.560011281911926, 6.261599569585769, 23.983214627487456, -5.270927216329255 
0, 'BL', 4, 9, 'BL', 2.2679215697887125, 4.921575896448303, -2.2679215697887125, -4.78755703664055 
1, 'BL', 6, 11, 'BL', 28.470593863851406, -2.475228610971726, -27.829516956661905, 3.8177238398619124 
1, 'BL', 12, 13, 'BL', -5.64341563075925, -1.7413308476678537, 5.7121581772764785, 1.803526484992858 
1, 'BL', 2, 4, 'BL', 27.13451404939599, 3.104798014195012, -26.76253090300534, -5.945940908776379 
0, 'BL', 9, 10, 'BL', -14.061611851982661, 11.927688470343355, 14.154474109876787, -11.681009413693118 
0, 'BL', 3, 4, 'BL', -26.267499492333997, 7.551216851557342, 26.71526225228169, -7.867216890150644 
0, 'BL', 9, 14, 'BL', -4.2129381591781225, 8.569975835978198, 4.312465213403357, -8.35826845716133 
0, 'BL', 6, 11, 'BL', 27.83757144841516, -2.449018153426209, -27.224575180079597, 3.732709012259022 
1, 'BL', 13, 14, 'BL', 16.448857308875375, -3.2586432516502555, -16.03205619956094, 4.107266208788275 
1, 'BL', 2, 3, 'BL', 49.57579706244644, 1.9860343458003626, -48.59802862346726, -2.9615858397191914 
0, 'BL', 4, 7, 'BL', 3.8215054927256897, 2.6173126698063243, -3.8215054927256897, -2.5798107399874652 
0, 'BL', 6, 12, 'BL', 9.491609971810902, 1.3053571694709944, -9.398366365209284, -1.1112912106006547 
0, 'BL', 7, 8, 'BL', -0.31982867052078084, -6.9263904242009176, 0.31982867052078084, 6.997828558829383 
1, 'BL', 7, 9, 'BL', 4.617639429200739, 9.858697772223195, -4.617639429200739, -9.748635101680975 
0, 'BL', 5, 6, 'BL', -35.952524204981145, 24.865308934531527, 35.952524204981145, -21.233999165503292 
--end of line flow
