--contingency generator
conID,genID,busID,unitID,q(MW) 
1, '1 ', 8, '1 ', 2.071559521966956
1, '1 ', 1, '1 ', -7.0434569080986815
1, '1 ', 3, '1 ', 40.67503367733601
1, '1 ', 2, '1 ', 11.88621737530672
1, '1 ', 6, '1 ', -3.6397288103763055
--end of contingency generator
--bus
contingency id,bus id,v(pu),theta(deg) 
0, 4, 1.0686773103257743, 42.12169282066016
1, 11, 1.0761615815396115, 106.79498731725772
0, 7, 1.0965746307006872, 42.88222870485927
1, 10, 1.0629227965807273, 104.71241004893014
1, 14, 1.0522206470714612, 104.64858803803968
0, 12, 1.0841511551195064, 39.943150030514765
1, 4, 1.0689956398037526, 110.24534149207417
0, 13, 1.0793325460247518, 39.67492120823928
1, 12, 1.0520113112091145, 106.76282737704757
0, 14, 1.0566137654730456, 36.83452220616105
1, 8, 1.0999729318572558, 111.64337025628122
0, 6, 1.0999992426222995, 41.083363633207476
1, 5, 1.069045260071958, 111.19357588149506
1, 6, 1.0999996978716235, 109.24855433202887
0, 5, 1.0686097611733898, 43.06506393735646
1, 7, 1.0967233092947095, 111.00637027667248
0, 3, 1.0842432807404252, 40.676495461364674
0, 8, 1.0999729309074155, 43.51862654925802
1, 1, 1.0999921776311443, 115.88304075963906
1, 13, 1.071685655036755, 107.31503701137134
1, 9, 1.0668509885495752, 104.14728647477928
0, 11, 1.0771365835968296, 38.707168397503125
0, 9, 1.0688259818846153, 36.175552698275
1, 3, 1.0842432832918407, 108.81550568157736
1, 2, 1.0879956737890204, 113.06172860249586
0, 1, 1.099992175050426, 47.75195676811547
0, 2, 1.0865784904320892, 44.95183250901951
0, 10, 1.064645792112266, 36.70524111377484
--end of bus
--Delta
contingency id,Delta(MW) 
1, 0.002742679097801997 
--end of Delta
--line flow
contingency id,line id,origin bus id,destination bus id,circuit id,p_origin(MW),q_origin(MVar),p_destination(MW),q_destination(MVar) 
1, 'BL', 1, 2, 'BL', 97.23292562957744, -10.287565122958313, -95.7106041035562, 8.616023522857631 
1, 'BL', 2, 5, 'BL', 23.306479057920598, 2.531812405779874, -23.035056575458356, -5.728108816051531 
1, 'BL', 4, 9, 'BL', 22.479623385141785, 8.40624270864194, -22.479623385141785, -5.773961283145951 
1, 'BL', 4, 7, 'BL', -7.6138490740969615, -1.873304289498492, 7.6138490740969615, 1.9809148852299359 
1, 'BL', 6, 13, 'BL', 34.13304660996391, 7.091125517923388, -33.46862201480519, -5.782666077087015 
1, 'BL', 7, 8, 'BL', -7.613849074096394, -1.9809148852299359, 7.613849074096394, 2.071559521984227 
1, 'BL', 4, 5, 'BL', -40.73932013534966, 13.161141767622212, 40.95344644444481, -12.485721627097973 
0, 'BL', 12, 13, 'BL', 2.5371270238529746, -0.18415934128887557, -2.524964549381764, 0.1951634848580852 
0, 'BL', 1, 5, 'BL', 44.620697489400285, 3.453889488025254, -43.71317825865856, -5.493277862593857 
0, 'BL', 10, 11, 'BL', -20.007887618977264, 1.9878850003757975, 20.300529760169923, -1.302842025861878 
0, 'BL', 13, 14, 'BL', 16.02995311841326, -0.4246277825007496, -15.652661732834929, 1.192807435042539 
0, 'BL', 1, 2, 'BL', 97.20953265512725, -7.685135014326988, -95.69276815403873, 6.0047628856470965 
1, 'BL', 5, 6, 'BL', 16.9924541504802, 21.700324406151537, -16.9924541504802, -20.245244630202933 
0, 'BL', 2, 3, 'BL', 42.65819176962694, -9.773270422356745, -41.91338085058959, 7.751019221364231 
0, 'BL', 4, 5, 'BL', -40.41690772149809, 13.35225946906803, 40.628695338526086, -12.684216281573299 
1, 'BL', 9, 14, 'BL', -0.7462445242194349, 6.139474906416012, 0.7889618449120519, -6.048609442102588 
0, 'BL', 2, 5, 'BL', 23.284552488675644, 1.9219246215159274, -23.01544983485249, -5.118361943251671 
1, 'BL', 9, 10, 'BL', -9.936453777355268, 8.765372866451571, 9.985521259507607, -8.635030136433443 
1, 'BL', 3, 4, 'BL', -11.304871706718586, 13.554146783323631, 11.494388317337553, -14.554176983996399 
0, 'BL', 6, 13, 'BL', 24.965337775268665, 5.049111443192601, -24.61066306423561, -4.3506462186077215 
0, 'BL', 2, 4, 'BL', 32.849727111041176, -0.9985027739680845, -32.31810697339603, -1.3370620867169691 
1, 'BL', 1, 5, 'BL', 44.611017910355, 3.2441082169692663, -43.7050694573679, -5.292271025178366 
1, 'BL', 10, 11, 'BL', -20.806916154100577, 1.955438103339418, 21.124098893499024, -1.2129482952193484 
0, 'BL', 4, 9, 'BL', 21.955690386636114, 7.890231602833609, -21.955690386636114, -5.401290970494898 
1, 'BL', 6, 11, 'BL', 26.086249038815026, 1.2722159983977122, -25.550819856960146, -0.15096032066611542 
1, 'BL', 12, 13, 'BL', -7.585613274624336, -1.9447334840893404, 7.708024507140749, 2.055486503985094 
1, 'BL', 2, 4, 'BL', 32.9580022967838, -0.35349336196918557, -32.42341685593584, -1.9794698739910928 
0, 'BL', 9, 10, 'BL', -9.141725534308478, 8.786396478054485, 9.18649272403917, -8.667477033469822 
0, 'BL', 3, 4, 'BL', -11.387853528087561, 13.792956295845784, 11.582370982005301, -14.779787302530394 
0, 'BL', 9, 14, 'BL', -2.0649057661097743, 5.825921990027837, 2.107415484096009, -5.735498124485275 
0, 'BL', 6, 11, 'BL', 25.227797796751986, 1.1092747684810433, -24.727250723901705, -0.06106659002335846 
1, 'BL', 13, 14, 'BL', 14.654923012726258, -0.8529309431486354, -14.334208093239468, 1.505918752660051 
1, 'BL', 2, 3, 'BL', 42.59793686692444, -9.00553315495381, -41.861285726486386, 6.942155521394739 
0, 'BL', 4, 7, 'BL', -7.605621036706902, -1.965208353873777, 7.605621036706902, 2.0732815913154354 
0, 'BL', 6, 12, 'BL', 10.233134428075289, 1.9903351242107306, -10.122740298740695, -1.760574142800749 
0, 'BL', 7, 8, 'BL', -7.605621036755267, -2.073281591315549, 7.605621036755267, 2.1643159293778353 
0, 'BL', 5, 6, 'BL', 17.305707317006103, 21.490079025242267, -17.305707317006103, -20.030624174738136 
--end of line flow
