--contingency generator
conID,genID,busID,unitID,q(MW) 
1, '1 ', 8, '1 ', 1.5708928870635512
1, '1 ', 1, '1 ', 0.412341026285066
1, '1 ', 3, '1 ', 24.163548103495657
1, '1 ', 2, '1 ', 19.738166936021468
1, '1 ', 6, '1 ', -4.62460415238728
--end of contingency generator
--bus
contingency id,bus id,v(pu),theta(deg) 
0, 4, 1.0708356084661457, 30.84810623023371
1, 11, 1.0702387982064145, 22.434997974572155
0, 7, 1.0976323546936444, 31.425951080880996
1, 10, 1.0518980468422234, 19.562985274479505
1, 14, 1.0436562606260102, 19.741127564838838
0, 12, 1.0831885732962183, 33.63790639717962
1, 4, 1.070603760971131, 21.3070062377299
0, 13, 1.074756589749171, 33.154973224061195
1, 12, 1.0483064615494915, 22.54888328343252
0, 14, 1.048347479840806, 29.64024952163623
1, 8, 1.0999999939349472, 22.371316051305868
0, 6, 1.099999994667375, 34.96102931856235
1, 5, 1.074123499824137, 22.518187709797896
1, 6, 1.0999999929051278, 25.47014381286858
0, 5, 1.0742438041081157, 32.052108676369826
1, 7, 1.0975237980424608, 21.885980949881123
0, 3, 1.0690075513495256, 28.645191230676488
0, 8, 1.0999999944904713, 31.910443967322585
1, 1, 1.0999999971920713, 24.84481686394679
1, 13, 1.0665937468904378, 23.05269550061759
1, 9, 1.0532168737718126, 18.466575479362273
0, 11, 1.0713701432608311, 32.0133639365062
0, 9, 1.0554456391411184, 28.1812965360693
1, 3, 1.0690075508763874, 19.112012406699666
1, 2, 1.0930166106003891, 23.59355828806425
0, 1, 1.0999999981913262, 34.37993936823219
0, 2, 1.0930166111622819, 33.129150088707505
0, 10, 1.0538635128322693, 29.235192391154158
--end of bus
--Delta
contingency id,Delta(MW) 
1, 0.0031669733658787782 
--end of Delta
--line flow
contingency id,line id,origin bus id,destination bus id,circuit id,p_origin(MW),q_origin(MVar),p_destination(MW),q_destination(MVar) 
1, 'BL', 1, 2, 'BL', 44.056506362132495, -4.157269818064606, -43.74548092547866, -1.241492829167555 
1, 'BL', 2, 5, 'BL', 14.992349784456621, 5.018035137961647, -14.861275214199026, -8.68061568642861 
1, 'BL', 4, 9, 'BL', 10.367907079673541, 10.514834571567746, -10.367907079673541, -9.521325295139604 
1, 'BL', 4, 7, 'BL', -5.805476316071579, -1.4557218234702987, 5.805476316071579, 1.5182353270288331 
1, 'BL', 6, 13, 'BL', 41.912308830740415, 7.727056551622923, -40.919321308587826, -5.771554140272542 
1, 'BL', 7, 8, 'BL', -5.805476315244418, -1.5182353266517339, 5.805476315244418, 1.5708929091334767 
1, 'BL', 4, 5, 'BL', -54.85378543375043, 9.05167856683056, 55.21378714777347, -7.916122598477159 
0, 'BL', 12, 13, 'BL', 4.49334414312807, -0.37618287365933156, -4.455061701459215, 0.410819368502473 
0, 'BL', 1, 5, 'BL', 23.33280894908316, 4.510948688800681, -23.06467575919973, -9.219513613091237 
0, 'BL', 10, 11, 'BL', -27.315909589435677, 2.754275851261184, 27.872754513341448, -1.450763303612291 
0, 'BL', 13, 14, 'BL', 19.458396807311033, -0.7923690350299353, -18.897178631596674, 1.9350306480417316 
0, 'BL', 1, 2, 'BL', 44.041371813643536, -4.152675338413246, -43.73056134312333, -1.2467436411952804 
1, 'BL', 5, 6, 'BL', -25.905447041436894, 24.672669262425643, 25.905447041436894, -22.24431731746671 
0, 'BL', 2, 3, 'BL', 47.06624171848924, 1.2742152154909263, -46.188981600309404, -2.6973400226281683 
0, 'BL', 4, 5, 'BL', -54.48093429201174, 9.208172441631632, 54.836366800734936, -8.087029150071885 
1, 'BL', 9, 14, 'BL', -5.933338208419741, 6.614106236279952, 6.023807503593588, -6.421665924509853 
0, 'BL', 2, 5, 'BL', 14.989157093668325, 4.943840607861034, -14.858626684544191, -8.608529725686822 
1, 'BL', 9, 10, 'BL', -21.352444291198594, 9.921965730497732, 21.511419556919464, -9.499664254439494 
1, 'BL', 3, 4, 'BL', -22.39090674333903, 7.534734787049615, 22.72495564452055, -8.14708041357153 
0, 'BL', 6, 13, 'BL', 31.525710502438244, 5.757871903847217, -30.96424268469127, -4.652166497680923 
0, 'BL', 2, 4, 'BL', 28.076140671248652, 2.9920588011391374, -27.680450607256887, -5.771774207448175 
1, 'BL', 1, 5, 'BL', 23.333509571458833, 4.569610680424489, -23.064967983207666, -9.275853893236956 
1, 'BL', 10, 11, 'BL', -28.19861813028595, 2.737753372198256, 28.79381615219279, -1.344460452421913 
0, 'BL', 4, 9, 'BL', 9.757354895402024, 10.091825801356805, -9.757354895402024, -9.194405715290884 
1, 'BL', 6, 11, 'BL', 32.24322495664356, 1.8924644635425238, -31.42435057658645, -0.17763908774389847 
1, 'BL', 12, 13, 'BL', -6.974939663399596, -1.8603244575382405, 7.079697013158636, 1.9551049168440784 
1, 'BL', 2, 4, 'BL', 28.17193498987848, 3.106639445149881, -27.773057782424303, -5.875840245490508 
0, 'BL', 9, 10, 'BL', -20.480892070623838, 9.9088525879597, 20.628711008396238, -9.516186752003705 
0, 'BL', 3, 4, 'BL', -22.52385783912868, 7.445568277840721, 22.86054854958286, -8.0514889522467 
0, 'BL', 9, 14, 'BL', -7.415442636486802, 6.389594327262671, 7.524773978561171, -6.157031914627339 
0, 'BL', 6, 11, 'BL', 31.273214608424297, 1.683656888859332, -30.50328893971121, -0.07133623706926073 
1, 'BL', 13, 14, 'BL', 17.87871673130975, -1.2172669321187755, -17.396212146301735, 2.199664671980088 
1, 'BL', 2, 3, 'BL', 47.04234639291609, 1.2779441828790823, -46.16595934822999, -2.7047472647357154 
0, 'BL', 4, 7, 'BL', -5.795975383727628, -1.3888644603091507, 5.795975383727628, 1.4508268908273294 
0, 'BL', 6, 12, 'BL', 11.608368002005733, 1.7756958682815025, -11.468283813279442, -1.484141590207571 
0, 'BL', 7, 8, 'BL', -5.795975386416782, -1.4508268942950053, 5.795975386416782, 1.5030202863590603 
0, 'BL', 5, 6, 'BL', -25.530967444409107, 24.715149573428562, 25.530967444409107, -22.31990090946192 
--end of line flow
