--generation dispatch
bus id,unit id,pg(MW),qg(MVar) 
101, 1, 20.35583182710178, 2.938360440327247
101, 2, 16.649291784076055, 2.4075654561334443
101, 3, 57.930935946328866, 7.424898996539763
101, 4, 53.4598502727344, 12.97412327120117
102, 5, 21.292880366004205, 6.731408798747508
102, 6, 21.292880357093427, 3.9175300801902235
102, 7, 87.42573722126225, 3.3844437399379887
102, 8, 71.08415003968673, -8.837236539527195
107, 10, 15.860809008833568, 2.9839103575619337
107, 11, 26.6466665025889, 0.42763878640817454
107, 9, 17.014577470496732, 14.556131790780757
113, 12, 25.617541439497764, -3.7842950836106306
113, 13, 113.4320019733851, -21.08963115197766
113, 14, 101.19977284628617, 40.061637796181216
114, 15, 1.6226838176179857e-13, 33.355194114747384
115, 16, 1.435926697181512, 1.4380084995300975
115, 17, 4.173987878783736, 2.2433547519825705
115, 18, 6.50482235047685, 3.074652316920556
115, 19, 5.649053779242327, 2.696669673370723
115, 20, 3.1669044473396104, 3.781198384706726
115, 21, 110.64013596665954, 37.46613251808759
116, 22, 48.121229044815834, -71.89002885927522
118, 23, 298.97982475691566, 128.88822380768235
121, 24, 349.1875265667662, 128.57075136766997
122, 25, 53.08802276218506, -7.406536796013859
122, 26, 43.87472960932376, -8.99901684333101
122, 27, 41.512876786964114, -7.273326167183807
122, 28, 62.875530918335635, -2.9654761199583732
122, 29, 42.13989189194715, -8.007369153051975
122, 30, 54.11492034161662, -4.230373415856587
123, 31, 7.895805293356091, -87.26732157988434
123, 32, 64.87469981710456, -28.771073230804046
123, 33, 92.32603082901065, 13.33405164211619
201, 34, 17.256915357440015, 4.762024662549127
201, 35, 15.080920467584235, -0.4927151172455012
201, 36, 16.898523020540683, -19.911093711495514
201, 37, 26.059292006925908, -12.813314045065948
202, 38, 14.59096700953618, 1.0628265799034793
202, 39, 15.411431513673232, 0.31558093197351916
202, 40, 51.8119987713592, -36.67570559602145
202, 41, 48.759979751341525, -23.427631157235897
207, 42, 89.21588969870682, 1.0160509545988132
207, 43, 13.982147615413695, 41.81598126664759
207, 44, 0.8421885690307299, 7.826178790428326
213, 45, 102.7353651320678, 29.04559864275857
213, 46, 86.6126098223407, 27.9242260657889
213, 47, 95.4541262605904, 46.06204519046789
214, 48, 1.6841538944885082e-13, 170.96154051406197
215, 49, 2.122753781490531, 6.497441586219895
215, 50, 4.4691440019740165, 6.374697768261712
215, 51, 6.580580223609092, 4.6791001264696535
215, 52, 1.2765625840438808, 3.8311678561605396
215, 53, 4.4881564107520715, 3.449544778512492
215, 54, 80.19512248130962, 100.0741265872656
216, 55, 16.432279026470056, 64.21449415663737
218, 56, 354.1210339577182, -25.721121062136312
221, 57, 329.39436898232856, -9.77109144706126
222, 58, 64.0373322876239, -4.381051782737369
222, 59, 35.966668387043626, -12.577008987038546
222, 60, 55.79591494715528, -0.07663139023900299
222, 61, 39.953885934881264, -3.975500469181468
222, 62, 59.917538177322015, -0.7365425683263562
222, 63, 42.15519994926392, -6.014717781569862
223, 64, 65.47174393381601, -45.8133371717499
223, 65, 39.236813198886566, -70.65625700768904
223, 66, 155.67983049245868, 2.0060850591428037
301, 67, 9.23380901858019, 5.268029108332316
301, 68, 13.259694570372167, 2.928833826985381
301, 69, 29.976828115375298, -30.75919919055745
301, 70, 20.119030975887508, -5.795982801413887
302, 71, 18.543290352905547, 0.5184927119286434
302, 72, 20.879907699785118, 0.8036425318735583
302, 73, 32.974005699380854, -12.37478814801259
302, 74, 18.872202909888728, -27.193308469707116
307, 75, 21.66781706643388, 5.585712959734382
307, 76, 62.613516514196085, 10.617383770478549
307, 77, 40.77085311548699, 8.198957609050744
313, 78, 160.42116582836124, -3.037522009866272
313, 79, 78.48271291314256, -27.248023465787973
313, 80, 109.63466507301784, 23.50463371504872
314, 81, 1.6438458402848289e-13, 56.18301437660722
315, 82, 3.046066334918039, 3.706665518529385
315, 83, 5.386431201458595, 4.119668209350183
315, 84, 3.9041333820971924, 4.4846310567679755
315, 85, 4.380547210014039, 5.272658873524832
315, 86, 4.959248814953532, 2.8420497850445368
315, 87, 48.53422953312864, 103.68762409659035
316, 88, 63.5899383193096, 61.22331518999265
318, 89, 504.0646302984282, -44.34865863997791
321, 90, 315.1544225319046, 77.57355017564636
322, 91, 45.775586013106995, 4.768036586008429
322, 92, 56.12359806232378, 2.301851361794015
322, 93, 35.07670663099959, 1.7907149691590043
322, 94, 41.339772632701674, 4.963916448278049
322, 95, 61.52980455931498, 2.374437418867913
322, 96, 35.651064720360935, -1.7984983552813782
323, 97, 62.76728957446585, -30.94336235727646
323, 98, 76.37275998398461, -30.412779544740463
323, 99, 100.61616561362057, -3.814006958853856
--end of generation dispatch
