--contingency generator
conID,genID,busID,unitID,q(MW) 
1, '1 ', 8, '1 ', 1.8340959585107492
1, '1 ', 1, '1 ', 0.7332078467089135
1, '1 ', 3, '1 ', 23.832211970321673
1, '1 ', 2, '1 ', 21.160940961078214
1, '1 ', 6, '1 ', -0.10870639836205626
--end of contingency generator
--bus
contingency id,bus id,v(pu),theta(deg) 
0, 4, 1.0698151540521348, 89.02275430847722
1, 11, 1.071362422848246, 67.02140354489225
0, 7, 1.0971875549777466, 89.34509683372991
1, 10, 1.0535236864561208, 64.57125411913651
1, 14, 1.039865493746933, 64.28040760374304
0, 12, 1.0828302633198963, 89.26603110492968
1, 4, 1.0695749797793468, 68.23088484630131
0, 13, 1.0742644064015228, 88.85971017573199
1, 12, 1.0481566447088615, 67.07115223198096
0, 14, 1.0447724088258108, 85.41009559461013
1, 8, 1.0999999916120053, 68.82500309698413
0, 6, 1.0999999971677648, 90.49242733133408
1, 5, 1.0716997400467256, 69.15757772010214
1, 6, 1.0999999961672027, 69.74541570000362
0, 5, 1.0718236541060786, 89.94321067362999
1, 7, 1.0970751888375996, 68.55422086159372
0, 3, 1.0691662538614377, 87.19241752623121
0, 8, 1.0999999924133494, 89.61510767759894
1, 1, 1.0999999932753415, 72.05390533974251
1, 13, 1.065949673487439, 67.54616466001382
1, 9, 1.0554554031894752, 63.67823527972541
0, 11, 1.0725330709869605, 87.85032560139038
0, 9, 1.057835612333361, 84.63445728472603
1, 3, 1.0691662536961817, 66.40746959779953
1, 2, 1.0905331588096363, 70.383753005355
0, 1, 1.0999999946745571, 92.84069749257353
0, 2, 1.0905331587252107, 91.1709788731166
0, 10, 1.0555993540980964, 85.48782130819383
--end of bus
--Delta
contingency id,Delta(MW) 
1, 0.002964260259092463 
--end of Delta
--line flow
contingency id,line id,origin bus id,destination bus id,circuit id,p_origin(MW),q_origin(MVar),p_destination(MW),q_destination(MVar) 
1, 'BL', 1, 2, 'BL', 58.82430751067545, -4.000590957354234, -58.26998359051038, -0.6410294570962378 
1, 'BL', 2, 5, 'BL', 16.529272175967805, 4.49460662977549, -16.377879942288388, -8.076774193411438 
1, 'BL', 4, 9, 'BL', 16.62633288576307, 10.253871474736087, -16.62633288576307, -8.511974590683678 
1, 'BL', 4, 7, 'BL', -3.237742810278624, -1.7900067846320553, 3.237742810278624, 1.8139378668388417 
1, 'BL', 6, 13, 'BL', 39.334810878006806, 9.441201005607923, -38.440220345515456, -7.679472983421306 
1, 'BL', 7, 8, 'BL', -3.2377428102785846, -1.8139378668391828, 3.2377428102785846, 1.834095958512762 
1, 'BL', 4, 5, 'BL', -41.45588502839814, 8.101862436894407, 41.66409895466654, -7.4450917675944766 
0, 'BL', 12, 13, 'BL', 4.173652971033789, 0.04211798617893692, -4.1408289969926955, -0.012420104903640095 
0, 'BL', 1, 5, 'BL', 28.573836555721286, 4.67350802766407, -28.183128971809154, -8.863299636144461 
0, 'BL', 10, 11, 'BL', -23.72960911559153, 1.3314108515141925, 24.145545162752313, -0.3577504422738116 
0, 'BL', 13, 14, 'BL', 19.46719639318627, 0.12658296813748393, -18.905862711339466, 1.0163138197658839 
0, 'BL', 1, 2, 'BL', 58.81032223612658, -3.9964548013974763, -58.25626287912996, -0.6459733710896671 
1, 'BL', 5, 6, 'BL', -5.149229872523858, 22.79084876955011, 5.149229872523858, -21.750297716076204 
0, 'BL', 2, 3, 'BL', 41.64804830236827, 0.699435704932398, -40.9583779905858, -2.901748213027531 
0, 'BL', 4, 5, 'BL', -41.11681086467877, 8.28386064162305, 41.3220133264216, -7.636589056305638 
1, 'BL', 9, 14, 'BL', -1.142171293820212, 6.645048815007442, 1.1940442640338915, -6.534708057503053 
0, 'BL', 2, 5, 'BL', 16.524784223676193, 4.418778582267464, -16.37393610420699, -8.003066947521006 
1, 'BL', 9, 10, 'BL', -17.115211360333603, 9.015678022830116, 17.222068282373755, -8.731823577297519 
1, 'BL', 3, 4, 'BL', -18.415687141042355, 6.566777298723082, 18.645715985534878, -7.443421938640768 
0, 'BL', 6, 13, 'BL', 29.468991754720832, 7.135310138869841, -28.966397104010127, -6.145544376994053 
0, 'BL', 2, 4, 'BL', 26.32038010077386, 2.5828565529610614, -25.971521116961753, -5.491736745247067 
1, 'BL', 1, 5, 'BL', 28.57467258246902, 4.733798804061678, -28.183530134448105, -8.921141845241209 
1, 'BL', 10, 11, 'BL', -24.58599307259999, 1.2553468150441063, 25.034011881781197, -0.20658419859745436 
0, 'BL', 4, 9, 'BL', 16.06706254163232, 9.787434607533243, -16.06706254163232, -8.172405159103278 
1, 'BL', 6, 11, 'BL', 29.34912899320682, 2.4922965673945896, -28.66811225084541, -1.0661623280211643 
1, 'BL', 12, 13, 'BL', -6.718393571600757, -1.8857361718278867, 6.816308185623711, 1.9743255845153271 
1, 'BL', 2, 4, 'BL', 26.408412027068067, 2.7042982716476445, -26.05673127644559, -5.603743026293728 
0, 'BL', 9, 10, 'BL', -16.267077719148176, 9.069825942136049, 16.365684325366146, -8.807887613767207 
0, 'BL', 3, 4, 'BL', -18.539928641567002, 6.467966102430296, 18.771809225691555, -7.340213386033838 
0, 'BL', 9, 14, 'BL', -2.549575279135155, 6.346902881498693, 2.6027170664026755, -6.233863180126718 
0, 'BL', 6, 11, 'BL', 28.417519804251015, 2.2507845954765457, -27.779645531816158, -0.9149960843448071 
1, 'BL', 13, 14, 'BL', 17.98388245207437, -0.32623411485394627, -17.49718990897169, 1.3171586971425882 
1, 'BL', 2, 3, 'BL', 41.6255700800792, 0.7031470744788066, -40.93662967333336, -2.908534689675207 
0, 'BL', 4, 7, 'BL', -3.2288500295032048, -1.720782955810364, 3.2288500295032048, 1.744178060261902 
0, 'BL', 6, 12, 'BL', 11.020303854730173, 2.194793406296924, -10.892046542634034, -1.927854158007051 
0, 'BL', 7, 8, 'BL', -3.228850029503112, -1.7441780602617882, 3.228850029503112, 1.7638846767937366 
0, 'BL', 5, 6, 'BL', -4.811489244999109, 22.850796603274546, 4.811489244999109, -21.81168285946302 
--end of line flow
