--contingency generator
conID,genID,busID,unitID,q(MW) 
1, '1 ', 8, '1 ', 8.578488100102485
1, '1 ', 1, '1 ', -0.00015298571221781441
1, '1 ', 3, '1 ', 26.86997588152124
1, '1 ', 2, '1 ', 23.21526608902369
1, '1 ', 6, '1 ', -7.218246245862424
--end of contingency generator
--bus
contingency id,bus id,v(pu),theta(deg) 
0, 4, 1.0694017635687603, 77.93736931131701
1, 11, 1.0799216622945633, 51.31810918584807
0, 7, 1.0873012930299153, 78.41868159339438
1, 10, 1.0703126973232169, 49.20374063309252
1, 14, 1.059776422232415, 49.27184008951172
0, 12, 1.085564781123909, 81.34693691775924
1, 4, 1.069209644849127, 49.19696617675489
0, 13, 1.078829311697745, 80.98609566776082
1, 12, 1.0570574118559046, 51.54166185471924
0, 14, 1.0631243279457332, 78.22501539518741
1, 8, 1.0999999999922525, 51.51297394470294
0, 6, 1.1000000000455334, 82.33586098142271
1, 5, 1.0729297514580463, 50.49055979391231
1, 6, 1.1000000000325882, 53.6702153573398
0, 5, 1.0730148220586468, 79.2207180358715
1, 7, 1.0868469140327452, 49.63430157053568
0, 3, 1.0633539996170966, 74.94129532659377
0, 8, 1.1000000000070247, 80.29608629974415
1, 1, 1.1000000000028936, 53.125077160751495
1, 13, 1.072113829951851, 51.87082267950328
1, 9, 1.0757968924664143, 48.66859554441807
0, 11, 1.080390566428827, 80.04245118659288
0, 9, 1.076666046914025, 77.47810358139571
1, 3, 1.0633539996190906, 46.20626435810202
1, 2, 1.0912878830096007, 51.52630101949895
0, 1, 1.100000000046869, 81.85860302510109
0, 2, 1.0912878830136672, 80.26080117773807
0, 10, 1.0710952561047888, 77.98749353298035
--end of bus
--Delta
contingency id,Delta(MW) 
1, 0.0019041317719986016 
--end of Delta
--line flow
contingency id,line id,origin bus id,destination bus id,circuit id,p_origin(MW),q_origin(MVar),p_destination(MW),q_destination(MVar) 
1, 'BL', 1, 2, 'BL', 56.14352838881257, -4.597101331904469, -55.63835691987458, -0.19893602596971505 
1, 'BL', 2, 5, 'BL', 14.433487585524887, 4.844166979710394, -14.31106834172644, -8.52220735229048 
1, 'BL', 4, 9, 'BL', 1.9681758164841279, 5.48838564946368, -1.9681758164841279, -5.333087530218023 
1, 'BL', 4, 7, 'BL', -4.336951806166286, 3.3699877666548446, 4.336951806166286, -3.3172083217993986 
1, 'BL', 6, 13, 'BL', 32.28522394970554, 7.599328058918786, -31.683813586094743, -6.414963311109432 
1, 'BL', 7, 8, 'BL', -22.249948412775947, -7.7506549254637775, 22.249948412775947, 8.5784881006241 
1, 'BL', 4, 5, 'BL', -58.40598441338682, 9.764895084207183, 58.81547438343807, -8.473237957701258 
0, 'BL', 12, 13, 'BL', 3.4866762788432197, -0.18398608739261135, -3.463822690009863, 0.20466314395616791 
0, 'BL', 1, 5, 'BL', 26.17896099362048, 4.551160736502311, -25.847634217633512, -8.992365883780735 
0, 'BL', 10, 11, 'BL', -20.002688262380758, 3.7487626009355495, 20.298892550434743, -3.05538103351887 
0, 'BL', 13, 14, 'BL', 14.8677590405769, -2.051313413687126, -14.536937848828558, 2.7248779790194817 
0, 'BL', 1, 2, 'BL', 56.11209990873874, -4.587769680184238, -55.607497685816384, -0.21000567006126403 
1, 'BL', 5, 6, 'BL', -27.870679456344796, 24.166961793856387, 27.870679456344796, -21.57920222594663 
0, 'BL', 2, 3, 'BL', 55.47172801889687, 2.147917547624729, -54.24865902163219, -2.079470279119164 
0, 'BL', 4, 5, 'BL', -57.90310420215178, 9.86484826286005, 58.305848343841035, -8.594469550760095 
1, 'BL', 9, 14, 'BL', -1.172676231023786, 6.948942744206022, 1.2272208456894305, -6.832919041009632 
0, 'BL', 2, 5, 'BL', 14.46492411988288, 4.781412740584074, -14.342482955955603, -8.45970200979525 
1, 'BL', 9, 10, 'BL', -8.825532226753865, 10.363911525372941, 8.876462981733937, -10.228619202335494 
1, 'BL', 3, 4, 'BL', -30.99678972216617, 8.68570004644971, 31.61865870179429, -8.553816186706285 
0, 'BL', 7, 9, 'BL', 17.468332119379177, 10.654899164675044, -17.468332119379177, -10.265312858824927 
0, 'BL', 6, 13, 'BL', 24.37827034185716, 5.750220542605348, -24.03529347047214, -5.074792015994035 
0, 'BL', 2, 4, 'BL', 28.392589358147575, 2.7080630097349285, -27.98830776563318, -5.450073387105249 
1, 'BL', 1, 5, 'BL', 26.157053172347446, 4.596948346290503, -25.82592961843548, -9.038543319990936 
1, 'BL', 10, 11, 'BL', -20.56250745240925, 3.839161131769515, 20.875901501534543, -3.1055402296916554 
0, 'BL', 4, 9, 'BL', 1.7124564103304183, 5.354035463501873, -1.7124564103304183, -5.209743045681876 
1, 'BL', 6, 11, 'BL', 24.47322756352895, -0.07926844043112169, -24.003080369929762, 1.0638154693516526 
1, 'BL', 12, 13, 'BL', -5.422927725674583, -1.9594080395985998, 5.4886626092163056, 2.0188824580410483 
1, 'BL', 2, 4, 'BL', 28.48583183873339, 2.798909723571569, -28.07853882479364, -5.53108423494416 
0, 'BL', 9, 10, 'BL', -8.268966687930572, 10.2648700040736, 8.316643791706213, -10.138220671503632 
0, 'BL', 3, 4, 'BL', -31.09557374070144, 8.608375051121584, 31.72021892950724, -8.469668412134865 
0, 'BL', 9, 14, 'BL', -2.429625663230979, 6.570553863296595, 2.4834378056847015, -6.45608822663047 
0, 'BL', 6, 11, 'BL', 23.873456921467124, -0.07677507214202706, -23.426071418830418, 1.0136562731784693 
1, 'BL', 13, 14, 'BL', 13.563793856973518, -2.5253614326557, -13.280720888833557, 3.1017087934002348 
1, 'BL', 2, 3, 'BL', 55.47695981044211, 2.14717920858493, -54.25366455037721, -2.0777786894506107 
0, 'BL', 4, 7, 'BL', -4.775903898107672, 3.239226151521848, 4.775903898107672, -3.180981001085911 
0, 'BL', 6, 12, 'BL', 8.995684396681185, 1.954579263402536, -8.909604004519906, -1.7754219522092853 
0, 'BL', 7, 8, 'BL', -22.24423601748575, -7.473918163584017, 22.24423601748575, 8.294403261865114 
1, 'BL', 7, 9, 'BL', 17.912996606611962, 11.067863247267724, -17.912996606611962, -10.654944408497613 
0, 'BL', 5, 6, 'BL', -27.307934203327886, 24.17951060820377, 27.307934203327886, -21.650046701786266 
--end of line flow
