--contingency generator
conID,genID,busID,unitID,q(MW) 
1, '1 ', 8, '1 ', 2.7139249514288104
1, '1 ', 1, '1 ', 2.6948557009403435
1, '1 ', 3, '1 ', 21.577744812053446
1, '1 ', 2, '1 ', 13.107091820354444
1, '1 ', 6, '1 ', 2.4368655267736297
--end of contingency generator
--bus
contingency id,bus id,v(pu),theta(deg) 
0, 4, 1.0495182545001136, 74.89753248782749
1, 11, 1.0754088199683511, 85.0520791547813
0, 7, 1.0722801029989173, 75.7926189399136
1, 10, 1.0663622393919934, 83.52133347511001
1, 14, 1.0518596372911926, 83.25152229567838
0, 12, 1.0786727941364005, 77.06390780814948
1, 4, 1.0493200513280416, 83.61987051317976
0, 13, 1.0741591936229071, 76.89686154029778
1, 12, 1.0493808488180958, 84.77973638726418
0, 14, 1.0554371415384118, 74.73612119565138
1, 8, 1.0751149829043583, 87.0963470441226
0, 6, 1.0937612115165944, 78.01714516493207
1, 5, 1.0528036274988009, 84.78194658870427
1, 6, 1.0937611875461581, 86.81041379098046
0, 5, 1.0528915228520486, 76.04975005006524
1, 7, 1.0717928357118902, 84.47161548496923
0, 3, 1.037934049565823, 72.07439807986641
0, 8, 1.0751150017873994, 78.41560672536612
1, 1, 1.0794949725762997, 88.29770343708054
1, 13, 1.0671149085672558, 85.25600199016627
1, 9, 1.0701231565739686, 83.27447524274282
0, 11, 1.0758872079439075, 76.31590324710707
0, 9, 1.0710605508687179, 74.62055019125351
1, 3, 1.0379340302458047, 80.8027474320312
1, 2, 1.0615247002658657, 85.3756069105024
0, 1, 1.0794949861894527, 79.56848142918683
0, 2, 1.061524714906861, 76.64730521870398
0, 10, 1.0671887871839472, 74.84258780976683
--end of bus
--Delta
contingency id,Delta(MW) 
1, 0.002093385206007391 
--end of Delta
--line flow
contingency id,line id,origin bus id,destination bus id,circuit id,p_origin(MW),q_origin(MVar),p_destination(MW),q_destination(MVar) 
1, 'BL', 1, 2, 'BL', 99.60393869385871, -0.3968139349356079, -97.95281444509192, -0.613320453859842 
1, 'BL', 2, 5, 'BL', 7.599300899289034, 0.9202686913877187, -7.565952459615744, -4.685397272641808 
1, 'BL', 4, 9, 'BL', 1.2560117797372923, 2.4894346148560658, -1.2560117797372923, -2.452559021811254 
1, 'BL', 4, 7, 'BL', -8.174389859341252, 0.6413217047775106, 8.174389859341252, -0.5191887119835883 
1, 'BL', 6, 13, 'BL', 28.486719914404546, 8.23689361050765, -28.000490220760526, -7.279355557733538 
1, 'BL', 7, 8, 'BL', -29.95666526436048, -1.3350952996567003, 29.95666526436048, 2.7139218914326193 
1, 'BL', 4, 5, 'BL', -50.691126986549534, 7.929453154033581, 51.01030148812117, -6.922678752447155 
0, 'BL', 12, 13, 'BL', 1.9737951285435997, 0.2567111837004177, -1.9662729332173967, -0.24990538792906136 
0, 'BL', 1, 5, 'BL', 32.708470267699056, 3.0464644170409088, -32.196221474457644, -6.525631319212948 
0, 'BL', 10, 11, 'BL', -14.672599737856046, 1.6325237309087015, 14.829619235279466, -1.264958406470953 
0, 'BL', 13, 14, 'BL', 12.273344273426602, -0.017895687115697, -12.05018869420509, 0.47224895851724114 
0, 'BL', 1, 2, 'BL', 99.57541454333614, -0.38905841476685055, -97.9252282783608, -0.6239399366186262 
1, 'BL', 5, 6, 'BL', -17.352961006695264, 16.378975387879336, 17.352961006695264, -15.254405196766072 
0, 'BL', 2, 3, 'BL', 45.24585905471727, 1.2137962618140818, -44.386511630766066, -2.4204154668221918 
0, 'BL', 4, 5, 'BL', -50.217954092833224, 8.043756669414051, 50.5314423661257, -7.054918378151797 
1, 'BL', 9, 14, 'BL', 2.9197082051041434, 5.855856249520343, -2.87218390444653, -5.754765694789739 
0, 'BL', 2, 5, 'BL', 7.623528517187424, 0.8591401294245316, -7.590169106485774, -4.624555457476276 
1, 'BL', 9, 10, 'BL', -3.521648669825879, 6.101150907360761, 3.5354336412232783, -6.064532545742395 
1, 'BL', 3, 4, 'BL', -29.21828642446539, 4.618042229730804, 29.766826841443105, -4.612162394983216 
0, 'BL', 7, 9, 'BL', 21.354542440231032, 1.4071382411113973, -21.354542440231032, -0.9689327162263908 
0, 'BL', 6, 13, 'BL', 20.73195412463508, 6.102949603001889, -20.473693968292878, -5.594354734268677 
0, 'BL', 2, 4, 'BL', 19.639634771078107, -0.8652280696152275, -19.440155406509916, -2.3176521744229603 
1, 'BL', 1, 5, 'BL', 32.69040641550839, 3.091671110044672, -32.178456520922964, -6.5716165177663015 
1, 'BL', 10, 11, 'BL', -15.225585561974327, 1.6946456996342363, 15.39492736207481, -1.2982352237621626 
0, 'BL', 4, 9, 'BL', 1.0083064923508822, 2.345841679954873, -1.0083064923508822, -2.3149310714624676 
1, 'BL', 6, 11, 'BL', 18.808821457719574, 1.3888063096462702, -18.52641691232847, -0.7974158687293311 
1, 'BL', 12, 13, 'BL', -6.718575353776998, -1.865328700370867, 6.816112975458054, 1.9535770247489381 
1, 'BL', 2, 4, 'BL', 19.73168500788475, -0.7742913621755179, -19.53023391561439, -2.401898929419872 
0, 'BL', 9, 10, 'BL', -2.9698999937435246, 6.0357413067908965, 2.982447539941063, -6.0024100382058805 
0, 'BL', 3, 4, 'BL', -29.32095898651204, 4.541430305459585, 29.872735724891328, -4.527556652761177 
0, 'BL', 9, 14, 'BL', 1.6925206198016838, 5.3940950259327565, -1.6571069855553162, -5.3187654812271035 
0, 'BL', 6, 11, 'BL', 18.2263833564611, 1.3862093999084664, -17.961110376094183, -0.8306945989507426 
1, 'BL', 13, 14, 'BL', 11.0177574583835, -0.5363743163581489, -10.835111361377898, 0.9082487367635395 
1, 'BL', 2, 3, 'BL', 45.245413046699696, 1.2138675612405905, -44.38608221073238, -2.420556495918845 
0, 'BL', 4, 7, 'BL', -8.59584360367286, 0.50176627456608, 8.59584360367286, -0.36713448900002277 
0, 'BL', 6, 12, 'BL', 8.77694328685331, 2.2980584051711617, -8.692371517331651, -2.12204095857345 
0, 'BL', 7, 8, 'BL', -29.950387714158836, -1.04001075853364, 29.950387714158836, 2.415934618106121 
1, 'BL', 7, 9, 'BL', 21.782275405027793, 1.8542840116404022, -21.782275405027793, -1.3966135863058753 
0, 'BL', 5, 6, 'BL', -16.832120693075414, 16.404387124891628, 16.832120693075414, -15.313518948565047 
--end of line flow
