--contingency generator
conID,genID,busID,unitID,q(MW) 
1, '1 ', 8, '1 ', 6.130903423732722
1, '1 ', 1, '1 ', 0.05235830915107308
1, '1 ', 3, '1 ', 22.534727168530452
1, '1 ', 2, '1 ', 19.67088239596334
1, '1 ', 6, '1 ', -11.491097182986527
--end of contingency generator
--bus
contingency id,bus id,v(pu),theta(deg) 
0, 4, 1.0751729578650364, 58.797944096149884
1, 11, 1.0871107955894521, -100.64635831501363
0, 7, 1.0931849739384676, 60.58773435240806
1, 10, 1.0819115378234336, -102.24379913362446
1, 14, 1.0576502560116152, -103.12032941960746
0, 12, 1.0839030272108885, 61.58425101701187
1, 4, 1.0749565806310928, -102.90088627498186
0, 13, 1.0769116476685838, 61.292739083166374
1, 12, 1.0510941311675572, -101.46321091762482
0, 14, 1.061516466689197, 58.839880304643
1, 8, 1.100000005229936, -97.29425316810196
0, 6, 1.1000000000812111, 62.78865963467113
1, 5, 1.0773253251365256, -101.78493573057852
1, 6, 1.100000005164966, -98.82526070354021
0, 5, 1.0774201135826986, 59.902019111851956
1, 7, 1.092672334041745, -101.163144977415
0, 3, 1.0659341082250677, 55.117691719581856
0, 8, 1.1000000000021914, 64.45407413093609
1, 1, 1.1000000051610725, -100.08923279757704
1, 13, 1.0692737050296193, -100.87167805218755
1, 9, 1.0869085113252348, -102.68248305562233
0, 11, 1.0876283172665497, 61.03675190805188
0, 9, 1.0878937419369639, 59.09923287361245
1, 3, 1.0659341131527074, -106.5726074276573
1, 2, 1.0965618291726358, -100.74042061411676
0, 1, 1.100000000078276, 61.60072682686616
0, 2, 1.0965618242006978, 60.95052118012805
0, 10, 1.0827899491972608, 59.5080584505136
--end of bus
--Delta
contingency id,Delta(MW) 
1, 0.002912318271635902 
--end of Delta
--line flow
contingency id,line id,origin bus id,destination bus id,circuit id,p_origin(MW),q_origin(MVar),p_destination(MW),q_destination(MVar) 
1, 'BL', 1, 2, 'BL', 22.85350510851265, -4.15622515561995, -22.7697053801395, -1.9567842482267679 
1, 'BL', 2, 5, 'BL', 14.806984256570928, 5.314370335562785, -14.677247729037191, -9.00638260078199 
1, 'BL', 4, 9, 'BL', -0.8263806113114847, 4.476978032276804, 0.8263806113114847, -4.383307812132472 
1, 'BL', 4, 7, 'BL', -17.41575675877184, 3.6622810902443916, 17.41575675877184, -3.114044347623576 
1, 'BL', 6, 13, 'BL', 36.33876216282391, 8.068618954711724, -35.58125815701976, -6.576857097778998 
1, 'BL', 7, 8, 'BL', -46.03984508389098, -2.9904033176845815, 46.03984508389098, 6.1309034808533625 
1, 'BL', 4, 5, 'BL', -50.260939842372636, 10.408909436720023, 50.565307747055044, -9.448839589066665 
0, 'BL', 12, 13, 'BL', 3.2273515256123915, 0.23174927963987102, -3.2076644889718295, -0.21393719886981444 
0, 'BL', 1, 5, 'BL', 17.480139015440585, 4.158532912628289, -17.320966911558287, -9.333710101722431 
0, 'BL', 10, 11, 'BL', -14.739474833976658, 3.7871338574096853, 14.901550717358248, -3.4077320911562765 
0, 'BL', 13, 14, 'BL', 13.329921190184066, -1.482153332554617, -13.064796813684097, 2.021956676084187 
0, 'BL', 1, 2, 'BL', 22.82182984651604, -4.146247595381965, -22.738264899170076, -1.967478571280708 
1, 'BL', 5, 6, 'BL', -26.050548600103127, 26.325429710218543, 26.050548600103127, -23.73829313251275 
0, 'BL', 2, 3, 'BL', 61.30127678027087, 2.8378391540745724, -59.82106447004858, -1.7233418480958562 
0, 'BL', 4, 5, 'BL', -49.671071392347585, 10.520239919603682, 49.96877843851041, -9.581180465378111 
1, 'BL', 9, 14, 'BL', 7.194214807271891, 8.391910055843027, -7.062753788948726, -8.112274856927002 
0, 'BL', 2, 5, 'BL', 14.833237203390496, 5.246864490218286, -14.703602814125503, -8.939541929403276 
1, 'BL', 9, 10, 'BL', -7.199692977792154, 9.178630705826663, 7.236335136890489, -9.081294571157969 
1, 'BL', 3, 4, 'BL', -38.63729130600464, 10.16301096896268, 39.58765993122907, -9.204097977651713 
0, 'BL', 7, 9, 'BL', 28.08185237174234, 5.6227655646189305, -28.08185237174234, -4.867729389693295 
0, 'BL', 6, 13, 'BL', 26.868270836512636, 6.162244140241569, -26.452850350595327, -5.344151521943218 
0, 'BL', 2, 4, 'BL', 26.74963089027466, 2.9138490879853407, -26.39195515217648, -5.83792915631534 
1, 'BL', 1, 5, 'BL', 17.46302571510101, 4.208583465253241, -17.303800588598904, -9.383039357767132 
1, 'BL', 10, 11, 'BL', -15.408304155576275, 3.891538044630522, 15.585339298901488, -3.477118300834263 
0, 'BL', 4, 9, 'BL', -1.1412584015773724, 4.327300555443571, 1.1412584015773724, -4.236822375180708 
1, 'BL', 6, 11, 'BL', 18.4481565379877, -1.3775517725406417, -18.17951846143302, 1.940113505818374 
1, 'BL', 12, 13, 'BL', -7.354248620045951, -1.4016108571129848, 7.466327412860835, 1.5030154791836026 
1, 'BL', 2, 4, 'BL', 26.869046499676614, 3.012433317691375, -26.507799350854384, -5.924885961569544 
0, 'BL', 9, 10, 'BL', -6.533939585361452, 9.066055781176146, 6.567505890832706, -8.976890335960206 
0, 'BL', 3, 4, 'BL', -38.77463710055582, 10.088638407827716, 39.73032415835789, -9.116448897416717 
0, 'BL', 9, 14, 'BL', 5.671347928212498, 7.951273479720101, -5.568901772490847, -7.7333567809236 
0, 'BL', 6, 11, 'BL', 17.7443133926256, -1.3501622918934117, -17.495729855909048, 1.8707273103492525 
1, 'BL', 13, 14, 'BL', 11.78433694381414, -1.9664004998568316, -11.570944969478163, 2.4008746992857937 
1, 'BL', 2, 3, 'BL', 61.294889390954125, 2.838682394225998, -59.8149795006789, -1.7254592376425535 
0, 'BL', 4, 7, 'BL', -17.949255331995378, 3.5260221671434238, 17.949255331995378, -2.947055298011378 
0, 'BL', 6, 12, 'BL', 10.701532177154888, 1.8829722820246957, -10.581600077674324, -1.6333601237940911 
0, 'BL', 7, 8, 'BL', -46.031107703737725, -2.6757102666080073, 46.031107703737725, 5.809451674903812 
1, 'BL', 7, 9, 'BL', 28.624088325119143, 6.104447665308271, -28.624088325119143, -5.315166541578492 
0, 'BL', 5, 6, 'BL', -25.4104978144917, 26.34160067309881, 25.4104978144917, -23.815427230165653 
--end of line flow
