--generation dispatch
bus id,unit id,pg(MW),qg(MVar) 
101, 1, 12.118476205612065, 8.059979635596248
101, 2, 12.118476197187798, 7.667272114161373
101, 3, 88.86170470077191, 13.82917062809497
101, 4, 63.27024890031327, 6.406755168733647
102, 5, 20.351767552761043, 3.4886692664773284
102, 6, 18.534931228788835, 8.215707558204196
102, 7, 58.61225452494049, -8.901243948639008
102, 8, 94.6941198171691, -11.774301414866008
107, 10, 28.03547180679759, 27.48161173229726
107, 11, 10.90340639421084, -14.506550075623249
107, 9, 68.73749900891072, 14.109468213802847
113, 12, 42.737674795669854, 2.151252019420773
113, 13, 34.03374502930018, 10.151480962427422
113, 14, 142.6754807515122, 8.42475315687719
114, 15, 1.8602892062224882e-14, 93.14185924694736
115, 16, 5.068511571343, 3.1827171829184495
115, 17, 1.9754178458663298, 2.007749925949486
115, 18, 6.061642554158212, 2.4824349475327323
115, 19, 7.549633950130127, 3.567032540816522
115, 20, 3.3882864970163373, 4.292793817372762
115, 21, 128.57314812163594, 21.70898819405232
116, 22, 157.33765330352577, -14.039498611642435
118, 23, 335.942420581838, 54.791777353676345
121, 24, 291.0574105145141, 89.24960770841284
122, 25, 43.195383682705405, 3.3332475107766872
122, 26, 55.018966788284416, 10.21226190000567
122, 27, 36.466527156390185, 5.766656844221177
122, 28, 63.3613350231647, 7.146978634352808
122, 29, 46.860215290307934, 4.982911665454052
122, 30, 58.021924129079956, 7.198174769503581
123, 31, 86.34545833820063, -36.85457377586107
123, 32, 86.34545275789851, -47.61670680718865
123, 33, 168.08013405902835, -41.161128202906475
201, 34, 21.42588232395592, 5.8499470849935875
201, 35, 20.48371334835365, 4.418965163304002
201, 36, 17.657836237514264, 17.301656775352598
201, 37, 9.38661683230613, 33.127354556690165
202, 38, 21.42043092602286, -0.5475571245352664
202, 39, 11.077869221784086, -1.0418219205467794
202, 40, 31.56340156747152, -26.285153074778933
202, 41, 17.888800758246145, -26.470818861585443
207, 42, 7.036404920076812, -2.3126965599385385
207, 43, 23.198351562753324, 10.867620131230103
207, 44, 28.708993489419473, 3.082750266254828
213, 45, 128.40087940992476, 18.00176508910724
213, 46, 116.37016943825134, 15.189623588511148
213, 47, 100.58685969603954, 8.092376613488348
214, 48, 2.3406135744939317e-15, 3.6394999332902405
215, 49, 3.6865502600899567, 4.680344380546669
215, 50, 8.785305934634257, 5.843106733936808
215, 51, 5.183579581952842, 4.478994913710956
215, 52, 3.4147826467984683, 5.966906444847688
215, 53, 4.157717415444731, 5.620106326656983
215, 54, 83.79885312982402, 73.45970064352848
216, 55, 35.8819066823142, 65.97341267557559
218, 56, 306.52625106824723, -108.7538515003755
221, 57, 33.833530280933054, 112.46068403109007
222, 58, 42.50697456444892, -0.42136469928816067
222, 59, 54.35293252491669, -5.364632901053773
222, 60, 63.02467317697869, 4.768803348536173
222, 61, 50.95673654838742, 3.142555850873241
222, 62, 57.06978405039103, -6.359563432816327
222, 63, 38.882720169194954, 8.886651584167087
223, 64, 80.391837588075, 23.487134259620014
223, 65, 33.947528081889295, 4.168234314895183
223, 66, 50.84485672779339, 13.411578891047892
301, 67, 17.02299438067479, 5.116423898066164
301, 68, 13.432773441439965, 1.5537519198929308
301, 69, 32.82615158332547, -29.823551216289264
301, 70, 39.19818904843979, -2.844769768377301
302, 71, 11.799998884733798, 0.44653965208995183
302, 72, 19.606593063013246, -1.4373828595814688
302, 73, 23.727282055998057, -25.07050199527036
302, 74, 36.845202145405196, -32.00538925553741
307, 75, 55.45616733332331, 26.922801086444217
307, 76, 42.673338728056414, -13.368264766445067
307, 77, 17.182865250656423, 3.529928574312626
313, 78, 69.19335194521328, -36.284323251644615
313, 79, 43.394636522271405, 12.060089728941994
313, 80, 82.61448288863919, -22.370612084205632
314, 81, 2.407029507596523e-15, 86.46557838355506
315, 82, 4.760945569776233, 3.026678013736268
315, 83, 3.201870918604503, 5.734173817684763
315, 84, 3.3989461001218118, 4.300110926329669
315, 85, 3.203362067544691, 4.542683805116094
315, 86, 0.1788653518085387, 3.3059640012093117
315, 87, 51.177935741323495, 66.92275743857788
316, 88, 62.19219544298029, 62.18820579100957
318, 89, 285.03094528902756, -106.66421569955799
321, 90, 451.247934653479, -5.230816191023103
322, 91, 41.55614711603768, 1.8687542696232564
322, 92, 47.53891228724889, 6.972868855176223
322, 93, 52.11503531112022, 2.1758137208096913
322, 94, 54.63482335469373, 4.700923048162466
322, 95, 57.43645403095208, 3.7840771676364664
322, 96, 57.00393269796543, 0.6185859735296287
323, 97, 163.64481022640354, 65.72013496712637
323, 98, 176.71632065153224, 23.149951491690377
323, 99, 290.400058618366, 83.8738434515746
--end of generation dispatch
