--contingency generator
conID,genID,busID,unitID,q(MW) 
1, '1 ', 8, '1 ', 6.736846949420992
1, '1 ', 1, '1 ', -0.9205994025557787
1, '1 ', 3, '1 ', 18.425585513676637
1, '1 ', 2, '1 ', 12.208251049748124
1, '1 ', 6, '1 ', -3.0168095450136256
--end of contingency generator
--bus
contingency id,bus id,v(pu),theta(deg) 
0, 4, 1.0656310671862577, 67.70370893828206
1, 11, 1.0846699229370997, 46.71292602686361
0, 7, 1.0896559578009681, 67.02559137515726
1, 10, 1.0778226109405002, 45.081561561218116
1, 14, 1.058953069658613, 44.7216612108856
0, 12, 1.0867128613761867, 69.42875618225874
1, 4, 1.0654524711453133, 45.898449434158564
0, 13, 1.080970472112877, 69.16491025190831
1, 12, 1.0606339049699864, 46.67185574518316
0, 14, 1.0620752572046872, 66.71790998733947
1, 8, 1.0999999998842875, 45.48803743835202
0, 6, 1.1000000000335353, 70.31944023816897
1, 5, 1.0673791940465382, 46.85304014793423
1, 6, 1.1000000000300487, 48.58146937968431
0, 5, 1.0674554304361636, 68.64916863506517
1, 7, 1.0892275751858915, 45.18024064029601
0, 3, 1.0653187681875014, 66.51338608855352
0, 8, 1.0999999998866477, 67.33285169318015
1, 1, 1.0884568327905926, 48.93137306440751
1, 13, 1.0748067675297646, 47.02273449590648
1, 9, 1.0825084159578906, 44.604674856953515
0, 11, 1.0850943957316186, 68.50396825767196
0, 9, 1.0833246662819178, 66.47194792616347
1, 3, 1.0653187681835048, 44.712762810968826
1, 2, 1.0840411640788146, 48.14443907463844
0, 1, 1.0884568327765336, 70.7305952093522
0, 2, 1.0840411640832206, 69.94454099514338
0, 10, 1.0785478938941429, 66.92568375497477
--end of bus
--Delta
contingency id,Delta(MW) 
1, 0.0016447219949096592 
--end of Delta
--line flow
contingency id,line id,origin bus id,destination bus id,circuit id,p_origin(MW),q_origin(MVar),p_destination(MW),q_destination(MVar) 
1, 'BL', 1, 2, 'BL', 27.192749050596035, -3.723283115156619, -27.07173219585036, -2.1373270670469537 
1, 'BL', 2, 5, 'BL', 16.667089271515323, 3.0649103396643795, -16.51987084559792, -6.6194097790313435 
1, 'BL', 4, 9, 'BL', 4.831981811982692, 3.421245142668397, -4.831981811982692, -3.259987785332072 
1, 'BL', 4, 7, 'BL', 7.112708265470017, 0.14467054334988916, -7.112708265470017, -0.05549315645828301 
1, 'BL', 6, 13, 'BL', 28.350095047962043, 7.213061539963292, -27.882258113620594, -6.291744571910954 
1, 'BL', 7, 8, 'BL', -3.6539957801244234, -6.651338801410475, 3.6539957801244234, 6.736846949424262 
1, 'BL', 4, 5, 'BL', -42.18001122680721, 8.87208338854225, 42.398499319598386, -8.18290484266663 
0, 'BL', 12, 13, 'BL', 2.7745325475082723, 0.06168012860780436, -2.7601246819467633, -0.04864444071893104 
0, 'BL', 1, 5, 'BL', 20.295034110809397, 2.7617891815879716, -20.092498538733878, -7.643237203035994 
0, 'BL', 10, 11, 'BL', -15.43699440524179, 3.149544335690166, 15.61207468481399, -2.7397007123211097 
0, 'BL', 13, 14, 'BL', 13.788661268273302, -0.602526231112904, -13.510008534351869, 1.169873826381945 
0, 'BL', 1, 2, 'BL', 27.164973915360633, -3.714606240022704, -27.044205711582435, -2.146763110223219 
1, 'BL', 5, 6, 'BL', -15.077300696564365, 20.793450465508386, 15.077300696564365, -19.525883348667662 
0, 'BL', 2, 3, 'BL', 35.58927690520085, 0.2766579568195766, -35.07956023206259, -3.1882173733716854 
0, 'BL', 4, 5, 'BL', -41.726305700966805, 8.979411488624919, 41.94047036419488, -8.303870367386935 
1, 'BL', 9, 14, 'BL', 2.922423774822988, 8.05775472570707, -2.84273168656793, -7.888238976966591 
0, 'BL', 2, 5, 'BL', 16.69597963802798, 3.008972864609177, -16.54856897670595, -6.563166931083401 
1, 'BL', 9, 10, 'BL', -8.07083042596247, 9.088956768175194, 8.110937508116706, -8.982416421050402 
1, 'BL', 3, 4, 'BL', -11.885218273693141, 3.989138258232515, 11.981752793518893, -5.195612209688306 
0, 'BL', 7, 9, 'BL', 10.368516888081048, 6.321279371612491, -10.368516888081048, -6.184650813204144 
0, 'BL', 6, 13, 'BL', 21.18291969896046, 5.497331406778926, -20.921087754162727, -4.981702571574033 
0, 'BL', 2, 4, 'BL', 26.62090426831068, 1.0485673594380387, -26.265882416499664, -3.899559128391388 
1, 'BL', 1, 5, 'BL', 20.27548267316341, 2.802684204617094, -20.07309635678294, -7.6843479950139795 
1, 'BL', 10, 11, 'BL', -15.953053596633964, 3.219213988694605, 16.140124275208194, -2.7813021637859947 
0, 'BL', 4, 9, 'BL', 4.604651086911382, 3.2917982949552425, -4.604651086911382, -3.144456923853312 
1, 'BL', 6, 11, 'BL', 19.348385562319777, -0.4422237341656228, -19.05437490506546, 1.0579188250044922 
1, 'BL', 12, 13, 'BL', -5.308375153397719, -1.6427755799180943, 5.36901344735827, 1.6976387982633696 
1, 'BL', 2, 4, 'BL', 26.70348339773696, 1.1333793643144645, -26.346024984417966, -3.9763309824713815 
0, 'BL', 9, 10, 'BL', -7.557382469510856, 9.012350637239024, 7.594878316625795, -8.912746767977524 
0, 'BL', 3, 4, 'BL', -11.971165422275988, 3.9127053309562143, 12.068488421089143, -5.11741042903509 
0, 'BL', 9, 14, 'BL', 1.7834579354933169, 7.67943534452769, -1.716139396965957, -7.536239793847017 
0, 'BL', 6, 11, 'BL', 18.804028396761453, -0.4347723848865144, -18.52632531469405, 1.0163173735495548 
1, 'BL', 13, 14, 'BL', 12.620693498487526, -1.038767469751292, -12.38341624462079, 1.521873009391527 
1, 'BL', 2, 3, 'BL', 35.594364274298854, 0.2757681318255436, -35.08450482285693, -3.1867260199113616 
0, 'BL', 4, 7, 'BL', 6.7194552690639275, 0.011815657696843118, -6.7194552690639275, 0.06771398117678018 
0, 'BL', 6, 12, 'BL', 8.153928817768644, 1.8522704664536036, -8.082907700936829, -1.704455708527064 
0, 'BL', 7, 8, 'BL', -3.649061619017132, -6.388993352787793, 3.649061619017132, 6.469305471781695 
1, 'BL', 7, 9, 'BL', 10.766704045594429, 6.706831957868644, -10.766704045594429, -6.557634841218032 
0, 'BL', 5, 6, 'BL', -14.571171428194816, 20.817062350639674, 14.571171428194816, -19.576617823341962 
--end of line flow
