--contingency generator
conID,genID,busID,unitID,q(MW) 
1, '1 ', 8, '1 ', 9.958195337521197
1, '1 ', 1, '1 ', 0.9009016074421171
1, '1 ', 3, '1 ', 19.786312032304398
1, '1 ', 2, '1 ', 19.22572765971277
1, '1 ', 6, '1 ', -4.311148792529701
--end of contingency generator
--bus
contingency id,bus id,v(pu),theta(deg) 
0, 4, 1.067501930839406, 71.63552379799687
1, 11, 1.0798546903125508, 42.08755087355695
0, 7, 1.0860261315913509, 73.32183767422066
1, 10, 1.0701084738987496, 40.282004957129324
1, 14, 1.0577299000547482, 40.316469004722315
0, 12, 1.0866913260514695, 75.5425257221809
1, 4, 1.0673319070819434, 39.27364681812287
0, 13, 1.0790423081723026, 75.11004999915484
1, 12, 1.0598691929817683, 42.08930610221926
0, 14, 1.0608186610428563, 72.88824189360302
1, 8, 1.0999999980940869, 43.99915867300557
0, 6, 1.0999999995211858, 76.53404386451543
1, 5, 1.069433212590942, 40.257277378592526
1, 6, 1.0999999999023264, 44.24619942103576
0, 5, 1.0695067058587926, 72.60899939796286
1, 7, 1.0856228830653845, 40.91780339610356
0, 3, 1.0593307867322925, 68.73337391574928
0, 8, 1.099999997749154, 76.4016148584645
1, 1, 1.0869832159948745, 41.25121239969096
1, 13, 1.0728470576035818, 42.370900913330466
1, 9, 1.075059922284027, 39.82756751631019
0, 11, 1.0802757717316527, 74.43300434941342
0, 9, 1.0758384970263712, 72.25603204187755
1, 3, 1.059330787078065, 36.37659300245608
1, 2, 1.081706889063957, 40.46349029592025
0, 1, 1.0869832156234058, 73.6063582357889
0, 2, 1.0817068886986656, 72.81960431429245
0, 10, 1.0708098670383774, 72.68533254277666
--end of bus
--Delta
contingency id,Delta(MW) 
1, 0.001705402438748746 
--end of Delta
--line flow
contingency id,line id,origin bus id,destination bus id,circuit id,p_origin(MW),q_origin(MVar),p_destination(MW),q_destination(MVar) 
1, 'BL', 1, 2, 'BL', 27.59509909646681, -2.2768093321365086, -27.470079935166723, -3.5497716057902835 
1, 'BL', 2, 5, 'BL', 4.422272792130286, 4.1670998503111605, -4.394097177163559, -8.083908472832263 
1, 'BL', 4, 9, 'BL', -2.058312045125123, 5.241819122436368, 2.058312045125123, -5.096438811168554 
1, 'BL', 4, 7, 'BL', -16.255674441200362, 3.217602754741165, 16.255674441200362, -2.735461049467858 
1, 'BL', 6, 13, 'BL', 33.02003542756893, 6.645844479033258, -32.39981631392328, -5.4244394308909705 
1, 'BL', 7, 8, 'BL', -36.44171429315428, -7.880550933885274, 36.44171429315428, 9.958195345872241 
1, 'BL', 4, 5, 'BL', -43.70200314351325, 8.928114566152544, 43.93515714931493, -8.192675226503525 
0, 'BL', 12, 13, 'BL', 4.0703861415304345, -0.3235802835145023, -4.0391951049813315, 0.35180074515420756 
0, 'BL', 1, 5, 'BL', 10.536619656360642, 3.137127562157275, -10.469148431101246, -8.579028827502157 
0, 'BL', 10, 11, 'BL', -17.338458159367207, 2.4095977376438213, 17.557729927182038, -1.896306714557909 
0, 'BL', 13, 14, 'BL', 12.606672755514367, -0.29422889042672296, -12.373230856396631, 0.7695255015011639 
0, 'BL', 1, 2, 'BL', 27.564639877178706, -2.2672943658917575, -27.439893652257183, -3.560119882859226 
1, 'BL', 5, 6, 'BL', -34.83994501784261, 22.822297821348172, 34.83994501784261, -19.501987851077217 
0, 'BL', 2, 3, 'BL', 42.12330610594137, 1.13682915901029, -41.40523435992097, -3.131650229295701 
0, 'BL', 4, 5, 'BL', -43.207150324021086, 9.006976872859013, 43.435357446484545, -8.287141522526781 
1, 'BL', 9, 14, 'BL', -0.2801200953988996, 7.037602755013722, 0.33467720878505247, -6.9215524653643 
0, 'BL', 2, 5, 'BL', 4.455012732500819, 4.110842154522857, -4.427033174038428, -8.02852132828491 
1, 'BL', 9, 10, 'BL', -7.366646167891304, 9.115525534377866, 7.404452060612414, -9.015098060786613 
1, 'BL', 3, 4, 'BL', -30.362169258833745, 7.066920582180273, 30.94884137542641, -7.016836672817362 
0, 'BL', 7, 9, 'BL', 19.755386156683763, 10.241049820862827, -19.755386156683763, -9.779209078612212 
0, 'BL', 6, 13, 'BL', 25.258748134233826, 5.151886509765063, -24.895444520608578, -4.436428282297811 
0, 'BL', 2, 4, 'BL', 14.839653130732103, 1.974580274676896, -14.722485302668332, -5.545469612924421 
1, 'BL', 1, 5, 'BL', 10.5146874646817, 3.177710939533256, -10.447202295380038, -8.619167938481212 
1, 'BL', 10, 11, 'BL', -17.88437915889486, 2.508639045457187, 18.118065191605126, -1.961605818124326 
0, 'BL', 4, 9, 'BL', -2.3077727393939464, 5.125738170691761, 2.3077727393939464, -4.980928016513786 
1, 'BL', 6, 11, 'BL', 22.814781208389405, 0.6703361567692809, -22.40584631590042, 0.18602465725535922 
1, 'BL', 12, 13, 'BL', -4.678696867639076, -1.7034865179904273, 4.727454577492438, 1.7476006364291266 
1, 'BL', 2, 4, 'BL', 14.928512495563695, 2.05094505075067, -14.809727450815245, -5.616310304860576 
0, 'BL', 9, 10, 'BL', -6.823427489474909, 9.009305800245102, 6.858531067231979, -8.916056748988467 
0, 'BL', 3, 4, 'BL', -30.45241405817447, 7.000078167875586, 31.041744593750877, -6.943441462696569 
0, 'BL', 9, 14, 'BL', -1.50345314833271, 6.708866214691113, 1.5553647388696845, -6.5984433065848975 
0, 'BL', 6, 11, 'BL', 22.233930146277118, 0.6926726181007439, -21.845511048946207, 0.12072555476834168 
1, 'BL', 13, 14, 'BL', 11.344394856705577, -0.7020176357532364, -11.152543332672423, 1.092634656720918 
1, 'BL', 2, 3, 'BL', 42.12977563383021, 1.1357736846606485, -41.41148812448395, -3.129685742200536 
0, 'BL', 4, 7, 'BL', -16.681211905637564, 3.110585495651094, 16.681211905637564, -2.6051848539519824 
0, 'BL', 6, 12, 'BL', 8.830735801814171, 1.5498484805673343, -8.74908300640601, -1.3799062334485939 
0, 'BL', 7, 8, 'BL', -36.43659806232143, -7.635864966910617, 36.43659806232143, 9.705739659183337 
1, 'BL', 7, 9, 'BL', 20.18603985195407, 10.616011983353246, -20.18603985195407, -10.130472639735672 
0, 'BL', 5, 6, 'BL', -34.285263179042936, 22.821237863147985, 34.285263179042936, -19.57485721365788 
--end of line flow
