--generation dispatch
bus id,unit id,pg(MW),qg(MVar) 
101, 1, 13.71645177946078, 4.158957457674552
101, 2, 17.018680292236553, 3.0312837388665046
101, 3, 30.552580639674634, 4.000402569872576
101, 4, 30.552580590460877, 8.11284353392248
102, 5, 12.56107615234833, 7.043244808766334
102, 6, 10.503776050353576, 7.303637754486793
102, 7, 50.801104331328965, -8.849510175972108
102, 8, 50.801111959268674, -13.059015251460266
107, 10, 60.707266210797265, 6.815612910359728
107, 11, 59.69898592795725, 5.9900839963480985
107, 9, 2.203985231457072, -9.35782004595907
113, 12, 100.9020349176746, 12.062787898103982
113, 13, 38.39780963128309, 44.24999869819436
113, 14, 42.81339514028135, 5.021624524767936
114, 15, 1.4583262932147285e-12, -71.68613444477357
115, 16, 2.3980065230018965, 3.757804616207808
115, 17, 6.142729002969214, 3.4426596962590543
115, 18, 0.3911077820780298, 3.1012696257994605
115, 19, 2.042427675174997, 4.4052696581001145
115, 20, 2.289151612530935, 2.1001845621944826
115, 21, 23.880691459315837, 30.009434173053425
116, 22, 9.267127528862101, -59.30818378715408
118, 23, 511.80616483921773, 132.3751811058965
121, 24, 459.5272194154779, 93.26686204734413
122, 25, 46.813533555225305, 10.714366304007587
122, 26, 45.963174879990554, 4.220253156684304
122, 27, 42.29891514170217, 11.492174474425674
122, 28, 56.90357980781417, 4.379727624030696
122, 29, 36.579654144563705, -0.16735048427892799
122, 30, 50.63426085046681, 10.676837120255692
123, 31, 46.34039490869312, -64.80782646883523
123, 32, 23.136038588947937, -51.35393930881114
123, 33, 204.75383484447747, -19.567261429632065
201, 34, 11.458267426402232, 2.08006997004756
201, 35, 16.92328917932621, -2.6468060886963833
201, 36, 4.393317734485128, -31.78588010186428
201, 37, 38.76355867414561, -23.493565441084055
202, 38, 18.464051612932888, 1.9440620825966026
202, 39, 20.56021152999518, 4.786275738527151
202, 40, 12.486871117812578, -6.86010512651699
202, 41, 31.07098594847052, -8.05204162529093
207, 42, 27.828017448764694, 21.972241673302953
207, 43, 58.364909136422014, 8.64614175541411
207, 44, 31.47222675614978, -4.551649025308715
213, 45, 19.22392917477794, 18.975130601659963
213, 46, 87.06245307376318, 5.288635326764674
213, 47, 52.112404786710286, -2.693881862525032
214, 48, 1.4908557859234305e-12, 87.7028184590463
215, 49, 2.499351358872553, 3.78657270936523
215, 50, 5.008578498384227, 1.7446757453657198
215, 51, 5.450440551176506, 5.249601572417068
215, 52, 7.5395509169165855, 4.699227841448648
215, 53, 2.4601919820621254, 1.321162206873498
215, 54, 13.465845482010222, -14.959096330897752
216, 55, 60.948902346440114, 41.940908891891056
218, 56, 386.5906280140307, 69.0055417238904
221, 57, 370.89873872813985, 50.21381680026399
222, 58, 48.733743619983244, 3.01570214039266
222, 59, 60.171214488677045, 2.019654005780197
222, 60, 37.73626695607765, 8.910665994775298
222, 61, 64.41467621816997, 7.82627557993144
222, 62, 40.829448003664886, -0.9852610602916718
222, 63, 36.14212481292904, 1.4445643992788502
223, 64, 44.59773770183982, 15.418342293011186
223, 65, 125.8194442052313, 8.999833800586266
223, 66, 113.49568372397258, 32.19514381992086
301, 67, 12.154148877436079, -4.891579343379147
301, 68, 15.329900361456152, 0.37136107272222163
301, 69, 29.05038380923615, -27.82008905923609
301, 70, 15.463523269542504, -22.641676484161366
302, 71, 13.589541140968736, 5.1416152114281255
302, 72, 19.559163821276442, 1.1977828152678645
302, 73, 25.247663101896297, -31.528399317947954
302, 74, 20.051587332601844, -26.891147997110277
307, 75, 30.946651290860036, -5.3154084077142
307, 76, 51.69166376114544, 32.58507745771985
307, 77, 28.524849623199895, -8.176720759798416
313, 78, 40.608645845673635, 25.81431145531631
313, 79, 130.6741795329579, -16.848408471599654
313, 80, 92.86608706567762, 10.295114698680434
314, 81, 1.4594064185226036e-12, 16.624086314916145
315, 82, 2.586321608421201, 1.5190025473672017
315, 83, 2.7090907710915726, 3.489446770971531
315, 84, 8.3758500185548, 3.795227457846688
315, 85, 3.089289641282467, 3.939256962685632
315, 86, 3.109661803632066, 5.054795391019511
315, 87, 71.71297371269165, 77.3193243175458
316, 88, 71.87599329636298, 77.12975633137245
318, 89, 420.3483796713075, 62.7240481191825
321, 90, 283.15109042234775, 27.933258187898574
322, 91, 37.65891013428448, -2.545207218759798
322, 92, 61.31258040194927, -0.21178467910318152
322, 93, 64.03133841225474, -1.2839131692958692
322, 94, 62.1451590838243, 7.699399381020074
322, 95, 45.92347984196401, 3.15094683566569
322, 96, 39.75026423804131, 8.747486971898917
323, 97, 82.11307858803791, 4.0815092751228885
323, 98, 91.93311240379404, 27.727771280245932
323, 99, 232.8479465337988, 19.91805213075695
--end of generation dispatch
