--generation dispatch
bus id,unit id,pg(MW),qg(MVar) 
101, 1, 16.68541218613645, 1.9776913992367708
101, 2, 10.40519875213117, 6.756463972358932
101, 3, 40.55043193260463, -5.209087871174217
101, 4, 40.55042931120255, -4.13405021901825
102, 5, 16.39710937816098, 5.235328093986411
102, 6, 19.574212867685862, 6.112277061263309
102, 7, 59.333016858152114, 7.111997027971236
102, 8, 59.33306677826552, -8.343177529194827
107, 10, 32.258386755043944, -7.01729130430357
107, 11, 40.46784205470052, 3.254710265993892
107, 9, 50.28748949049759, 24.70556354738924
113, 12, 36.01035115907162, -14.575319810534848
113, 13, 86.76473566023074, 35.276642693096406
113, 14, 115.26670888959075, 9.545694400194673
114, 15, -1.263953909302656e-13, 33.43855381443869
115, 16, 6.361913853703178, 2.7076853437735804
115, 17, 0.8572436847242378, 2.9578130728722494
115, 18, 4.1163891860536905, 1.3552597155255688
115, 19, 3.477349480844449, 3.5237181169065095
115, 20, 6.911540168400705, 1.904773239356227
115, 21, 18.173544723071835, 46.41563027714338
116, 22, 35.24847006400862, -22.696258720889112
118, 23, 430.8747373818913, -20.843087885838383
121, 24, 451.37090367484785, 147.96081236896418
122, 25, 60.410341412993496, -0.2938846712542627
122, 26, 38.694047822850166, 3.5337003144818637
122, 27, 59.54970705532503, 1.710006597647658
122, 28, 36.29008223046583, 5.26282000234817
122, 29, 38.71467508585226, -2.0562899595168975
122, 30, 38.012475007912485, -0.15933915472443616
123, 31, 65.99867356280147, -19.58591053290478
123, 32, 80.28424090489544, -50.47619450539474
123, 33, 283.9926726346315, -5.23568273078278
201, 34, 17.2844334813426, 0.86594525519208
201, 35, 18.829771906047228, 9.126681794746494
201, 36, 22.13058193697337, -2.0449621067016146
201, 37, 16.198469019916278, -3.0421172254647537
202, 38, 13.011941470768887, 4.4381186023967745
202, 39, 17.36515100587481, 3.774508604558317
202, 40, 19.864841737575038, -15.762797016470621
202, 41, 6.507320341637289, -30.939534335529512
207, 42, 68.47966644089409, 16.602862244554057
207, 43, 28.216995468743654, 5.852870028475335
207, 44, 55.778233868682385, 8.05915026530149
213, 45, 71.2018370792635, 11.46796168111472
213, 46, 41.93311498762766, -5.505146025722187
213, 47, 73.67250353312042, 4.6749838805658275
214, 48, -1.308683176094321e-13, -7.030796549627662
215, 49, 1.7262212371527734, 5.649925421217586
215, 50, 2.0451468860803557, 4.764332733087381
215, 51, 5.722536598636838, 4.111493690389847
215, 52, 3.9685431821711346, 3.1102271364923744
215, 53, 7.8178084885282315, 4.535159796624576
215, 54, 55.541005502871975, 79.84423140693829
216, 55, 36.277270412975014, 56.90613473402963
218, 56, 255.29982905611865, -22.81003910678048
221, 57, 244.65113165023294, 57.35631193917153
222, 58, 55.859884950073216, 8.155404457638559
222, 59, 43.57132476961405, 4.427015730134945
222, 60, 35.33415096320376, -1.910964329386375
222, 61, 38.20753605311901, 2.2523140639575754
222, 62, 40.170311762226525, -1.1036414436467867
222, 63, 56.23639175642446, -2.893070056740042
223, 64, 64.84330111869514, -23.42171828075147
223, 65, 94.55832569425947, -33.035688947529536
223, 66, 101.81507144496949, 49.037568438495846
301, 67, 17.29289655732328, -0.8390981215666925
301, 68, 16.890215227216224, 0.33866176010533305
301, 69, 42.23355748348355, -8.203084240097223
301, 70, 32.01439900749136, -24.352827097635583
302, 71, 21.984405168287985, 0.2515830110328309
302, 72, 14.199323553726476, -0.6998327053037261
302, 73, 15.465335729204822, -15.04791836948265
302, 74, 39.777198495898176, -16.47771550158821
307, 75, 39.5566743238905, 12.913265872275128
307, 76, 32.32767848474641, 22.454522344510227
307, 77, 56.68625816478936, -14.941193530031303
313, 78, 141.05929221633906, 6.964849779279787
313, 79, 127.0584870720711, -10.391558437727204
313, 80, 54.65351809617772, -15.892781458413687
314, 81, -1.266284116850273e-13, 23.688406433938816
315, 82, 8.416064550217715, 2.261834889737581
315, 83, 3.846582660830805, 4.099917149895147
315, 84, 5.975665793723041, 4.892121135072082
315, 85, 2.121285617117505, 1.2651443856470792
315, 86, 3.3138220277870247, 2.205196149811933
315, 87, 41.33847482178685, 86.86697930339841
316, 88, 34.258831393979605, 44.56655641775011
318, 89, 331.2092515585015, 52.69238854609436
321, 90, 306.99326446063486, 27.107060286592567
322, 91, 36.55356503066736, 5.534857692735842
322, 92, 64.86670483111533, 4.516760141014317
322, 93, 47.452268027450316, 2.2526348861123546
322, 94, 44.997136573988364, 6.692407170698122
322, 95, 64.764650906186, -0.6281477013414445
322, 96, 46.79417378244119, 1.0368625846348676
323, 97, 114.54698264773305, -9.493993571755984
323, 98, 3.7188299242905183, -9.121106347222472
323, 99, 242.11337317330467, 18.74570455067099
--end of generation dispatch
