--generation dispatch
bus id,unit id,pg(MW),qg(MVar) 
101, 1, 12.412045349061618, -1.810830015567356
101, 2, 19.227994585473695, 1.5275597260560558
101, 3, 44.655914410729565, -21.299822153332485
101, 4, 44.65728501371787, -23.015528462606913
102, 5, 16.885577379379434, -4.498154167534644
102, 6, 19.183738055154276, -0.974677256340534
102, 7, 61.65489146856265, -10.249520619565322
102, 8, 61.65446318525446, -5.2432095756523465
107, 10, 30.62858926587959, 7.727507284313841
107, 11, 24.512014806272347, -9.18508820899685
107, 9, 48.04429585747751, 8.473708463901133
113, 12, 15.387782997838466, 2.8553192217193173
113, 13, 83.03525590234086, 0.13818200728655303
113, 14, 140.63443038682868, -32.08204824014259
114, 15, -1.689144909021681e-13, -24.854741429626817
115, 16, 5.146854540352781, 4.261120491705652
115, 17, 3.645731425529038, 2.5768234595452806
115, 18, 4.391356033878877, 1.226985101618737
115, 19, 5.408029675612305, 1.8062096232153189
115, 20, 7.253281116787734, 4.520196175871356
115, 21, 54.46346808440587, 35.47242824037917
116, 22, 106.62249472290955, 2.9137535895874938
118, 23, 407.2333243967196, 76.18619577759848
121, 24, 430.9162483633737, 160.91047603074244
122, 25, 43.11043199465298, 6.109911174304651
122, 26, 49.10537562414335, 1.7722291389561025
122, 27, 45.270927307072036, -0.5451373753525001
122, 28, 58.71665555132217, 5.307703983228954
122, 29, 36.90165614557964, 1.055546266829392
122, 30, 45.01583900386987, -2.001977316737167
123, 31, 48.29280944731763, 12.59084586059193
123, 32, 115.7234633822794, -30.07029802042168
123, 33, 148.26687731871456, -4.2629560504089214
201, 34, 9.673732095475026, -3.9783785937421254
201, 35, 14.238865062111037, 1.360609367845618
201, 36, 20.973896731615675, -22.358605110577773
201, 37, 36.32582705890613, -11.631165255858411
202, 38, 14.601365554435793, 4.4327264189003115
202, 39, 11.728341911221062, 1.368217674078711
202, 40, 20.181735787898848, -9.486804237935546
202, 41, 20.18166696388829, -36.226224364971486
207, 42, 23.523118424497238, 15.538445300787396
207, 43, 1.938743450312916, 2.487779663401231
207, 44, 31.437348141407988, 11.561416017249492
213, 45, 123.23557022429857, 16.419801234772052
213, 46, 62.066830752363444, 1.2016517660311512
213, 47, 44.63983372577635, 10.875419198330198
214, 48, -1.7021590670428242e-13, 37.646559287635704
215, 49, 5.944345734479915, 2.4383842296750524
215, 50, 1.3456573706559727, 4.794165056189695
215, 51, 4.033876586686931, 3.3116832183016185
215, 52, 6.375678932876639, 4.136179610424525
215, 53, 2.097088149529729, 4.782423981325781
215, 54, 71.31505576997252, 99.90860929812018
216, 55, 77.68410146661881, 56.94265973057334
218, 56, 314.7785906426556, 65.5519868165358
221, 57, 340.54566265895346, 40.913248892389085
222, 58, 57.92600702711814, 4.875956341623407
222, 59, 62.21161884703038, 8.349044379480457
222, 60, 43.126016985499085, 4.943480125864372
222, 61, 59.51698298313892, 3.106556991703842
222, 62, 36.62163542573719, -1.6424978550142633
222, 63, 37.247992063437394, -2.2356193470647168
223, 64, 98.09174191118187, 12.530983630138408
223, 65, 78.50903166942287, -0.520426961835629
223, 66, 199.26450266369534, 66.87511120097741
301, 67, 21.716520676970408, -3.158712381276351
301, 68, 17.027491775790484, -0.3310117364309889
301, 69, 5.716495207403542, -34.775855847659344
301, 70, 21.809650376485056, -19.71042184582459
302, 71, 13.913201402029904, 3.0883820113120644
302, 72, 17.250625357693743, -0.034791045506124
302, 73, 12.552298394910139, -14.879841797868616
302, 74, 21.31776210607858, -8.856554006280804
307, 75, 34.3001449065202, 9.853718800720939
307, 76, 45.59386498792171, -12.83187580739861
307, 77, 7.321145508111857, 15.020676264636242
313, 78, 103.7664122695481, -12.789722142076753
313, 79, 72.10040199512981, -0.21677140704114434
313, 80, 75.03490902399554, 8.153651790588581
314, 81, -1.6076657652727265e-13, -3.8802246394749025
315, 82, 5.80922390168058, 1.0006626401324137
315, 83, 3.6590461818480557, 3.5508369617042517
315, 84, 3.9595326357040848, 2.890594024972394
315, 85, 2.9966564921310765, 2.1318294911864646
315, 86, 4.00075474795208, 2.70441035558528
315, 87, 45.694779752680866, 62.50829761938713
316, 88, 52.13617365115209, 59.49895997427085
318, 89, 294.77830963860094, 89.66438573682431
321, 90, 424.3185779564804, 30.262796522380928
322, 91, 38.886586250027946, 8.481379746450246
322, 92, 48.8019463133225, -3.40121128762663
322, 93, 51.80984240418174, 5.492749023588983
322, 94, 45.89245162133868, 1.4536210144108819
322, 95, 53.93161502127565, 4.205413024904873
322, 96, 61.81843432058215, 0.655656046911423
323, 97, 64.84114755021876, -4.948460816619148
323, 98, 85.53325430627987, -28.59423325338606
323, 99, 99.10742759209873, -11.72957408747443
--end of generation dispatch
