--generation dispatch
bus id,unit id,pg(MW),qg(MVar) 
101, 1, 13.404456011754217, -1.508036320182762
101, 2, 19.230482637288375, -3.2829574658782614
101, 3, 30.98849577167071, -25.331787186734353
101, 4, 6.387392347647012, -16.87855263895821
102, 5, 11.312962592692525, -1.0405720747325722
102, 6, 12.284451075270917, 0.3217943179642515
102, 7, 46.03681353822342, -7.364536054768212
102, 8, 9.450029694711912, -25.064076856171422
107, 10, 23.999960958130107, -9.055403360211706
107, 11, 40.54930887311662, 25.901435608077172
107, 9, 12.8379067255768, -8.6101956078665
113, 12, 87.69307015781804, -10.466364225317763
113, 13, 62.55778678975175, 6.246693977766506
113, 14, 62.91508339982117, -11.891839457425347
114, 15, -2.1902201240052887e-14, -13.300503914234794
115, 16, 0.7435737498194556, 4.4646315824438405
115, 17, 4.172230804045143, 3.6050605907257323
115, 18, 7.411814295873193, 1.6816344095172462
115, 19, 0.9271229225484261, 3.87496134782245
115, 20, 4.915491898621796, 4.029428814573771
115, 21, 71.64254526080907, 69.35734321459682
116, 22, 76.36381268207283, -2.753910559168197
118, 23, 479.4836094827079, 48.70298009074618
121, 24, 299.6080763863015, 71.03887344369114
122, 25, 38.595826548769686, -0.4451270759997031
122, 26, 62.548595985643196, 6.227112922140943
122, 27, 47.484451823182035, -4.309146273913622
122, 28, 42.157301620825756, 1.681092268503799
122, 29, 50.3095762895081, 5.174391944233159
122, 30, 48.958570086177055, 4.190758019621941
123, 31, 85.57563414133865, -41.03942815401757
123, 32, 85.57563675081568, 3.380484603051278
123, 33, 106.29750720938917, 32.26728054272718
201, 34, 20.1085440666336, -1.504914708436162
201, 35, 16.87272797795459, -0.2975103335878231
201, 36, 12.651768553204212, -24.199241090910242
201, 37, 11.900459295529057, -30.793201002295095
202, 38, 14.856328470992896, 3.7372811473974266
202, 39, 17.916567498840113, 6.535009742786889
202, 40, 12.013969103018928, -35.7475022158679
202, 41, 43.13141649797159, -27.77837044127574
207, 42, 17.19016581667795, 24.95622624238427
207, 43, 57.500791916048684, 20.114515251400054
207, 44, 9.899951850635087, 18.216750403339276
213, 45, 42.39690759547211, 26.301700510082526
213, 46, 144.7033840549893, -2.7962372391522097
213, 47, 51.389382597290854, 4.181923725707836
214, 48, -2.2606455426339768e-14, -69.59676464734437
215, 49, 0.7721547897249864, 4.318172238197107
215, 50, 2.3415768168933138, 2.5159966847962485
215, 51, 8.672701488183819, 2.970843348686551
215, 52, 2.3151430874757306, 3.850576652966384
215, 53, 0.8961893878592532, 4.783976447252821
215, 54, 90.71274095223885, 59.08850379816744
216, 55, 92.23805918860793, 55.709515642676685
218, 56, 464.0002887734348, 87.28726611838738
221, 57, 390.139029774951, 84.96275894684334
222, 58, 49.033038923301326, 3.504623695960432
222, 59, 51.10680673948357, 3.0244659287454523
222, 60, 42.626767155964465, 5.963690123925343
222, 61, 52.00940937015095, 4.059840198002451
222, 62, 58.676838385657014, -2.7255982429832453
222, 63, 61.86746602856422, 8.700942017672952
223, 64, 93.4881074725097, 1.198161586433816
223, 65, 93.48810786687122, -77.04911110069663
223, 66, 213.70551329286144, 44.873961930212815
301, 67, 18.051530097838096, 1.7492867495829405
301, 68, 14.642225032120301, 3.5563778855611323
301, 69, 14.624781663668845, -27.052356172364117
301, 70, 13.875075372405826, -43.93009297889146
302, 71, 20.617226084639395, -3.0306375444867393
302, 72, 15.065549370354804, 1.2986887555571378
302, 73, 35.762428701901506, -20.207907731703585
302, 74, 14.285521494016136, -31.003746309596895
307, 75, 8.070104977920083, 10.124856836253622
307, 76, 38.77809647248119, 10.510721241138029
307, 77, 19.739829058630402, 0.8399540629893089
313, 78, 97.25092255706697, 6.6139475174779605
313, 79, 39.01247894532685, 0.42910902432649906
313, 80, 56.26893040982199, -1.7815701423105497
314, 81, -2.2057113586993033e-14, 40.04480816170996
315, 82, 0.9607780937192405, 1.015238179502678
315, 83, 3.9954142300828384, 1.59674531516607
315, 84, 1.2786861219339298, 0.9642670369345209
315, 85, 3.086858910700328, 1.84747260645428
315, 86, 3.3295365558183923, 4.495675783389852
315, 87, 98.51375007297533, 78.66408085382758
316, 88, 104.04953829697179, 66.24529452577126
318, 89, 310.67836307387677, 40.12043734270424
321, 90, 417.61647282560506, 48.40403037277412
322, 91, 64.06151313547737, 1.332989990074293
322, 92, 35.648664589773325, 4.82882236145004
322, 93, 44.80907285799032, 5.256248667225174
322, 94, 43.60591253711602, -6.327035160418579
322, 95, 55.20861777689999, 0.9322507129770264
322, 96, 63.52416722549816, 1.1434130331270504
323, 97, 109.25458055004334, -5.5816582881236965
323, 98, 109.25458012172149, 31.85961975845845
323, 99, 151.17030041604733, 22.817397157964894
--end of generation dispatch
