--generation dispatch
bus id,unit id,pg(MW),qg(MVar) 
101, 1, 11.4596764187518, 3.53189314373056
101, 2, 17.378980070379715, 1.5180954887326017
101, 3, 60.87535186286133, -21.02232614405705
101, 4, 59.27083205601518, -4.386712280026034
102, 5, 16.209357282045637, 2.5247161715874555
102, 6, 13.04825366551653, 3.447616281952606
102, 7, 80.3370488949605, -19.982509359103556
102, 8, 66.48956596249225, -11.053166854070293
107, 10, 43.606485590754566, -2.386738318229433
107, 11, 68.34098319856, 18.87210079640552
107, 9, 7.861971768380499, 7.775817771794589
113, 12, 58.72272700179364, -5.089864609562832
113, 13, 73.57311161148316, -23.714611702923523
113, 14, 108.54580652641603, 7.159279263415425
114, 15, -6.457449401562438e-8, 53.619478945968936
115, 16, 9.099577660962748, 3.514697231663954
115, 17, 7.464269944064823, 3.2253460208889013
115, 18, 2.366527384265341, 2.2539803306031367
115, 19, 7.173249006462037, 2.6921971040500234
115, 20, 2.2704132180698124, 1.5603828657757872
115, 21, 69.82175604726365, -12.046451582374884
116, 22, 80.67560070914992, -10.063382621220905
118, 23, 407.71694928684997, 80.70478354188303
121, 24, 313.9121681001068, 52.57615342749627
122, 25, 44.28788897736319, -0.030045448525258592
122, 26, 30.949638697934432, 7.542696352752166
122, 27, 29.11954260910515, 0.0529318391348882
122, 28, 36.89150406510961, -1.894902683594002
122, 29, 30.273555403734235, 10.055219724694703
122, 30, 45.08335042244591, 6.463490753230231
123, 31, 134.37115918940657, -24.26675183211259
123, 32, 87.96091724043092, 3.3668970965638536
123, 33, 221.51564643126113, -33.72795149694875
201, 34, 15.314708455596794, 4.637993585757248
201, 35, 15.23609187359373, 2.829467054919313
201, 36, 48.69575125315547, -1.4478978351227545
201, 37, 75.61600752550302, -29.78664530059789
202, 38, 13.75759521729263, 1.5629159507397112
202, 39, 17.795160799241476, 6.013213036801116
202, 40, 72.93655716386405, -12.330478878656022
202, 41, 74.94024320974454, -5.765726514267163
207, 42, 45.19811771128253, -4.714983914002671
207, 43, 31.330013219509624, 4.328883461692334
207, 44, 44.01315803895139, 23.72096861860368
213, 45, 19.458254793253374, 43.26961569780917
213, 46, 16.849373066957654, 32.34649358087882
213, 47, 36.6536238293789, -1.6578560399191955
214, 48, -5.98244469859669e-8, -45.36262445127525
215, 49, 4.811387692380726, 3.5918544385899738
215, 50, 7.09282453513709, 2.3515948874958434
215, 51, 4.749035550222054, 1.0469948600929397
215, 52, 1.8007582046698725, 2.8550580577157465
215, 53, 8.390557135850107, 3.624957665709175
215, 54, 82.82677194378931, 18.86320042780471
216, 55, 55.161182957858294, 0.4545745310529233
218, 56, 255.51406181616284, 76.41016826206884
221, 57, 185.13978041639288, -6.82483811566748
222, 58, 37.458661780817586, 0.53038696325453
222, 59, 43.104147107943035, -0.048430484541116495
222, 60, 32.397934606110525, 1.8378269159493974
222, 61, 35.5092738619959, -3.9205153379205133
222, 62, 38.24845175168608, 7.618606636722497
222, 63, 20.811050664071452, 7.14350637412036
223, 64, 82.08844799695817, 38.990294135939294
223, 65, 70.56280422584904, -65.02105992217197
223, 66, 118.18993492256023, 78.89322928958231
301, 67, 20.57110819724536, 5.659448780575094
301, 68, 22.83026678719071, 1.895799283216701
301, 69, 36.7960812251381, -18.413641018499494
301, 70, 39.47145266481134, -0.9845551047833405
302, 71, 17.984377987215517, 3.1315461562586693
302, 72, 22.019618531343266, 5.6625975665258395
302, 73, 59.302330549330996, -23.712929764125924
302, 74, 45.56035975137232, -0.3302695630445667
307, 75, 20.3776903804066, 7.955771512135218
307, 76, 43.316126542628375, 21.519523366777126
307, 77, 17.439521646548954, 15.275993318379173
313, 78, 46.72752774786469, -13.665004652242107
313, 79, 56.15824632430994, 29.112823916570548
313, 80, 12.855133881746582, 30.015717699570203
314, 81, -4.9601151756034094e-8, -72.48680242853553
315, 82, 2.4423132612345646, 4.073496967482777
315, 83, 8.120283285622305, 1.4819854926350449
315, 84, 3.305957163846018, 2.488636664847327
315, 85, 1.1766677504865748, 2.1726768657827473
315, 86, 3.944452237647249, 2.0902106718840407
315, 87, 84.27515720863862, -16.416247488404213
316, 88, 81.65052931188349, 52.32958728768262
318, 89, 319.9428798731827, 3.2510433503656433
321, 90, 399.3148631590637, 81.76414951650243
322, 91, 40.86407084741383, 8.768957634886942
322, 92, 26.750017663274914, 0.6671049178336763
322, 93, 46.90223568998541, -2.8672761835940865
322, 94, 36.989642813908695, 5.648616620246053
322, 95, 47.66639158831123, 6.844781316026617
322, 96, 35.22160048478846, 3.8252208985397664
323, 97, 81.19261406628075, 2.9401634956402805
323, 98, 147.05710339400386, 1.924658996675919
323, 99, 340.5804378392923, 13.597434708244382
--end of generation dispatch
