--generation dispatch
bus id,unit id,pg(MW),qg(MVar) 
101, 1, 19.813276680408528, 2.310395425550464
101, 2, 15.857014960279812, -1.80638745161047
101, 3, 8.923841915617517, -13.641798015302381
101, 4, 48.489196133355264, -31.216000653118773
102, 5, 11.235938802460588, 3.899397769804419
102, 6, 19.99329411602646, 3.498625491412274
102, 7, 44.09523353084646, -17.322686872416487
102, 8, 43.585223675072996, -6.634944670376232
107, 10, 58.43524446323569, 34.53743449483232
107, 11, 66.12145636233174, -1.0826724435063138
107, 9, 17.08804216814681, 1.3878362818203969
113, 12, 73.28726868817417, 25.78498538334865
113, 13, 80.89855154539946, 15.40411102477147
113, 14, 84.60289835509282, -3.2190749357832003
114, 15, 1.2541459567944868e-9, 38.76690314124018
115, 16, 5.725143234738691, 0.9442999734631663
115, 17, 3.8491220168853038, 2.142177759076037
115, 18, 6.91001901809424, 3.8103292916053824
115, 19, 6.395438387969911, 2.9857098670260207
115, 20, 3.4921409307560087, 4.047217042828209
115, 21, 65.13834776884518, 52.60291871513479
116, 22, 125.25310908826579, 55.59051391181401
118, 23, 365.63434200872007, 24.524642221932957
121, 24, 373.60978767067996, -41.04553564356133
122, 25, 48.08440584771576, -3.4457531266675194
122, 26, 40.040372222659975, -9.816742403168268
122, 27, 56.48984243778572, 4.1441030140480315
122, 28, 57.092278976063135, -7.992524425661064
122, 29, 53.183217614250225, -9.16182806375992
122, 30, 40.75587861572089, -7.3743786867445
123, 31, 12.30875627975152, 10.239105622676956
123, 32, 19.84969754212146, 30.639605218900076
123, 33, 87.13761253132458, 76.09072384431025
201, 34, 17.64519379119845, 2.8652271960070386
201, 35, 14.945439001741688, 8.268404964122105
201, 36, 21.43746877103164, 8.784075075981068
201, 37, 21.376822624962976, 13.066160725835509
202, 38, 15.624430917950958, 0.43938826625339805
202, 39, 20.80672461796081, 3.5894089842855625
202, 40, 21.142086420133648, -25.976468338862325
202, 41, 25.338909996213037, -36.15483329055452
207, 42, 47.752887708490455, 14.053111099856983
207, 43, 70.54645304506437, -19.247885510445684
207, 44, 43.353821139351886, 4.902000554765932
213, 45, 47.212595624003065, 24.614911799203707
213, 46, 121.93735392316924, -11.315382196738524
213, 47, 120.87981644973037, -5.168816128002282
214, 48, 1.233184627330759e-9, -46.116810307499364
215, 49, 1.8954813842174032, 1.7757839234300192
215, 50, 0.2668389711527219, 3.236121240250887
215, 51, 3.0787679787540285, 5.5404642562848325
215, 52, 2.8422885892387533, 4.718586463855872
215, 53, 4.59574822040419, 1.80826958156361
215, 54, 93.20752925419333, 41.16828742953761
216, 55, 54.6267795041768, 34.862971271511505
218, 56, 393.06466984183135, 19.56856170210172
221, 57, 393.1215743338953, 100.21171742514161
222, 58, 61.09945851026157, -0.6312029525016983
222, 59, 42.32035803913708, -2.294617863686368
222, 60, 46.64327239345395, 5.60587164807543
222, 61, 62.509458313297536, 3.777143514644124
222, 62, 44.650727102985506, 6.097569588574561
222, 63, 43.70871691216906, 5.9032028766771125
223, 64, 44.662956312264214, -24.171315979259564
223, 65, 91.28399895178232, -33.18693932473611
223, 66, 250.57438614263665, -8.462378607626112
301, 67, 14.945805004979297, 3.011040456701986
301, 68, 17.932695449960157, 0.8670633818880037
301, 69, 18.628999149782175, -9.330025652815614
301, 70, 18.677410003913312, -36.09283818500338
302, 71, 19.35620874070546, -1.2572552869801776
302, 72, 14.710144404055681, 5.1245314183300295
302, 73, 18.47995023294001, -23.821766045097824
302, 74, 10.297091668490808, -13.394481151076915
307, 75, 11.640260162970014, 8.79285697081777
307, 76, 15.975829153525142, 16.647709830447777
307, 77, 15.485669891949518, 16.557458955848038
313, 78, 45.62800121249225, 46.46919032192949
313, 79, 22.560461996704987, -5.718306217493487
313, 80, 114.26265742281173, 18.937193159428947
314, 81, 1.2039325825102964e-9, 81.27566906153605
315, 82, 6.766825535784437, 2.4005942221769674
315, 83, 0.6250762809335589, 2.921383513333132
315, 84, 0.7784740147123201, 4.621220801334773
315, 85, 3.935178221818568, 2.3538297553904837
315, 86, 2.413845337526729, 1.920706542578204
315, 87, 34.27892838536089, 51.619010351611266
316, 88, 48.861041149621, 52.616888584202734
318, 89, 436.2336816157329, 63.97357696072031
321, 90, 414.3379255847376, 102.88040283153175
322, 91, 51.519081367190815, 3.033502870338033
322, 92, 55.03541469914816, 1.3237806100667864
322, 93, 39.889439017859765, 2.4888475621238353
322, 94, 35.25607540812863, 3.0330259473407883
322, 95, 51.18913355476341, 3.5439126294462784
322, 96, 35.443528059971534, 10.346593524525023
323, 97, 25.665214445637876, -22.643829338816825
323, 98, 32.31883722403906, 1.7181993779400722
323, 99, 229.98043017129046, 69.34084819879892
--end of generation dispatch
