--generation dispatch
bus id,unit id,pg(MW),qg(MVar) 
101, 1, 16.18434136614401, 0.08397285137563053
101, 2, 11.67926172710589, -5.066900535000858
101, 3, 47.69179909147046, -18.159122727854207
101, 4, 25.560066905385792, -10.877486248228898
102, 5, 11.823075363809577, -3.2861249071764664
102, 6, 18.79184244671885, -1.2318815182392642
102, 7, 43.42380024610861, -22.606058253670568
102, 8, 43.423796734376666, -13.532173397390231
107, 10, 21.296816086635975, -21.875080640558007
107, 11, 72.96043862146603, 15.95970497063641
107, 9, 29.81684061023995, -2.1235703354055406
113, 12, 55.68284843803503, 0.16330567878541238
113, 13, 101.79374045911221, 23.33808366603538
113, 14, 76.0480968068359, -39.519252716034316
114, 15, 6.418370282373466e-12, -17.863872556973433
115, 16, 4.190242249474646, 3.1674697007241255
115, 17, 3.6518002029624257, 3.7479172764504782
115, 18, 3.8661038028562773, 3.1937986402667544
115, 19, 7.5782730257964595, 3.2895729342751268
115, 20, 0.9528325951468961, 3.3080662638739478
115, 21, 60.02816989430336, 27.61916701381245
116, 22, 14.786882978048785, -27.2521709504101
118, 23, 507.1498953222597, 88.0826281780045
121, 24, 507.4315979562129, 165.01066185525653
122, 25, 43.15414680408906, 3.6767982249726643
122, 26, 58.85229421787563, -6.007509647105751
122, 27, 64.53563656665982, 4.789403627114505
122, 28, 52.254986031992765, -1.026165096363493
122, 29, 62.029115755657116, 5.014058679997703
122, 30, 47.07639071632761, -2.175269509259022
123, 31, 50.88630094778025, -32.39306234923414
123, 32, 66.41945527350315, -24.36629827954192
123, 33, 97.86005427035342, 45.12277215648504
201, 34, 18.520115314444954, 6.23763579280235
201, 35, 11.34912613227823, 1.0386059769901166
201, 36, 36.50557344771679, -35.843807182089705
201, 37, 20.507979784874447, -5.728588907205457
202, 38, 18.458811579730828, -0.5453340518581539
202, 39, 19.33661901134237, 1.7022741938488992
202, 40, 46.21120278894906, -15.342682792620558
202, 41, 46.898807652907266, -20.25033802501454
207, 42, 24.42527310025085, 23.542111885524044
207, 43, 4.434238496713355, -5.4754886222545815
207, 44, 16.185879074280034, 1.6275588114190676
213, 45, 121.51737188849239, -1.8642596757297594
213, 46, 43.553062240782936, -12.237882441858014
213, 47, 30.174508334851634, 7.466293814458031
214, 48, 6.768279824767996e-12, 23.378169414743667
215, 49, 1.2202289297214703, 4.685300160013094
215, 50, 6.105680017780109, 2.9008313016001988
215, 51, 4.082738599275069, 2.826072686579147
215, 52, 3.6486981051918113, 2.6246556719107312
215, 53, 1.2931740051290213, 2.0729499839102887
215, 54, 57.10539540080932, 82.78801924198775
216, 55, 58.13916591572962, 12.110622724732853
218, 56, 290.5860167789735, 74.09279475104087
221, 57, 442.04477208207646, 49.03988751687395
222, 58, 53.34353320080564, 1.9142884449373307
222, 59, 42.34718940000757, 0.1152231044677698
222, 60, 61.008881349244724, 1.6516593472243402
222, 61, 62.898361527023475, 4.064018495900741
222, 62, 58.60795078811944, 6.732756613380856
222, 63, 37.27699269786254, 9.344010620627405
223, 64, 76.51309623742993, 0.3162175810782748
223, 65, 76.51317991574604, -26.0392018665471
223, 66, 89.12361450398008, 42.703376221880745
301, 67, 11.577986100361164, -4.9496624668844635
301, 68, 13.16110166006451, 1.3348432726517332
301, 69, 19.737701658970497, -41.47035359235802
301, 70, 48.63500808293325, -20.7373668175699
302, 71, 14.835686540822948, 1.4453770154919958
302, 72, 19.26519929649504, 0.13028157602984536
302, 73, 29.640788155770593, -19.222207351619556
302, 74, 10.15843774797093, -27.598050441733466
307, 75, 1.5099055520394773, 34.82324292365329
307, 76, 5.820708263445786, -7.945816898969374
307, 77, 25.834357311494898, 10.27921999070309
313, 78, 109.51250393465956, 4.712435365680932
313, 79, 112.49551961476297, 43.29602196902024
313, 80, 76.22322378734555, 4.686742525274067
314, 81, 6.707722035994687e-12, 22.813713311245664
315, 82, 0.5118708539682427, 4.0335096878435435
315, 83, 0.7775178612184229, 2.1150109886956585
315, 84, 2.676902579977238, 3.3697928642605066
315, 85, 1.698719097055673, 3.702831741490714
315, 86, 5.520662793304898, 4.463396530991892
315, 87, 78.92779308190643, 60.15822521889364
316, 88, 82.30166035292474, 44.58989949650874
318, 89, 461.84392221753814, 78.35133306518456
321, 90, 310.7674052801183, 69.77281610526778
322, 91, 43.85315591949939, 3.6971825696876737
322, 92, 41.13268688335985, 7.597798438590896
322, 93, 61.349859510231475, 3.021274763175791
322, 94, 55.19802201321318, 0.4375600242029578
322, 95, 49.57383795656233, -2.0802572930580108
322, 96, 42.54076859462648, 1.79195434285804
323, 97, 79.81418585014988, 36.35217828384698
323, 98, 79.81426230835575, -7.563312292226269
323, 99, 140.36345666992236, 80.05154681360196
--end of generation dispatch
