--generation dispatch
bus id,unit id,pg(MW),qg(MVar) 
101, 1, 21.098100964323212, 0.6922900748572844
101, 2, 19.122692523809185, 2.3215245519843806
101, 3, 49.482353274702106, -13.858916346361566
101, 4, 14.439019432627232, -7.952064016465429
102, 5, 12.226109541328631, -2.710762163611247
102, 6, 13.014447988285033, -2.457901789153627
102, 7, 51.810975816955384, -35.080824319156704
102, 8, 51.81932373005505, -3.595652673624169
107, 10, 70.97245161616246, 18.41985326742033
107, 11, 27.818695647758346, -2.841754736063221
107, 9, 23.747482105398994, -9.612212010175266
113, 12, 83.28261246071871, -15.743502144923525
113, 13, 71.08704111774445, 15.922581971557182
113, 14, 85.32571415471642, 31.246602588643082
114, 15, 4.5799764920580916e-12, -18.18912397676779
115, 16, 6.486847915366036, 3.700467320931346
115, 17, 4.0197004478585265, 2.559668938215351
115, 18, 1.3108625439993127, 5.156934338727522
115, 19, 3.133646196111115, 1.2350029724906335
115, 20, 2.570897539188096, 2.850348788539157
115, 21, 60.766710758321516, 41.44654861426872
116, 22, 104.75745263196363, -2.7135782593011273
118, 23, 298.0404162596603, 51.97514565607421
121, 24, 335.37453057272086, 36.38466905150671
122, 25, 60.48844341138615, 2.871234566499658
122, 26, 49.80428673932396, 8.374882031824436
122, 27, 64.85183097859469, 5.85011851978384
122, 28, 48.13048621260633, -0.4730041697059408
122, 29, 46.006595730609554, 0.9268895014695768
122, 30, 40.322181135749375, 2.2236413088135314
123, 31, 61.348538117608406, -18.069693018059862
123, 32, 61.28107225300171, -62.97474705589072
123, 33, 173.51475891283124, -1.756050733826754
201, 34, 10.270235872615816, 2.4037740126278297
201, 35, 10.439044294045734, 2.9336782645559896
201, 36, 13.931362702000568, -10.74505636319698
201, 37, 42.029063977557264, -20.747866370738645
202, 38, 19.69378373361881, 1.3832132732695763
202, 39, 12.827136912190474, 0.311714868495099
202, 40, 14.454817533193806, -41.10269872607956
202, 41, 14.30686968086288, -42.388476741286134
207, 42, 54.74365335363682, -7.211592435269084
207, 43, 3.565658525268264, 20.995281165210866
207, 44, 23.053148105424146, 26.126569522962757
213, 45, 63.639779276209666, -3.42384789289808
213, 46, 67.34960491986546, 21.263155839056967
213, 47, 142.32965253839146, 22.482821000200484
214, 48, 4.654179027883906e-12, 22.725187566347728
215, 49, 3.6997055220396735, 1.9211096560994725
215, 50, 0.5175651412350128, 3.5942445594469454
215, 51, 2.769542719187117, 2.723837225517798
215, 52, 3.312680060253567, 1.8638824210878973
215, 53, 0.9817827251405926, 3.7707744099330434
215, 54, 77.04711991282345, 28.856150328411772
216, 55, 81.9447304482156, 57.06319228806686
218, 56, 447.307999775308, 67.05728950825015
221, 57, 354.7485034727537, 49.698186323744
222, 58, 44.78240350214823, 6.12583784698265
222, 59, 63.089360084721086, 0.5709851263903617
222, 60, 48.78872667768388, -1.0458803518875865
222, 61, 60.537129317912125, 10.209685534366486
222, 62, 46.11775346020247, 4.057792076211268
222, 63, 59.21937216293687, 2.3714609781356124
223, 64, 92.44145487712724, -37.7354297910634
223, 65, 92.96641594860222, 2.518956611369815
223, 66, 120.03672084953705, 40.81477625806894
301, 67, 12.001077287594882, 3.917002924632887
301, 68, 10.568017020669574, -0.5429899887598741
301, 69, 32.30198550926541, -21.846197607039187
301, 70, 20.275811398258817, -31.379993013910948
302, 71, 19.59559944921949, -3.1363923674699583
302, 72, 15.01177331042358, -0.11335213428084367
302, 73, 11.231787885931473, -10.074340880158502
302, 74, 29.925676199377982, -41.32932166640299
307, 75, 54.30071894002205, 10.093856302105168
307, 76, 35.4318755291543, 21.51954758904223
307, 77, 41.061960519924774, -9.669079672247436
313, 78, 50.29460465851344, 14.230310462224844
313, 79, 103.07341405169744, -15.24594747101632
313, 80, 33.64386619568277, 36.20056443556007
314, 81, 4.665524868357902e-12, -19.23259011552545
315, 82, 1.6048558977382548, 5.1976282598122125
315, 83, 7.912581220298534, 4.085397960897507
315, 84, 6.766363094940849, 3.9557378919606854
315, 85, 1.0205717682743558, 3.351959194658357
315, 86, 2.675725522676254, 5.152233529435555
315, 87, 113.03626245428705, 79.21397053626855
316, 88, 97.85814559586953, 45.443414528845494
318, 89, 341.85640459109464, 56.91981885969267
321, 90, 319.1829043566254, 39.30581223914795
322, 91, 63.722353145951864, 6.053589175801639
322, 92, 64.32421286414241, -0.6328861742364311
322, 93, 58.55363755099212, 1.8916123526778392
322, 94, 42.81323639697665, 2.2173632287314677
322, 95, 48.71907763205817, -0.19286923125145156
322, 96, 37.69262197602087, 7.368026655429426
323, 97, 98.39590783803665, -13.739952011227084
323, 98, 98.43704999097966, -9.848304049590654
323, 99, 132.94670660687737, 23.200487123195682
--end of generation dispatch
