--generation dispatch
bus id,unit id,pg(MW),qg(MVar) 
101, 1, 20.16324149221578, 6.360917582086842
101, 2, 11.18133105676067, 3.7665034578073078
101, 3, 63.29945597225755, 15.1778738297472
101, 4, 63.29945653521194, 6.604766618070023
102, 5, 21.556193811498066, 5.172835201150188
102, 6, 21.55619378332666, 7.679711919951943
102, 7, 80.57698272751425, 3.2265612780928246
102, 8, 63.79238036913587, -13.275058135730259
107, 10, 4.491427633770883, 25.112304722686755
107, 11, 51.07485192114718, 4.590778086495107
107, 9, 20.56815981501407, 8.644568876582477
113, 12, 59.047325252009294, -8.888907262548745
113, 13, 37.5298804065536, 0.8528283600642631
113, 14, 137.82387736197586, 5.139220556333384
114, 15, 9.230811115966505e-15, 1.6015920581163987
115, 16, 3.0320060875402053, 5.286545836736379
115, 17, 8.209334175356119, 1.3149557383272341
115, 18, 6.231052744994268, 4.423711269384626
115, 19, 1.5611955991915043, 5.264126998241832
115, 20, 1.8397660623269565, 2.6754521572630385
115, 21, 156.72490513378182, 32.32677116858973
116, 22, 63.61474079125892, 14.903506786108071
118, 23, 470.2426274820964, 49.92544710125158
121, 24, 518.4516579429154, 137.19365869044145
122, 25, 55.722516887298994, -4.498347894104751
122, 26, 39.668588752801725, 0.4071212229585024
122, 27, 54.147122588883356, -1.811999635248036
122, 28, 45.52473521832304, -8.275521067105691
122, 29, 42.73484898539187, 1.4451124985042474
122, 30, 55.12534950900749, 0.05456921649027948
123, 31, 15.604686322971235, -46.00519969323375
123, 32, 53.12246688142777, -11.682092292302906
123, 33, 35.12967184653565, -27.49662411089984
201, 34, 12.551214991548324, 6.4844739920707415
201, 35, 10.103635367391947, 4.83564969215148
201, 36, 32.18529164223144, -18.53873847353024
201, 37, 38.61409269255584, -6.772993059029847
202, 38, 17.90821543309421, -1.8960800692261943
202, 39, 10.754954673455556, -1.4683643954443728
202, 40, 28.86812702163457, -15.187141786983634
202, 41, 28.753006796351134, -17.90365468005018
207, 42, 0.1716637598359654, -22.68267445649353
207, 43, 52.36134420483678, 19.462281882755004
207, 44, 49.53728068488991, 23.348079444768597
213, 45, 154.8434243781096, 36.802026704158024
213, 46, 95.00510566829011, -13.402653913287303
213, 47, 9.507063207429965, 38.30774114859741
214, 48, 6.702532962267007e-15, 73.55583193959589
215, 49, 3.050624120397288, 3.082978436315405
215, 50, 5.389498707499371, 3.8981355610525785
215, 51, 0.9064749896310835, 2.226654591678992
215, 52, 0.8843362127774329, 4.754301426784093
215, 53, 0.825875942462106, 1.814555534543955
215, 54, 92.79034229554296, -20.965843010018872
216, 55, 77.87527363051574, 21.6458748030885
218, 56, 331.20914094686634, 134.57055118871372
221, 57, 485.58628086279816, 26.461178732878356
222, 58, 42.62528759864412, 8.539342139354126
222, 59, 51.026562584743594, 4.61390182421174
222, 60, 37.21584486280822, 2.196411900196765
222, 61, 44.582510185141786, 2.5715977371204395
222, 62, 48.913454299040815, 5.218095448588835
222, 63, 43.07857135980644, 4.72346504935763
223, 64, 72.22375560516029, -0.8231992963780312
223, 65, 86.72947347286812, -30.547167523601157
223, 66, 44.726272116005184, 46.534742179292806
301, 67, 8.951560927030325, 0.02491772207088782
301, 68, 20.920111617923986, -0.013710265795749027
301, 69, 13.424413822193175, -24.118351763376037
301, 70, 15.412982561962158, -17.87877264703613
302, 71, 12.87761835020176, 0.8905611814734553
302, 72, 15.922931081241067, 1.5307529355616238
302, 73, 20.213553872114495, -27.764897978376744
302, 74, 14.106283623021492, -17.773077447107486
307, 75, 38.61387149416477, 8.578855307996113
307, 76, 14.634098464017455, 1.400176074896361
307, 77, 23.263248975713143, 11.378484700704194
313, 78, 31.63384126622119, -29.5667304613169
313, 79, 55.20871983711152, 37.7138590289936
313, 80, 94.94978547845336, 11.285369659815387
314, 81, 7.567355793123193e-15, 76.2549272937374
315, 82, 4.209831397470762, 2.2742136249115767
315, 83, 1.7824141411260788, 2.3992648184577936
315, 84, 1.6142619538832068, 3.7907283016914817
315, 85, 3.8264774773393153, 1.8485208442784264
315, 86, 2.21081516587686, 2.5668240253080006
315, 87, 33.33328080716053, 61.28862170522334
316, 88, 48.732856015335074, 49.7092641615033
318, 89, 384.43338879925443, 12.920896940876714
321, 90, 460.4238461663804, 122.06413237057703
322, 91, 56.21738032953555, 3.6947646334176736
322, 92, 42.95937422247343, 5.319561887448324
322, 93, 38.6730799619455, 1.8286280542141127
322, 94, 63.203653686714546, 2.840466428876491
322, 95, 34.990066218224555, 9.080910773742806
322, 96, 59.480913577635974, 4.769571894980215
323, 97, 115.60925989751586, 35.0936119208611
323, 98, 115.60925795298272, 26.32930419441228
323, 99, 163.2127329380534, 115.5303143524661
--end of generation dispatch
