--generation dispatch
bus id,unit id,pg(MW),qg(MVar) 
101, 1, 18.233901106589517, 5.004028549596571
101, 2, 19.940326348431814, 5.0524633882204055
101, 3, 22.986325641945136, -38.84841175975766
101, 4, 32.19973820105141, -15.212796763702231
102, 5, 20.286955983331413, -2.6321536114663298
102, 6, 20.345065237836923, -0.9677987429293008
102, 7, 30.728916334009334, -32.03588413018111
102, 8, 32.19438801865718, -20.541634788333617
107, 10, 27.17001942120561, -3.517668711731899
107, 11, 35.07136040265639, 13.878457473292235
107, 9, 23.48271320010978, 14.968833041795905
113, 12, 20.030718426508788, 34.547470061028775
113, 13, 76.87444192630065, -18.259206152950522
113, 14, 64.66332323365627, 2.2313689851966023
114, 15, -3.127009262678907e-10, -52.84773156037248
115, 16, 4.33526558057196, 1.8850915192588766
115, 17, 0.8038885092619118, 1.6324904257672583
115, 18, 2.876778896567737, 2.537626255804233
115, 19, 4.241424906041779, 2.2232540738073716
115, 20, 2.452456565600942, 3.7209185365600024
115, 21, 58.38572302736874, 70.1525637778167
116, 22, 81.70655393771207, -3.749761410826305
118, 23, 339.4279323440619, 110.33103188679185
121, 24, 384.68817529397177, 74.75960381690892
122, 25, 51.14054326220261, 3.1205659430085064
122, 26, 49.98145776816291, -1.4896348561544501
122, 27, 55.852676516299816, 2.4572197324889054
122, 28, 62.38582084899866, -7.877882873949115
122, 29, 63.94334245720554, 1.32173680392229
122, 30, 47.719890030726035, -11.122777026925409
123, 31, 58.736417480450825, 7.48602765149127
123, 32, 58.736352480381214, -58.15228048933685
123, 33, 172.77990208582355, -9.038293866357305
201, 34, 13.068584162708813, -0.33133270895062905
201, 35, 20.596617777511927, -1.1074216538620065
201, 36, 11.74256021711687, -41.37236264579562
201, 37, 11.742574935140945, -15.345160843198684
202, 38, 19.09849199048731, -2.4033705169566884
202, 39, 16.498854416665374, 6.086719508021097
202, 40, 11.716383784221264, -22.47864105680279
202, 41, 41.23982622752245, -20.76060085870053
207, 42, 24.20796736744239, 11.059990584661648
207, 43, 40.10304178059282, -7.961098551079059
207, 44, 38.94749139332413, 25.249209675880874
213, 45, 129.85857272173723, -12.318196010925252
213, 46, 18.931003964080656, -17.49172430234927
213, 47, 35.460434894654625, -4.407294699010226
214, 48, -3.177166890742225e-10, 16.639548005597465
215, 49, 3.269270468110177, 5.06630389508536
215, 50, 4.563594498663353, 4.796976907606744
215, 51, 2.3121525116932093, 2.026881256319076
215, 52, 0.08976559714637615, 3.532170040651542
215, 53, 2.8741781965273603, 3.1494577537490382
215, 54, 108.20169793555903, 64.92606164489763
216, 55, 72.11877421244039, 58.49963562290986
218, 56, 461.6409462239442, 72.20066506658
221, 57, 419.2974353131287, 53.75892297930887
222, 58, 36.923360135794454, 4.238625379930944
222, 59, 60.82617398846357, 7.220841337791934
222, 60, 39.43939154298307, -2.0244945514287176
222, 61, 38.46308051645358, -1.920744898236499
222, 62, 64.62254071396698, 5.537917675140181
222, 63, 57.098005543137724, 4.474067665118932
223, 64, 84.20445626430885, -5.21477204234272
223, 65, 101.6099518622315, -34.31890946829667
223, 66, 142.04147313100947, 69.53125358838626
301, 67, 14.861191850246689, -3.7096719247426524
301, 68, 11.59126566620599, 0.3269796176567601
301, 69, 11.618632901702941, -35.874247759304176
301, 70, 11.379289744251054, -33.036577151227604
302, 71, 13.095561481534391, 0.9713022589561162
302, 72, 12.088250792590587, -0.08355063934101609
302, 73, 10.029414556443534, -14.681274571635578
302, 74, 64.43914026693474, -3.117919348609425
307, 75, 24.47899241368024, 2.3057843973647905
307, 76, 9.110132379230032, 25.96886688794061
307, 77, 23.15221598416541, 0.8451625557829198
313, 78, 130.63231969926545, -12.991523696357275
313, 79, 76.22523476768625, 21.470332183244473
313, 80, 61.156654022566165, 40.278214169575726
314, 81, -3.187170263406112e-10, -2.8002684818062784
315, 82, 6.075678654643954, 3.3693479070155936
315, 83, 0.10122330036837472, 4.06570532724782
315, 84, 2.0848354140321, 1.7857812354208547
315, 85, 4.594884531112496, 5.03161339252491
315, 86, 1.7659022002862936, 3.815129430530851
315, 87, 89.94705983205911, 87.66671663503593
316, 88, 93.98226816843186, 62.393543348159895
318, 89, 302.1632586914459, 57.29284062785703
321, 90, 364.55506711531524, 45.49607374054087
322, 91, 58.0085188665389, 1.5423720686984688
322, 92, 58.07528704677836, 6.783566421025818
322, 93, 44.07279434200973, 5.114238872436297
322, 94, 45.87644937072835, -0.5243675324501568
322, 95, 52.531397410469765, 0.163204579768488
322, 96, 49.84631160775216, 3.575081541004405
323, 97, 93.80592330184868, -7.599117087777996
323, 98, 93.80565292612533, -30.300476256581764
323, 99, 121.89320523847987, 44.84442840045741
--end of generation dispatch
