--contingency generator
conID,genID,busID,unitID,q(MW) 
1, '1 ', 8, '1 ', 8.18778205377182
1, '1 ', 1, '1 ', 0.3222044046964381
1, '1 ', 3, '1 ', 24.626483848444355
1, '1 ', 2, '1 ', 13.788937329698587
1, '1 ', 6, '1 ', -5.319493888143764
--end of contingency generator
--bus
contingency id,bus id,v(pu),theta(deg) 
0, 4, 1.0651010009829944, 76.30403026680632
1, 11, 1.0825554148145777, -39.68358039972167
0, 7, 1.0877115364249461, 75.97807411548999
1, 10, 1.0741199500687664, -41.47572069990397
1, 14, 1.0586470028830932, -41.411105131079275
0, 12, 1.0847777093438036, 78.10134146375465
1, 4, 1.0648946089303144, -40.47341123254856
0, 13, 1.0797886921835629, 77.87932708241571
1, 12, 1.0550311893702313, -39.723006008320525
0, 14, 1.0622391523045036, 75.57853731509668
1, 8, 1.1000000005985968, -39.441579677010324
0, 6, 1.0999999999516201, 79.08495620229566
1, 5, 1.0667244043480022, -39.53122349919529
1, 6, 1.1000000011543143, -37.61958841220433
0, 5, 1.066815520341823, 77.23622321909771
1, 7, 1.0872141959784203, -40.84431054269653
0, 3, 1.0639235546711907, 75.10093907163295
0, 8, 1.099999999406312, 77.37961791292291
1, 1, 1.087240388681822, -37.60576247363315
1, 13, 1.0726770673229935, -39.272891370020666
1, 9, 1.0787821306943957, -41.93449254160965
0, 11, 1.0830483757447353, 77.07960223978388
0, 9, 1.079728735824922, 74.91341601481528
1, 3, 1.063923555818936, -41.670482308079954
1, 2, 1.0806676395625217, -38.63717498881346
0, 1, 1.0872403875565442, 79.16478362058648
0, 2, 1.080667638402655, 78.13428603723004
0, 10, 1.0749611703398638, 75.3465101417708
--end of bus
--Delta
contingency id,Delta(MW) 
1, 0.002155202371541229 
--end of Delta
--line flow
contingency id,line id,origin bus id,destination bus id,circuit id,p_origin(MW),q_origin(MVar),p_destination(MW),q_destination(MVar) 
1, 'BL', 1, 2, 'BL', 35.94858317440605, -2.4959263477321656, -35.736650780290915, -3.060839091493335 
1, 'BL', 2, 5, 'BL', 11.929608019682604, 2.8188500396056497, -11.848787817378991, -6.561025687465417 
1, 'BL', 4, 9, 'BL', 5.435079614088138, 4.056754273732764, -5.435079614088138, -3.8449267273433634 
1, 'BL', 4, 7, 'BL', 3.6645249064271272, 0.8632261152325782, -3.6645249064271272, -0.8382255716127247 
1, 'BL', 6, 13, 'BL', 30.24188989273904, 8.091978402108566, -29.706101124938243, -7.036843061497734 
1, 'BL', 7, 8, 'BL', -16.62009445594586, -7.6880586212020035, 16.62009445594586, 8.18778207133846 
1, 'BL', 4, 5, 'BL', -41.53455003665681, 8.905029967588234, 41.74697485583056, -8.234976848831593 
0, 'BL', 12, 13, 'BL', 2.371359053312858, 0.0910355067206865, -2.360786308800641, -0.08146969025722228 
0, 'BL', 1, 5, 'BL', 18.876437582056212, 2.7703189323389665, -18.69883683381434, -7.744829425707735 
0, 'BL', 10, 11, 'BL', -17.037993008109993, 3.0295257243188303, 17.250634563578245, -2.531755297033328 
0, 'BL', 13, 14, 'BL', 12.9193602087677, -0.6346213609431857, -12.6740760941193, 1.1340291745507898 
0, 'BL', 1, 2, 'BL', 35.91978208362934, -2.4870635719689744, -35.708187211661425, -3.0707323591043405 
1, 'BL', 5, 6, 'BL', -16.664634013293288, 20.51235656227044, 16.664634013293288, -19.16863855585956 
0, 'BL', 2, 3, 'BL', 31.330154564992228, -0.040196159595438985, -30.932650956180595, -3.321620743421704 
0, 'BL', 4, 5, 'BL', -41.03660201320474, 9.030244384465732, 41.244370278513315, -8.374879466702168 
1, 'BL', 9, 14, 'BL', -0.06006549224011337, 8.079522990701662, 0.131368471272566, -7.927852001237454 
0, 'BL', 2, 5, 'BL', 11.955820355254076, 2.754368714012685, -11.874997142833621, -6.4968714783594805 
1, 'BL', 9, 10, 'BL', -7.6400278456043225, 8.872088977032035, 7.6774977782351925, -8.772553946937478 
1, 'BL', 3, 4, 'BL', -12.153531465433588, 3.577861673301868, 12.251931917261714, -4.77691131738095 
0, 'BL', 7, 9, 'BL', 19.836213208432646, 8.077206029113995, -19.836213208432646, -7.650676441418909 
0, 'BL', 6, 13, 'BL', 22.22279406359371, 5.98373141586967, -21.93323330813388, -5.413495896387531 
0, 'BL', 2, 4, 'BL', 21.742117424058648, 0.7229412935441815, -21.503249930788968, -3.912039269554498 
1, 'BL', 1, 5, 'BL', 18.8584123664465, 2.8181307548517793, -18.680873284978816, -7.792417596389612 
1, 'BL', 10, 11, 'BL', -17.608461347217627, 3.10085438422783, 17.83580312929209, -2.568672347871484 
0, 'BL', 4, 9, 'BL', 5.178544495631487, 3.90608803684475, -5.178544495631487, -3.7123995171494926 
1, 'BL', 6, 11, 'BL', 21.461156457028352, -0.21226425148881845, -21.099583852251868, 0.9694425110175189 
1, 'BL', 12, 13, 'BL', -6.627249929758648, -1.971737412552585, 6.722136934907098, 2.057587560067873 
1, 'BL', 2, 4, 'BL', 21.838127010778976, 0.819912829007535, -21.5969115298073, -4.00113909432082 
0, 'BL', 9, 10, 'BL', -7.072283015739629, 8.793525642376835, 7.107029461132242, -8.701225276589867 
0, 'BL', 3, 4, 'BL', -12.25929991667897, 3.4923974007123206, 12.358797944561616, -4.6889270467557935 
0, 'BL', 9, 14, 'BL', -1.3327515202961422, 7.6393760027991675, 1.3983187821432352, -7.499905652250675 
0, 'BL', 6, 11, 'BL', 20.85588422781592, -0.21744677486299224, -20.514415279451413, 0.9325254633205873 
1, 'BL', 13, 14, 'BL', 11.609304757290289, -1.1503314588885019, -11.40712580808946, 1.5619755114296936 
1, 'BL', 2, 3, 'BL', 31.329769951672574, -0.04012612098165391, -30.932275898769916, -3.3217310521483796 
0, 'BL', 4, 7, 'BL', 3.2225844621481072, 0.7115938105202986, -3.2225844621481072, -0.6923905021876635 
0, 'BL', 6, 12, 'BL', 9.087631139354642, 2.248052888019231, -8.998608968804007, -2.0627729152866436 
0, 'BL', 7, 8, 'BL', -16.61362874628449, -7.3848155269259905, 16.61362874628449, 7.87695695219395 
1, 'BL', 7, 9, 'BL', 20.28461936237288, 8.526284192814273, -20.28461936237288, -8.075681475273313 
0, 'BL', 5, 6, 'BL', -16.117856549196027, 20.540516802395473, 16.117856549196027, -19.229282553959138 
--end of line flow
