--contingency generator
conID,genID,busID,unitID,q(MW) 
1, '1 ', 8, '1 ', 2.2183978668680266
1, '1 ', 1, '1 ', 2.641595566272819
1, '1 ', 3, '1 ', 25.286170963850328
1, '1 ', 2, '1 ', 15.408458356117919
1, '1 ', 6, '1 ', 0.26644284184973055
--end of contingency generator
--bus
contingency id,bus id,v(pu),theta(deg) 
0, 4, 1.070007901970332, 57.20432821379957
1, 11, 1.0723242174531855, 65.11516360134816
0, 7, 1.0968873373275734, 58.90487466132465
1, 10, 1.0551228662354823, 63.42753225357407
1, 14, 1.0437504479552886, 63.003425320499936
0, 12, 1.0841381800397538, 55.5307608663332
1, 4, 1.069794001069899, 67.7380733764231
0, 13, 1.0774979332632533, 55.2623399975756
1, 12, 1.0533505696437389, 64.99896722492821
0, 14, 1.0483202974664212, 52.737473328804775
1, 8, 1.1000000000431056, 70.86513199361637
0, 6, 1.10000000002648, 56.507705621917026
1, 5, 1.0703727266492056, 68.29439132376314
1, 6, 1.0999999998190024, 67.07716253186261
0, 5, 1.0704827398891883, 57.755936274768274
1, 7, 1.096786904098614, 69.43978142529207
0, 3, 1.0824163096738528, 57.718769803689
0, 8, 1.100000000038029, 60.32953721489952
1, 1, 1.0980309016038157, 70.81891898716782
1, 13, 1.0698913318610708, 65.38220511657109
1, 9, 1.0562903635752217, 62.92850178398039
0, 11, 1.073378701706699, 54.611229261018266
0, 9, 1.0585260125980733, 52.52517673368931
1, 3, 1.0824163096900807, 68.25723796664536
1, 2, 1.089978708787311, 69.55653439626765
0, 1, 1.09803090164118, 60.28170514167148
0, 2, 1.0899787089321278, 59.01969013212872
0, 10, 1.0570433617837176, 52.99308170528445
--end of bus
--Delta
contingency id,Delta(MW) 
1, 0.0022208694107789706 
--end of Delta
--line flow
contingency id,line id,origin bus id,destination bus id,circuit id,p_origin(MW),q_origin(MVar),p_destination(MW),q_destination(MVar) 
1, 'BL', 1, 2, 'BL', 44.80994267489643, -2.426045792222567, -44.487095249393064, -2.9076885522897555 
1, 'BL', 2, 5, 'BL', 17.030999975691287, 4.819528058609876, -16.86930442149196, -8.363228306367887 
1, 'BL', 4, 9, 'BL', 17.57996220322886, 10.212351041099367, -17.57996220322886, -8.32619512759021 
1, 'BL', 4, 7, 'BL', -17.036742471060258, -1.2785559544623766, 17.036742471060258, 1.7886910304409867 
1, 'BL', 6, 13, 'BL', 31.66682220950065, 9.73889283961671, -31.06675223591219, -8.55716773819006 
1, 'BL', 7, 8, 'BL', -17.03674247106022, -1.788691030440873, 17.03674247106022, 2.2183978668682585 
1, 'BL', 4, 5, 'BL', -24.377766211424614, 6.386347376990216, 24.45184542039965, -6.1526788009646225 
0, 'BL', 12, 13, 'BL', 3.027439862178028, 0.261929164121284, -3.0100836248669225, -0.2462259017921724 
0, 'BL', 1, 5, 'BL', 25.15731067951019, 5.0138528076129205, -24.84515653999931, -9.51020517273895 
0, 'BL', 10, 11, 'BL', -17.2693924450609, -1.3771898377797243, 17.489786722603924, 1.8931085323280854 
0, 'BL', 13, 14, 'BL', 15.218658169114292, 1.8740801065791857, -14.872500083529516, -1.1692890403812726 
0, 'BL', 1, 2, 'BL', 44.798077292892685, -2.4224471140103105, -44.47539989403958, -2.9118063480073033 
1, 'BL', 5, 6, 'BL', 10.648629455106148, 22.200513066711153, -10.648629455106148, -21.04212819608898 
0, 'BL', 2, 3, 'BL', 13.77865391075541, -1.5550286999105083, -13.703130340970574, -3.2944849353073096 
0, 'BL', 4, 5, 'BL', -24.106512407616037, 6.5619124242762155, 24.179293568450248, -6.3323382907387895 
1, 'BL', 9, 14, 'BL', 1.4496434695949176, 4.217801925094818, -1.4269825947974368, -4.169599208331931 
0, 'BL', 2, 5, 'BL', 17.029134548274584, 4.751609107526292, -16.86791489363037, -8.2971698283568 
1, 'BL', 9, 10, 'BL', -9.563991999133748, 5.109816551932909, 9.597514090889433, -5.020768555914174 
1, 'BL', 3, 4, 'BL', 8.041156540718362, 4.115826874064965, -7.990634213323943, -5.469172387829644 
0, 'BL', 6, 13, 'BL', 23.478128413865477, 7.293667662695498, -23.14769544087693, -6.642941987847166 
0, 'BL', 2, 4, 'BL', 22.670023961131932, 3.1865017130234037, -22.405393551378864, -6.349597953961052 
1, 'BL', 1, 5, 'BL', 25.156549645021713, 5.06764135849545, -24.84402667189771, -9.561891764648863 
1, 'BL', 10, 11, 'BL', -17.992570502792944, -1.5077134886483918, 18.232839553831013, 2.070156835789021 
0, 'BL', 4, 9, 'BL', 17.14395391796013, 9.776350070484199, -17.14395391796013, -7.999758116877729 
1, 'BL', 6, 11, 'BL', 22.620493450064288, 4.851647152457701, -22.20036378151721, -3.971843077136384 
1, 'BL', 12, 13, 'BL', -6.027942520878298, -2.0417654095590763, 6.108591095857889, 2.1147331678739647 
1, 'BL', 2, 4, 'BL', 22.738122329243396, 3.29735584863397, -22.47140887489485, -6.453353521118288 
0, 'BL', 9, 10, 'BL', -8.844360718483301, 5.230918553490028, 8.87433603313707, -5.151292206798871 
0, 'BL', 3, 4, 'BL', 7.947678416213165, 4.016580084594352, -7.898557663702491, -5.373795777352029 
0, 'BL', 9, 14, 'BL', 0.2940039036132589, 3.860094668909369, -0.2770025043564601, -3.823930414869153 
0, 'BL', 6, 11, 'BL', 21.84873920126597, 4.614494490643608, -21.457310950299814, -3.794794773680451 
1, 'BL', 13, 14, 'BL', 14.0190402434515, 1.427346787268334, -13.722519993051918, -0.8236202469064153 
1, 'BL', 2, 3, 'BL', 13.762581989364065, -1.551597208458702, -13.687230646980623, -3.2986420243287284 
0, 'BL', 4, 7, 'BL', -17.030079862869222, -1.217252212042581, 17.030079862869222, 1.7265195220425085 
0, 'BL', 6, 12, 'BL', 9.146681547045404, 2.4937136049787796, -9.05538238307102, -2.3036945736852203 
0, 'BL', 7, 8, 'BL', -17.030079862869453, -1.7265195220427358, 17.030079862869453, 2.155495405059469 
0, 'BL', 5, 6, 'BL', 10.920921647279549, 22.262427486558693, -10.920921647279549, -21.087802000699412 
--end of line flow
