--contingency generator
conID,genID,busID,unitID,q(MW) 
1, '1 ', 8, '1 ', 1.5044385313437327
1, '1 ', 1, '1 ', -2.000227702222718
1, '1 ', 3, '1 ', 29.237870418625523
1, '1 ', 2, '1 ', 13.21731340419124
1, '1 ', 6, '1 ', 3.675862222406825
--end of contingency generator
--bus
contingency id,bus id,v(pu),theta(deg) 
0, 4, 1.0482504589463315, 94.23710385754929
1, 11, 1.070622150109604, 66.35140225428128
0, 7, 1.0629773609915072, 95.27426514004729
1, 10, 1.0541754624627093, 63.85544958381624
1, 14, 1.0480365260994025, 64.1714073614976
0, 12, 1.0855525075770214, 99.42529243632066
1, 4, 1.048060229263898, 62.791415454797004
0, 13, 1.0769672738518163, 98.90837040539266
1, 12, 1.0563987571032902, 66.78305338317669
0, 14, 1.0513277008897506, 95.85119844366092
1, 8, 1.0644423384576387, 65.69417415663551
0, 6, 1.1000000003124455, 100.50928212386255
1, 5, 1.053688900153931, 64.17939810082366
1, 6, 1.1000000000324608, 69.1459246739046
0, 5, 1.0537747145005536, 95.61352648675705
1, 7, 1.0625453220372958, 63.78049030244937
0, 3, 1.0344729390252985, 90.18098593203017
0, 8, 1.0644423387343445, 97.18667086635149
1, 1, 1.069884762558933, 65.76596647447813
1, 13, 1.0702574915923677, 67.05026434442615
1, 9, 1.0571065009726965, 63.10470178619789
0, 11, 1.071094729906282, 97.77832633007549
0, 9, 1.0579354852311857, 94.62553097070615
1, 3, 1.0344729387701865, 58.74105354484806
1, 2, 1.0669448083059005, 65.22785633745261
0, 1, 1.0698847628332513, 97.2039519270782
0, 2, 1.066944808582783, 96.66693502208727
0, 10, 1.0549374843117463, 95.34766269229854
--end of bus
--Delta
contingency id,Delta(MW) 
1, 0.0018675826361801613 
--end of Delta
--line flow
contingency id,line id,origin bus id,destination bus id,circuit id,p_origin(MW),q_origin(MVar),p_destination(MW),q_destination(MVar) 
1, 'BL', 1, 2, 'BL', 17.960621013471155, -3.503569388378992, -17.905965406472205, -2.3567439985567944 
1, 'BL', 2, 5, 'BL', 13.122503072374428, 1.974877267153829, -13.028572583900683, -5.57822080445635 
1, 'BL', 4, 9, 'BL', -1.1240418747663992, 4.764222153095801, 1.1240418747663992, -4.650302014255317 
1, 'BL', 4, 7, 'BL', -9.399055955626647, 4.739765423005792, 9.399055955626647, -4.5379889807574045 
1, 'BL', 6, 13, 'BL', 36.65561818861784, 7.10560718884858, -35.893458663965816, -5.604677161994118 
1, 'BL', 7, 8, 'BL', -21.441430984669612, -0.7861833918539105, 21.441430984669612, 1.5044385314080273 
1, 'BL', 4, 5, 'BL', -61.535767107317724, 6.268956572998832, 62.000761937702805, -4.802220070563635 
0, 'BL', 12, 13, 'BL', 4.7068165352165465, -0.5158079875329804, -4.664785270754805, 0.5538362744269989 
0, 'BL', 1, 5, 'BL', 15.064477536835057, 1.4573217642295049, -14.94873881087635, -6.52707599672641 
0, 'BL', 10, 11, 'BL', -24.114109690147444, 1.9562531175513982, 24.54564509511212, -0.9460763322794605 
0, 'BL', 13, 14, 'BL', 17.301787804715076, -0.10044530811296681, -16.86061383561379, 0.9986923374620744 
0, 'BL', 1, 2, 'BL', 17.927276499065783, -3.4929933929381605, -17.872825204118726, -2.367943791952939 
1, 'BL', 5, 6, 'BL', -42.720890587746375, 15.56537722720401, 42.720890587746375, -11.48916134004628 
0, 'BL', 2, 3, 'BL', 64.35268456690164, 3.3011101962880502, -62.629382603934175, -0.877424599550352 
0, 'BL', 4, 5, 'BL', -60.99964277876177, 6.343806574155678, 61.456602168169525, -4.902416320375778 
1, 'BL', 9, 14, 'BL', -4.854721487520237, 5.899387450644667, 4.921117203285405, -5.758154867617634 
0, 'BL', 2, 5, 'BL', 13.158548862498094, 1.9114484915889989, -13.06439275682277, -5.514416046004612 
1, 'BL', 9, 10, 'BL', -13.88844612717196, 9.00827967246687, 13.966453747928881, -8.80106043468163 
1, 'BL', 3, 4, 'BL', -41.07058643067933, 8.771725400874175, 42.18282575022192, -7.320832011454399 
0, 'BL', 7, 9, 'BL', 11.5740644448764, 4.937263387727626, -11.5740644448764, -4.783106641473637 
0, 'BL', 6, 13, 'BL', 28.192787394743732, 5.487740406953435, -27.741792791941464, -4.5995912473606495 
0, 'BL', 2, 4, 'BL', 27.7900391589788, 0.7885851112125692, -27.39202590296489, -3.384155645055216 
1, 'BL', 1, 5, 'BL', 15.040470919181374, 1.5033416862052604, -14.924886684728293, -6.573288777580103 
1, 'BL', 10, 11, 'BL', -24.700195220357642, 2.0823348051767425, 25.153853941564364, -1.0203697767528865 
0, 'BL', 4, 9, 'BL', -1.3949822413549982, 4.643685935678093, 1.3949822413549982, -4.53195289111909 
1, 'BL', 6, 11, 'BL', 30.098610785274786, 2.5784179083955223, -29.382277426072307, -1.0783262559909872 
1, 'BL', 12, 13, 'BL', -4.828393324413412, -1.9817729575187002, 4.882319451035642, 2.0305632625578482 
1, 'BL', 2, 4, 'BL', 27.88668471596077, 0.8748473250334428, -27.485681009050694, -3.4606661691281033 
0, 'BL', 9, 10, 'BL', -13.307684238353318, 8.868056267445354, 13.380368212563383, -8.674978750288574 
0, 'BL', 3, 4, 'BL', -41.17016766565169, 8.700471161285577, 42.28669450156028, -7.238889939591445 
0, 'BL', 9, 14, 'BL', -6.174734341340638, 5.5824368208892565, 6.25342765522214, -5.4150455990555315 
0, 'BL', 6, 11, 'BL', 29.460623470313323, 2.5903515119060216, -28.77406858165139, -1.152619701473668 
1, 'BL', 13, 14, 'BL', 15.906348962206025, -0.5720863796171329, -15.528303378581555, 1.3418016081491544 
1, 'BL', 2, 3, 'BL', 64.3607090319586, 3.3001439185303525, -62.63698534466424, -0.8746815846122331 
0, 'BL', 4, 7, 'BL', -9.861763802580615, 4.626999045744014, 9.861763802580615, -4.410995773095237 
0, 'BL', 6, 12, 'BL', 9.63228139868039, 1.6679979203410085, -9.535209861949483, -1.4659649709379323 
0, 'BL', 7, 8, 'BL', -21.435828247457042, -0.5262676146330705, 21.435828247457042, 1.2430327031485149 
1, 'BL', 7, 9, 'BL', 12.04237502904284, 5.324172372611201, -12.04237502904284, -5.155244939090267 
0, 'BL', 5, 6, 'BL', -42.117058523310845, 15.555555937046734, 42.117058523310845, -11.58159629128744 
--end of line flow
