--generation dispatch
bus id,unit id,pg(MW),qg(MVar) 
101, 1, 19.148585524287267, -1.216277709870513
101, 2, 20.142747121217365, -2.7992290486285736
101, 3, 59.073762845522204, -36.669704241915376
101, 4, 70.69949451834447, -25.513008450853423
102, 5, 19.652778391733335, 6.0523590435772805
102, 6, 19.44694379661965, 2.9452950370205375
102, 7, 83.67465998437586, -22.92815692071114
102, 8, 83.67465215463992, -25.896089428800902
107, 10, 4.822551681385673, -3.3364101935709276
107, 11, 2.538423274614621, 9.186342507050089
107, 9, 1.9993095290104437, 6.951681484313421
113, 12, 67.3031070786001, 27.691096738659795
113, 13, 46.56362589086096, 16.98679268172188
113, 14, 39.98366687034888, 7.0214987394119825
114, 15, -3.9401623158012384e-13, -33.032296447411916
115, 16, 3.8908095922564416, 2.2910257880167686
115, 17, 1.6326315889436445, 5.575395059200319
115, 18, 5.6458076027237905, 3.083329119034306
115, 19, 3.0686757333095382, 2.1875945677255952
115, 20, 3.2285112849137647, 2.537422143809887
115, 21, 77.12365301865647, 31.185179560083288
116, 22, 73.05604404855228, -19.338403691326196
118, 23, 388.6615741070091, 55.276267981812985
121, 24, 327.5730742890952, 130.19657211998364
122, 25, 52.15447020341424, 0.547699349003305
122, 26, 48.82874500795049, 4.762985850238062
122, 27, 60.048383645217555, -2.93352716360867
122, 28, 34.975420710134934, -1.8763156861885764
122, 29, 45.74012612548439, -1.825584720832529
122, 30, 51.602212768949244, 4.652198116347981
123, 31, 63.78661788814684, -34.08041261849986
123, 32, 63.78661881939716, -32.741379106453955
123, 33, 65.0062351270104, -8.994123109493346
201, 34, 15.222607499923534, 5.87966752774952
201, 35, 22.591759317258838, 3.1910128432576244
201, 36, 58.402077687066345, -3.3165632534846474
201, 37, 17.852537408025388, -20.921554768185054
202, 38, 18.18718927713943, 2.1762597255594773
202, 39, 14.760251754787584, 6.285888702291831
202, 40, 13.818342234394088, -41.27678028530374
202, 41, 15.2418986693654, -41.50960673641627
207, 42, 59.82255988239729, -15.29756541811274
207, 43, 40.608071179547906, -0.10226165496781917
207, 44, 1.1748556105469925, 24.29889270545494
213, 45, 53.255933800425815, -35.61491076816161
213, 46, 77.9574258689849, 4.223006972699158
213, 47, 8.67137911491827, -3.6414081128541134
214, 48, -4.097081690027455e-13, 15.008151189114129
215, 49, 7.966605822272909, 5.132806112362604
215, 50, 6.162909625165846, 2.8758487888309254
215, 51, 1.5732421618630088, 2.705048031558522
215, 52, 4.223711286881204, 3.070022043105343
215, 53, 3.31234619597682, 3.702879764756822
215, 54, 73.53444428374738, 66.59904714500531
216, 55, 77.83437280810632, 65.51134409028995
218, 56, 301.3818043288853, 52.69156951011365
221, 57, 446.3988523560824, 43.71067570287029
222, 58, 41.075121791538415, -2.422547146763261
222, 59, 61.00397274919656, 2.121027413065189
222, 60, 56.56908598120195, 2.4451092422384555
222, 61, 35.175173274212156, -3.312001433860748
222, 62, 46.52236617027653, 8.405276756277765
222, 63, 60.98472778775599, 9.610968475797074
223, 64, 89.0356561671593, 15.514350136095786
223, 65, 89.03563578066642, 13.571629531605089
223, 66, 112.85437046499881, 30.15394586648998
301, 67, 12.435047369822218, 1.329018515731243
301, 68, 19.03292186344749, -3.5537358661815026
301, 69, 23.879048097687637, -24.483509452667285
301, 70, 35.695169504676045, -19.514978475861067
302, 71, 15.525676953702602, 0.709628770684063
302, 72, 21.93827537467086, -1.649941318763676
302, 73, 22.083270279300343, -39.38841666009648
302, 74, 24.948435835941346, -45.59450636981383
307, 75, 0.13156460710431325, 26.98293390731849
307, 76, 60.89179837023595, -6.059637303788207
307, 77, 54.6334056986479, 4.088718628205677
313, 78, 71.53904947130204, -22.785340877924963
313, 79, 35.87658554530496, 7.81842814635705
313, 80, 110.34990434880908, 5.100360904391517
314, 81, -3.9537308377040087e-13, 19.344510497546885
315, 82, 2.113822588161229, 4.485873705805984
315, 83, 2.81632749430128, 4.069453261186208
315, 84, 0.6632394071623686, 3.241944752100551
315, 85, 5.038788858077624, 2.964959781043951
315, 86, 6.393695382926681, 5.282956988958868
315, 87, 56.85687307855927, 70.2588363986581
316, 88, 91.60645542462161, 82.20331351282451
318, 89, 465.92184560395776, 71.67962076637781
321, 90, 308.591278009467, 44.468421188936496
322, 91, 38.77131152520737, 1.4883605521634007
322, 92, 46.38261232380606, -5.640771305194421
322, 93, 62.20649068099297, -6.516760800024628
322, 94, 53.2520794947151, 5.2132593605793724
322, 95, 62.58519245632776, 2.2525071338007154
322, 96, 56.6263777003143, -4.116015636060506
323, 97, 82.09619104719266, -28.487289619182
323, 98, 96.69753710070657, 13.609537288757176
323, 99, 72.0941607971154, 19.341187606114673
--end of generation dispatch
