--generation dispatch
bus id,unit id,pg(MW),qg(MVar) 
101, 1, 15.0832450622533, 7.36300412536991
101, 2, 11.768698823789945, 0.281627795661466
101, 3, 27.069511392407613, -37.918894399232954
101, 4, 27.069511380544416, -42.11889287274902
102, 5, 12.8300992592544, 0.6259578697828755
102, 6, 11.125511106227409, 0.4640306853295288
102, 7, 49.75367654241545, -31.166460200935635
102, 8, 49.75367656807466, -20.40702215833177
107, 10, 7.908331625299374, 21.40404718512235
107, 11, 9.856136591775172, 12.102404014064998
107, 9, 31.715892143916182, -24.22523730798672
113, 12, 96.15752940731707, -19.41304526928273
113, 13, 4.888453036596773, -2.386071640682806
113, 14, 96.59151667951258, -27.7224780891325
114, 15, 2.047234203915288e-15, 41.19010877466585
115, 16, 1.7209190278801327, 3.7697717694607973
115, 17, 8.744115925241065, 4.0406138714642585
115, 18, 2.3320229448306544, 1.0346846562032135
115, 19, 2.2658708447146374, 3.7815352519278744
115, 20, 3.684930136867151, 3.8562048670424147
115, 21, 62.27284318508373, 58.55005625794503
116, 22, 107.30224348761581, -10.572201248342608
118, 23, 476.05558781206685, 137.57734708243777
121, 24, 344.5070915322025, 124.20260147220907
122, 25, 43.707998074052774, -1.127361567392687
122, 26, 54.28040546171545, -4.781972259002881
122, 27, 56.745923567024924, -2.4136341591908432
122, 28, 56.32898397550164, 3.111247839838612
122, 29, 58.01096696911557, -4.494072977150788
122, 30, 55.11599799657419, -6.342417534318108
123, 31, 58.03332377816248, 0.22213516966482538
123, 32, 58.03332411065653, -19.523790879405347
123, 33, 106.53979619840638, 51.57696779391682
201, 34, 19.781007646008266, 1.4061890142011106
201, 35, 12.442573746240605, -1.8624346859314804
201, 36, 10.222871737447852, -17.227126975181175
201, 37, 11.164261292515844, -21.94596905748398
202, 38, 19.492434160842436, 2.5907583057775896
202, 39, 18.394315663793005, 5.318584237745304
202, 40, 10.189605565758217, -32.75624618132147
202, 41, 39.12676905727234, -29.223761774350532
207, 42, 36.8948348231109, -12.37819110192532
207, 43, 45.94468210744282, -5.39494360414575
207, 44, 39.42513595954127, 23.685639335140188
213, 45, 16.946350123457393, -32.8877757051338
213, 46, 50.87082228537532, 4.258696001640968
213, 47, 70.07194814290968, 15.594191544674555
214, 48, 1.7744773366144394e-15, -6.589296679462202
215, 49, 7.71794436927481, 3.4609583962120434
215, 50, 1.425188814059168, 2.218585771943132
215, 51, 4.498151849426578, 3.6372656405280486
215, 52, 2.4366847371610647, 4.0970926112304635
215, 53, 0.18275450936732743, 5.780902307471051
215, 54, 65.45843140410919, 87.41171346259989
216, 55, 112.77793807990146, 39.400898849259775
218, 56, 305.42331114664995, 71.02980109153785
221, 57, 496.14787997931427, 72.20582084638956
222, 58, 35.189925472179624, 6.0220974988925215
222, 59, 58.55534012003076, -2.1751526888305532
222, 60, 57.46435392221641, 4.151248265213741
222, 61, 58.561675043704184, 3.742590365652673
222, 62, 63.66352709980887, 1.5613061750697088
222, 63, 35.89076925341246, 6.277643584524411
223, 64, 82.36716604739719, -27.658980769298033
223, 65, 77.26854715605499, -22.172879236646935
223, 66, 206.14086065849781, 70.27234914365279
301, 67, 15.664457636301302, 4.504597948629927
301, 68, 17.287684423348757, 5.434031573481283
301, 69, 9.976284294781639, -8.272202610904763
301, 70, 31.149253899306895, -34.326948710099835
302, 71, 18.3689773198989, 2.244629793805223
302, 72, 18.880477906486835, 0.3231917146546487
302, 73, 10.374335563108557, -20.480950802072368
302, 74, 21.424375710964704, -39.24266528141115
307, 75, 21.111106651738158, 11.616856845791517
307, 76, 40.20756276710503, 6.077066455800688
307, 77, 38.61480088242873, 24.271641204143652
313, 78, 109.79023906187967, 5.1216305425632545
313, 79, 121.32588606972364, -29.981188679158826
313, 80, 90.41094115261575, 6.328687732450733
314, 81, 2.415183137174392e-15, -23.97487361393913
315, 82, 3.153937678367162, 1.5662911965480888
315, 83, 0.1995157699530696, 3.38441888538897
315, 84, 0.3333887459638539, 2.8250759278062216
315, 85, 3.7622173633354477, 2.6121135395479484
315, 86, 3.1594322448897, 3.862068507437255
315, 87, 72.01393860642051, 80.53870230914377
316, 88, 75.9800944816438, 39.930348130929865
318, 89, 317.8980679090356, 66.94797141343612
321, 90, 374.5001957963438, 46.98118623548259
322, 91, 59.94116092140072, 4.50267167574291
322, 92, 46.642434697525886, 2.764421618056833
322, 93, 39.4260961403347, 3.6588013022286074
322, 94, 50.24023624642038, 3.9824070480417126
322, 95, 61.35034224057788, 0.44539164394895603
322, 96, 39.81619216308215, 1.3891854930573662
323, 97, 80.10468133959596, -4.023137972178099
323, 98, 82.5685732438148, -24.51422189686207
323, 99, 95.92978253764473, 10.59183364217507
--end of generation dispatch
