--generation dispatch
bus id,unit id,pg(MW),qg(MVar) 
101, 1, 13.877352727385459, 2.408411428401694
101, 2, 18.292702546766055, 4.36534399904171
101, 3, 54.848013226240845, -34.65295216320561
101, 4, 54.8784894597785, -10.695625516154486
102, 5, 19.70943514558856, 1.9666149439785756
102, 6, 15.199807556796975, 4.021344600799625
102, 7, 64.7675895896198, -9.671722714207641
102, 8, 64.76761389184458, -10.932919403875019
107, 10, 23.7454154038762, 8.35801252608929
107, 11, 45.04292733957582, -16.873982057125684
107, 9, 13.95518902446683, 6.8014061902475555
113, 12, 25.38036738558049, 16.30336310504106
113, 13, 63.92964365205093, -24.638570729913862
113, 14, 69.02664009433535, 14.442363867267813
114, 15, -6.737132078485643e-15, -12.473510016497933
115, 16, 2.465967115772996, 3.603937525792208
115, 17, 4.188349855555232, 3.589710072420446
115, 18, 1.8403020892424125, 2.3676935133706043
115, 19, 0.25103305411922017, 1.3430448289978678
115, 20, 0.03751572938103044, 2.543651622888573
115, 21, 69.26867753631934, 79.24254745884394
116, 22, 49.288658936374894, -8.75745586159736
118, 23, 440.28701362086315, 62.79671075429977
121, 24, 303.5389934189479, 70.91508920339815
122, 25, 43.68468101473961, 2.346658555264864
122, 26, 37.55932223622191, 0.2659407511487597
122, 27, 35.52940354321588, 4.688366942985472
122, 28, 54.56143750681047, 5.974620544548045
122, 29, 35.154510141466446, -5.189887387957069
122, 30, 44.241981337428726, -3.270782869267396
123, 31, 60.329304170131564, -26.47433074140395
123, 32, 93.4295624770388, -52.91086201200122
123, 33, 227.4516451907302, 9.067064641010457
201, 34, 13.209498618267757, 0.4130226719492
201, 35, 11.402155408611891, 1.6960935922370186
201, 36, 8.354124835573982, -9.74077458423839
201, 37, 33.2923805159026, -35.56909371071733
202, 38, 14.077884812787413, 1.8444070949971583
202, 39, 17.388981788991114, 1.1370813928042922
202, 40, 8.758280453688863, -27.931045334825026
202, 41, 25.921143168316313, -10.36604881369326
207, 42, 17.9995390387678, 1.298452276964985
207, 43, 43.758978788876504, 14.212680917599636
207, 44, 7.959293060606169, 22.741976146940257
213, 45, 82.8957249737141, 21.955849395312857
213, 46, 93.94128734929546, 19.348348180848934
213, 47, 90.1006687790487, 1.8734773424293112
214, 48, -6.252026123705936e-15, 4.519864891533213
215, 49, 4.867835479652489, 4.567620322390307
215, 50, 3.719556411257054, 2.9583619662517644
215, 51, 5.715682317424385, 2.90835488054719
215, 52, 1.2398647646738243, 2.860338695497292
215, 53, 0.8988308833569467, 5.022828491162055
215, 54, 68.61918863083154, 44.746408273047486
216, 55, 55.00280020673479, 59.702342833743096
218, 56, 308.13860055877063, 67.93303343603675
221, 57, 396.339464214422, 44.31988900690476
222, 58, 59.46482776303159, 5.254384544180134
222, 59, 42.582897724232986, 1.3014333716441688
222, 60, 64.0263792463796, 4.782702839417591
222, 61, 50.05596163321601, -1.7053875358401316
222, 62, 35.55488524830284, 4.3676140926784575
222, 63, 55.422831411588355, 7.039742121106551
223, 64, 90.54368144517314, -21.46762983584579
223, 65, 73.65501546180693, -18.346008671592045
223, 66, 288.7150136495687, -5.321666000824057
301, 67, 19.883648661937546, -1.7572913469624833
301, 68, 10.765583219327425, -5.059140958277548
301, 69, 16.54254947784331, -39.016021685059904
301, 70, 8.360225018041076, -43.624246377706
302, 71, 17.08048035010146, 3.6168772492130246
302, 72, 17.348397941360332, 3.8800533587156765
302, 73, 19.229001049351936, -38.881695273653555
302, 74, 23.959830524199518, -20.50422383046355
307, 75, 17.461455992791553, 33.65506161189918
307, 76, 49.711341138366166, -8.315054162720068
307, 77, 14.11322787045106, -9.871646570109654
313, 78, 87.98051542276107, -5.568697904252371
313, 79, 48.92599909909599, -3.8209721445092875
313, 80, 20.013272304053658, 25.01015023421228
314, 81, -8.264813977977135e-15, 29.367819361904807
315, 82, 3.783127595311066, 5.826595878849873
315, 83, 6.668063751853928, 5.992802960349523
315, 84, 0.5031800378991743, 4.516003348335099
315, 85, 5.200686419842724, 2.258958378223099
315, 86, 3.0464803755414493, 4.696324906253887
315, 87, 71.68812836111857, 69.85794906851423
316, 88, 77.09994231991519, 74.01736090224695
318, 89, 431.51401922924896, 78.39366365977182
321, 90, 314.03039044587814, 76.92486108766252
322, 91, 40.337510252022845, 7.925871340834201
322, 92, 59.63490760757189, 3.4573299780947853
322, 93, 47.95264387840938, 3.763969049565801
322, 94, 37.756580255111416, -1.1025795358045005
322, 95, 52.628457521671166, 1.4605888745128908
322, 96, 57.61885879898976, -1.8764042447445792
323, 97, 88.78999556887166, -13.238573438322744
323, 98, 88.79003132940268, -30.414761440132736
323, 99, 112.3888190745616, 68.10180119868176
--end of generation dispatch
