--contingency generator
conID,genID,busID,unitID,q(MW) 
1, '1 ', 8, '1 ', 2.859056551880326
1, '1 ', 1, '1 ', -22.317448582304223
1, '1 ', 3, '1 ', 16.562480857449373
1, '1 ', 2, '1 ', 55.97566979885032
1, '1 ', 6, '1 ', -10.945313117388233
--end of contingency generator
--bus
contingency id,bus id,v(pu),theta(deg) 
0, 4, 1.069213814912109, 86.73831027929108
1, 11, 1.0817353180947193, 67.70876770679885
0, 7, 1.084908289123346, 86.52999117025665
1, 10, 1.0731397703420846, 65.19540425191032
1, 14, 1.056935756404763, 65.00318710353129
0, 12, 1.0854895946849616, 90.17857116291009
1, 4, 1.0689886916315687, 65.73810103911617
0, 13, 1.0801698860259294, 89.76257445309706
1, 12, 1.055196457487764, 67.82481642103303
0, 14, 1.0602908174112866, 86.26225484866178
1, 8, 1.088746022599105, 66.8886661735545
0, 6, 1.099999952618649, 91.37125234391739
1, 5, 1.0731231564353538, 67.01012691119254
1, 6, 1.1000000313427307, 70.4567716340925
0, 5, 1.0732326011699458, 87.99832322616416
1, 7, 1.0844492896739368, 65.47733256388182
0, 3, 1.0599408228880631, 84.12374088000693
0, 8, 1.0887460221795857, 87.94008285500243
1, 1, 1.0909434355296412, 68.84598519200908
1, 13, 1.0733439899183401, 68.30532830371662
1, 9, 1.0776352310524002, 64.44772683122653
0, 11, 1.0822257284036536, 88.69181111187405
0, 9, 1.0784890285397588, 85.5299280003101
1, 3, 1.0599408766836782, 63.13081452881711
1, 2, 1.099946883874452, 68.27414177845188
0, 1, 1.090943432038485, 89.83775868539738
0, 2, 1.0999999938581437, 89.26607265917298
0, 10, 1.0739262319504952, 86.24758489470061
--end of bus
--Delta
contingency id,Delta(MW) 
1, 0.0025143213923774057 
--end of Delta
--line flow
contingency id,line id,origin bus id,destination bus id,circuit id,p_origin(MW),q_origin(MVar),p_destination(MW),q_destination(MVar) 
1, 'BL', 1, 2, 'BL', 13.399073771972667, -24.02967535596804, -13.29879481951275, 17.99973427753821 
1, 'BL', 2, 5, 'BL', 18.592216143825425, 8.951093713546015, -18.37209270530016, -12.36436609535258 
1, 'BL', 4, 9, 'BL', 4.813512182400818, 5.122519462713711, -4.813512182400818, -4.896715022220974 
1, 'BL', 4, 7, 'BL', 2.5797575400705948, 4.493725352267688, -2.5797575400705948, -4.446730467719135 
1, 'BL', 6, 13, 'BL', 36.394202532392114, 4.666579555268072, -35.65817998375252, -3.2171213933437457 
1, 'BL', 7, 8, 'BL', -16.508830737441553, -2.441902773021525, 16.508830737441553, 2.859056552022139 
1, 'BL', 4, 5, 'BL', -57.78200515753565, 8.494178917000681, 58.18048417343812, -7.237253721521029 
0, 'BL', 12, 13, 'BL', 3.362076115369746, -0.8115398015327173, -3.3396479863662307, 0.8318319182501455 
0, 'BL', 1, 5, 'BL', 17.960128960059407, 1.6547911746909563, -17.804158981750277, -6.772220134217321 
0, 'BL', 10, 11, 'BL', -23.30096217992616, 5.863893133085867, 23.7116826496937, -4.902441815252132 
0, 'BL', 13, 14, 'BL', 18.871733680694533, -2.4849400885706245, -18.340943128153327, 3.565649900162441 
0, 'BL', 1, 2, 'BL', 13.3659433707586, -24.11680243202204, -13.265214890888274, 18.087925391888348 
1, 'BL', 5, 6, 'BL', -30.213655431267178, 24.401456798075003, 30.213655431267178, -21.534281158438432 
0, 'BL', 2, 3, 'BL', 55.50598943297781, 8.8041467229084, -54.25857577290678, -8.659072206219662 
0, 'BL', 4, 5, 'BL', -57.19974330558591, 8.588681340567291, 57.5904249916357, -7.356351318128873 
1, 'BL', 9, 14, 'BL', -0.16057094967035823, 8.345332041696281, 0.23682872788606346, -8.183121530533015 
0, 'BL', 2, 5, 'BL', 18.624202816594135, 8.906598447775082, -18.403999898998393, -12.320236685129544 
1, 'BL', 9, 10, 'BL', -13.713277123634839, 11.011980797386514, 13.798004715973605, -10.78691064483587 
1, 'BL', 3, 4, 'BL', -27.797914653682625, 5.250800587397066, 28.280065228318534, -5.470580313499113 
0, 'BL', 7, 9, 'BL', 18.563477809889264, 6.492625755903873, -18.563477809889264, -6.131145835690404 
0, 'BL', 6, 13, 'BL', 27.26119272816686, 3.2609871028103043, -26.84909094931163, -2.4494300547153216 
0, 'BL', 2, 4, 'BL', 32.439360903478985, 7.107417176670992, -31.893655805195465, -9.45208488069727 
1, 'BL', 1, 5, 'BL', 17.939570167068865, 1.7122267734117145, -17.78369477474891, -6.829468337875596 
1, 'BL', 10, 11, 'BL', -23.93864180152636, 6.0051794132298255, 24.372621486583512, -4.9892808378619975 
0, 'BL', 4, 9, 'BL', 4.512224167223628, 4.993669582387383, -4.512224167223628, -4.786749659858117 
1, 'BL', 6, 11, 'BL', 27.551351056044354, -2.367401258967277, -26.951107684679272, 3.624385956424817 
1, 'BL', 12, 13, 'BL', -6.895379068986415, -1.939219126599113, 6.997178068920675, 2.0313229836825712 
1, 'BL', 2, 4, 'BL', 32.5521609089935, 7.180909320138198, -32.002234252697804, -9.511750844079756 
0, 'BL', 9, 10, 'BL', -13.081298188942867, 10.855551227988144, 13.160325094561358, -10.645624364587775 
0, 'BL', 3, 4, 'BL', -27.922406012378076, 5.164007071753872, 28.40808044966235, -5.375100820271427 
0, 'BL', 9, 14, 'BL', -1.6189483664181523, 8.05452369596793, 1.6927096587125163, -7.897623544834687 
0, 'BL', 6, 11, 'BL', 26.86082712074034, -2.3425171328507304, -26.290168847746656, 3.537546933845192 
1, 'BL', 13, 14, 'BL', 17.343996659621013, -2.916739815470578, -16.88506219765165, 3.851147885760099 
1, 'BL', 2, 3, 'BL', 55.5065281371636, 8.774464427142675, -54.25923680342029, -8.629649646239955 
0, 'BL', 4, 7, 'BL', 2.0621900355515987, 4.372927352529018, -2.0621900355515987, -4.332029732898832 
0, 'BL', 6, 12, 'BL', 10.368534366770348, 1.3588660932935, -10.257455184218685, -1.1276793250196988 
0, 'BL', 7, 8, 'BL', -16.501287774348636, -2.1605960230053824, 16.501287774348636, 2.5750866357087716 
1, 'BL', 7, 9, 'BL', 19.08858827751656, 6.8886332407407735, -19.08858827751656, -6.503395364791459 
0, 'BL', 5, 6, 'BL', -29.571224848611713, 24.419176780878786, 29.571224848611713, -21.623937316314027 
--end of line flow
