--generation dispatch
bus id,unit id,pg(MW),qg(MVar) 
101, 1, 15.314126336982593, 4.972649267839418
101, 2, 19.289295174464502, 8.981741830708902
101, 3, 66.42590035730069, 15.92952177811305
101, 4, 66.42590063086736, 6.321614494427387
102, 5, 15.427129618108824, 6.299142343727704
102, 6, 18.73269136776108, 2.1714203904128335
102, 7, 91.619625832751, -19.9453392079834
102, 8, 57.099557144525505, -15.137615910559166
107, 10, 12.009090411359994, -2.2725879885397138
107, 11, 2.0223139311431853, 26.90756641025509
107, 9, 13.0704773640022, -27.84111740960853
113, 12, 15.827691062346258, 17.73457339695654
113, 13, 48.982518616067665, -27.875503095802756
113, 14, 119.738414469433, -12.16301920625367
114, 15, 3.969604070016217e-16, 12.623037530446716
115, 16, 3.5431206304425786, 3.2284830140572205
115, 17, 1.8382640009242772, 2.4555135079156587
115, 18, 6.2095582744291695, 4.633348301149974
115, 19, 8.643266161027976, 4.484863359786459
115, 20, 2.6639576618603646, 3.046211184464879
115, 21, 42.6110845477513, 26.382772163037473
116, 22, 56.979449099787736, 9.810941134926944
118, 23, 330.861480796679, 98.19255923033374
121, 24, 471.6789229231176, 37.25919695131639
122, 25, 47.16385929260256, 6.162804233081054
122, 26, 55.83744204250949, 0.7914366416283495
122, 27, 39.68444178227187, -1.9830191084601516
122, 28, 54.045161082147075, 6.026179741841726
122, 29, 56.11612077217402, -6.107452645485456
122, 30, 45.408416866528256, 1.56009278412132
123, 31, 48.99533552285252, -79.92422751203245
123, 32, 52.50871228024452, -33.69742993218076
123, 33, 77.77813225925361, -36.72474636920281
201, 34, 13.663620859300103, 1.7727985412658958
201, 35, 13.076571887843368, 0.9444980632734992
201, 36, 36.745190091038914, -35.93145395468734
201, 37, 27.887450222032797, -30.596360035924313
202, 38, 10.574724048882135, 7.6133635373059905
202, 39, 17.68433540880201, -0.7531420209917005
202, 40, 14.684786007417479, -16.983891908405315
202, 41, 9.54463785255293, -17.133020082005594
207, 42, 23.759270400389347, 11.498431418208225
207, 43, 27.548455853595108, -3.3131430188890136
207, 44, 57.43148515500901, 10.271233402358611
213, 45, 25.03784758133998, -10.694701112207792
213, 46, 54.784437005168684, 20.26378750018535
213, 47, 17.365705353370792, 32.231462901062
214, 48, -4.5048090547744545e-17, 106.95740148091211
215, 49, 5.326836393346, 4.971922277862409
215, 50, 0.39202439687045004, 3.292734639893362
215, 51, 5.5546213952844665, 2.1406145624294926
215, 52, 1.0839240058562074, 3.1093762312743154
215, 53, 2.9948602682204357, 4.439784805941602
215, 54, 51.43349519740033, 78.45840669462716
216, 55, 57.35393223725403, 73.11973278297437
218, 56, 459.8317059516225, 86.5088359424173
221, 57, 511.64545416964916, 67.68356154351115
222, 58, 44.13048034410909, 5.877832780675554
222, 59, 39.450387145560086, 4.788751498929165
222, 60, 48.33217862637699, 5.739817817476836
222, 61, 55.03711897058397, 2.716342951942614
222, 62, 41.27008128089815, -3.812642988765177
222, 63, 45.71915479021131, 0.1255918597065525
223, 64, 45.089250684412775, 6.376852629121986
223, 65, 91.32736960299616, 27.647749062541976
223, 66, 133.31784185390825, 55.29009469473205
301, 67, 15.483732564400203, 1.7159643326178295
301, 68, 13.298165290560426, -2.0230995911479344
301, 69, 1.3234157970898999, -34.927662797810804
301, 70, 10.77106736475435, -34.72506156873894
302, 71, 16.87248308134802, -2.9425420498861254
302, 72, 18.097165132588238, 1.9499980332861782
302, 73, 54.19314858478157, -16.42427401861521
302, 74, 7.820930374375554, -8.05404146578423
307, 75, 26.639270229844858, 20.813783248772125
307, 76, 62.2412335782939, -15.457082268873785
307, 77, 32.62220800190385, 0.26850372769363295
313, 78, 53.28237813721913, 14.379301692077611
313, 79, 130.69271800637392, 4.6366408232306675
313, 80, 59.90600008721467, -8.718404488079285
314, 81, -3.621822645400202e-16, 12.027413092401133
315, 82, 1.4589856387176476, 4.721546942623516
315, 83, 2.9776305841521538, 3.810745071459814
315, 84, 4.763759726305374, 1.3491334213364614
315, 85, 4.828583623824273, 4.434897090721223
315, 86, 1.6731759954115004, 3.819972601227182
315, 87, 51.91520495431183, 84.42192896469676
316, 88, 23.098207169851293, 52.64307211392655
318, 89, 512.63647060993, 93.73313805117323
321, 90, 383.7300671653364, 64.22121530729953
322, 91, 36.915052550571424, 3.812095336375977
322, 92, 54.24673398603351, -5.439692417490998
322, 93, 52.06624154812322, 2.4958682328655093
322, 94, 42.19023061562927, 7.098483251484627
322, 95, 55.869625561131556, 3.0950406289171313
322, 96, 40.867736866889906, 1.2786670455755984
323, 97, 94.96140908410062, 17.102602754456992
323, 98, 29.23561447819245, 37.35069511092496
323, 99, 206.7825186918557, -45.69279790449803
--end of generation dispatch
