--contingency generator
conID,genID,busID,unitID,q(MW) 
1, '1 ', 8, '1 ', 11.410078219144555
1, '1 ', 1, '1 ', -1.2571051637353596
1, '1 ', 3, '1 ', 18.163337071300056
1, '1 ', 2, '1 ', 13.506768954733483
1, '1 ', 6, '1 ', 0.04027004213144571
--end of contingency generator
--bus
contingency id,bus id,v(pu),theta(deg) 
0, 4, 1.0573777353331146, 90.19777173312427
1, 11, 1.0796946864219128, 39.39653420247749
0, 7, 1.0826213529913542, 91.02688517753377
1, 10, 1.0690579820263544, 37.553842717535574
1, 14, 1.055081750566358, 37.019068059800155
0, 12, 1.086336985623795, 93.89271911288557
1, 4, 1.0571975478304407, 36.816586955907646
0, 13, 1.0777603487385625, 93.42164433818758
1, 12, 1.058762339118551, 39.37929770196468
0, 14, 1.058252523708715, 90.62087491136636
1, 8, 1.0999995386334436, 39.29546625133895
0, 6, 1.0999999058008132, 94.91897773153987
1, 5, 1.059232657505974, 37.70160960540221
1, 6, 1.099999939518688, 41.615091217736676
0, 5, 1.0593106499556717, 91.07211924311376
1, 7, 1.0822010595365592, 37.601020091763345
0, 3, 1.0549710754911725, 89.03545787243473
0, 8, 1.0999995110506997, 92.72022405803206
1, 1, 1.0722202790105448, 38.65769939251043
1, 13, 1.0714038771614864, 39.65027722066426
1, 9, 1.0721551917639653, 36.93150071207062
0, 11, 1.0801330767663735, 92.76046598341718
0, 9, 1.0729627196040588, 90.38233273095082
1, 3, 1.0549710755073847, 35.65970682365797
1, 2, 1.0681373444109368, 38.0373908450589
0, 1, 1.0722202790196709, 92.03180191096335
0, 2, 1.0681373443485411, 91.41251005915963
0, 10, 1.0697866328637813, 90.97816120960053
--end of bus
--Delta
contingency id,Delta(MW) 
1, 0.0017664587293372547 
--end of Delta
--line flow
contingency id,line id,origin bus id,destination bus id,circuit id,p_origin(MW),q_origin(MVar),p_destination(MW),q_destination(MVar) 
1, 'BL', 1, 2, 'BL', 21.146825402997024, -2.4492049720549858, -21.071384072780802, -3.367576116525697 
1, 'BL', 2, 5, 'BL', 5.065193279243232, 1.8485215515539721, -5.045094001150261, -5.701956135925684 
1, 'BL', 4, 9, 'BL', -0.42181668300586844, 3.7008311300888863, 0.42181668300586844, -3.6360042928975247 
1, 'BL', 4, 7, 'BL', -7.658600357061121, -0.579231761599317, 7.658600357061121, 0.6848008919218955 
1, 'BL', 6, 13, 'BL', 34.62217940172053, 7.097563364201164, -33.93931959427994, -5.752799235474072 
1, 'BL', 7, 8, 'BL', -19.982951949816094, -10.639227333921667, 19.982951949816094, 11.410078219150932 
1, 'BL', 4, 5, 'BL', -38.70412661130297, 7.478217673952713, 38.889736583127274, -6.892746819007243 
0, 'BL', 12, 13, 'BL', 4.496670045861663, -0.2888500778090588, -4.458661933921121, 0.32323836956481955 
0, 'BL', 1, 5, 'BL', 9.492840352357547, 1.1497449085019866, -9.443053177573674, -6.5328362520997985 
0, 'BL', 10, 11, 'BL', -17.800366665592577, 2.132417569106508, 18.030792130585354, -1.5930169711642748 
0, 'BL', 13, 14, 'BL', 15.44682390919536, -1.1539843298702976, -15.093746938454032, 1.872862510162804 
0, 'BL', 1, 2, 'BL', 21.115698783062157, -2.439381448302356, -21.04047725100554, -3.3780707161965893 
1, 'BL', 5, 6, 'BL', -33.85602989377849, 17.623937574301976, 33.85602989377849, -14.781478914747709 
0, 'BL', 2, 3, 'BL', 24.05518319473947, -0.6147447588060686, -23.81539707934222, -3.3110307414956424 
0, 'BL', 4, 5, 'BL', -38.191461609666135, 7.563897810610342, 38.37245508892818, -6.992988791005246 
1, 'BL', 9, 14, 'BL', 2.083199657264629, 5.791384232937503, -2.0413132908038847, -5.702286319605321 
0, 'BL', 2, 5, 'BL', 5.098646801402708, 1.7899639710514066, -5.078599538272101, -5.643843216074288 
1, 'BL', 9, 10, 'BL', -11.582411527615307, 8.370022201497477, 11.63892140509563, -8.219909512182994 
1, 'BL', 3, 4, 'BL', -11.835372387910127, 2.684395505057978, 11.926656785877327, -3.879013422747221 
0, 'BL', 7, 9, 'BL', 11.87833378889438, 9.571988486197597, -11.87833378889438, -9.353560366354031 
0, 'BL', 6, 13, 'BL', 26.611972698289833, 5.576496007592823, -26.207804658253053, -4.780562967901574 
0, 'BL', 2, 4, 'BL', 14.229537811488854, 0.032864961533505266, -14.124427899548664, -3.554176299754772 
1, 'BL', 1, 5, 'BL', 9.470546026084307, 1.1920998083491554, -9.420798335499711, -6.574947678972876 
1, 'BL', 10, 11, 'BL', -18.368355991179328, 2.237139074696131, 18.614172734413188, -1.6617091920278426 
0, 'BL', 4, 9, 'BL', -0.6780975812182268, 3.58018003012495, 0.6780975812182268, -3.5181618404457424 
1, 'BL', 6, 11, 'BL', 23.363749348072105, 0.520424499602143, -22.935055402689585, 0.3773142426234699 
1, 'BL', 12, 13, 'BL', -4.536416649753448, -1.6759285715966712, 4.582508874439952, 1.7176310605987624 
1, 'BL', 2, 4, 'BL', 14.321465294874969, 0.11314138327679757, -14.214854017143722, -3.629249475417623 
0, 'BL', 9, 10, 'BL', -11.018559916076583, 8.254309283237944, 11.070932079509191, -8.115188006593598 
0, 'BL', 3, 4, 'BL', -11.928249044482271, 2.6109134826772333, 12.020564992536606, -3.803142422079304 
0, 'BL', 9, 14, 'BL', 0.8170493436545314, 5.4570534537404, -0.7834326505194724, -5.385546243529802 
0, 'BL', 6, 11, 'BL', 22.758474442715254, 0.5432673145478475, -22.351674798861666, 0.30862202175950415 
1, 'BL', 13, 14, 'BL', 14.137168036860231, -1.5761407533314014, -13.835866298170345, 2.189602586238692 
1, 'BL', 2, 3, 'BL', 24.061178771162957, -0.6159074645358942, -23.82127564349048, -3.309375060603088 
0, 'BL', 4, 7, 'BL', -8.099318784737108, -0.6952049746238345, 8.099318784737108, 0.8134268763325281 
0, 'BL', 6, 12, 'BL', 9.12007320644247, 1.5681216907185558, -9.033086695615083, -1.387078493787783 
0, 'BL', 7, 8, 'BL', -19.977652573631474, -10.385415362529784, 19.977652573631474, 11.147329661000526 
1, 'BL', 7, 9, 'BL', 12.32435159275502, 9.954426441999885, -12.32435159275502, -9.718674217599983 
0, 'BL', 5, 6, 'BL', -33.28298802038319, 17.62395519957488, 33.28298802038319, -14.856969191245184 
--end of line flow
