--contingency generator
conID,genID,busID,unitID,q(MW) 
1, '1 ', 8, '1 ', 7.342113093291252
1, '1 ', 1, '1 ', 2.9359915512960018
1, '1 ', 3, '1 ', 20.22538635461222
1, '1 ', 2, '1 ', 15.718454835979912
1, '1 ', 6, '1 ', -11.283387697026562
--end of contingency generator
--bus
contingency id,bus id,v(pu),theta(deg) 
0, 4, 1.070491128319579, 38.46790791600931
1, 11, 1.081768208241323, 41.96895812861109
0, 7, 1.0898825514098212, 39.46750169912987
1, 10, 1.0749586113221254, 39.5308199814493
1, 14, 1.0618455553376915, 39.689694513641314
0, 12, 1.0851015100181893, 42.78237069628229
1, 4, 1.0702877874759242, 39.103773072235704
0, 13, 1.0783502366387512, 42.41487418000925
1, 12, 1.053706102965807, 41.97517680452914
0, 14, 1.0652759124623405, 39.32352609050587
1, 8, 1.099999999747226, 42.73375096311718
0, 6, 1.100000000043425, 44.04033431957481
1, 5, 1.0737282532567156, 40.35573891387364
1, 6, 1.1000000000433097, 44.7659968690276
0, 5, 1.073817513313596, 39.7072296287779
1, 7, 1.0894382878939175, 40.049125401966656
0, 3, 1.0643512609474313, 35.82061555227307
0, 8, 1.099999999746882, 42.15034047070398
1, 1, 1.0981955749491459, 42.25763503086083
1, 13, 1.0712979334097381, 42.5673029645198
1, 9, 1.081321298515964, 38.847374076064696
0, 11, 1.08225938530761, 41.31516113090007
0, 9, 1.0821636659344656, 38.296778357287806
1, 3, 1.0643512609473962, 36.46497211230895
1, 2, 1.0886657952743903, 40.8089996147436
0, 1, 1.0981955749490857, 41.61249555484526
0, 2, 1.0886657952743803, 40.16493788915008
0, 10, 1.075738550440105, 38.9491027739456
--end of bus
--Delta
contingency id,Delta(MW) 
1, 0.0027356901568824895 
--end of Delta
--line flow
contingency id,line id,origin bus id,destination bus id,circuit id,p_origin(MW),q_origin(MVar),p_destination(MW),q_destination(MVar) 
1, 'BL', 1, 2, 'BL', 51.55537917930451, -1.736836440571551, -51.127930096659725, -3.2709370088380183 
1, 'BL', 2, 5, 'BL', 7.575538309594663, 4.841897169434787, -7.525136250410071, -8.732897418087191 
1, 'BL', 4, 9, 'BL', 0.9609668825893383, 4.61084385240062, -0.9609668825893383, -4.509711831464955 
1, 'BL', 4, 7, 'BL', -9.40632847500906, 2.6552088396683757, 9.40632847500906, -2.4884042291247397 
1, 'BL', 6, 13, 'BL', 37.643682429803334, 5.786862824928221, -36.85068355106864, -4.225200482785226 
1, 'BL', 7, 8, 'BL', -31.865067095768136, -5.785457897836977, 31.865067095768136, 7.3421131011226635 
1, 'BL', 4, 5, 'BL', -56.51306538459801, 9.823188330508401, 56.89651232200265, -8.613678927204091 
0, 'BL', 12, 13, 'BL', 3.5195393937996187, -0.212867914241599, -3.496212778393783, 0.2339729472278691 
0, 'BL', 1, 5, 'BL', 19.417483298177373, 4.624867942168521, -19.222751005101586, -9.624427272014827 
0, 'BL', 10, 11, 'BL', -22.294889620218697, 6.388708609822231, 22.676261493849296, -5.495959118436076 
0, 'BL', 13, 14, 'BL', 16.13411568867936, -3.3928294238168064, -15.734556068627654, 4.206348051151963 
0, 'BL', 1, 2, 'BL', 51.520780896524, -1.726464934921296, -51.09390004242664, -3.2830434000995865 
1, 'BL', 5, 6, 'BL', -38.667719648458736, 25.291410465721583, 38.667719648458736, -21.237771871624147 
0, 'BL', 2, 3, 'BL', 45.35433482916518, 1.6917446919883332, -44.53149097848021, -3.3015843984283038 
0, 'BL', 4, 5, 'BL', -55.90125303040543, 9.904656458883892, 56.276729283164514, -8.720289042877539 
1, 'BL', 9, 14, 'BL', -2.0962759022457362, 8.820248605601648, 2.185626055994618, -8.630188857583164 
0, 'BL', 2, 5, 'BL', 7.606661066097587, 4.776234442717396, -7.5564648144433875, -8.668194687660161 
1, 'BL', 9, 10, 'BL', -11.65462717834356, 12.627384800897062, 11.73495942713447, -12.413990427340423 
1, 'BL', 3, 4, 'BL', -27.599093913721617, 7.1002430852830685, 28.085882432005235, -7.31596012639136 
0, 'BL', 7, 9, 'BL', 21.904931919900264, 7.870993704138755, -21.904931919900264, -7.369235364909173 
0, 'BL', 6, 13, 'BL', 28.061947282161896, 4.397844394520462, -27.620866779331266, -3.5292191926496344 
0, 'BL', 2, 4, 'BL', 21.07841480704326, 2.549953150147985, -20.850358324378305, -5.820919415782441 
1, 'BL', 1, 5, 'BL', 19.396563466196454, 4.672827991913891, -19.201867678444657, -9.67206646100783 
1, 'BL', 10, 11, 'BL', -22.95960802359022, 6.54501829697665, 23.36432868423634, -5.597611870525725 
0, 'BL', 4, 9, 'BL', 0.6420053219643626, 4.484890587233423, -0.6420053219643626, -4.391347894002138 
1, 'BL', 6, 11, 'BL', 27.971062353995904, -2.56124475477003, -27.351776816318363, 3.858106130260353 
1, 'BL', 12, 13, 'BL', -7.22590927127203, -1.257184071168865, 7.332945824416186, 1.354026666870766 
1, 'BL', 2, 4, 'BL', 21.198440032653224, 2.6386979097758285, -20.967494524308023, -5.900158139294717 
0, 'BL', 9, 10, 'BL', -10.995252272774167, 12.456880660264915, 11.070241023758001, -12.257680740172873 
0, 'BL', 3, 4, 'BL', -27.73103487849474, 7.030082145265965, 28.221495068339266, -7.236706555378532 
0, 'BL', 9, 14, 'BL', -3.628419069309871, 8.533357536835183, 3.7217465465424198, -8.334837488891424 
0, 'BL', 6, 11, 'BL', 27.25166721163231, -2.5251966525908642, -26.663709625932, 3.7564533781730347 
1, 'BL', 13, 14, 'BL', 14.534773857609423, -3.816901853326897, -14.198435578076698, 4.501699419833528 
1, 'BL', 2, 3, 'BL', 45.3514405271294, 1.6922035397419677, -44.52869920310869, -3.302475193483815 
0, 'BL', 4, 7, 'BL', -9.951928104833488, 2.541201681976645, 9.951928104833488, -2.35705930499023 
0, 'BL', 6, 12, 'BL', 10.867117226352178, 1.2975423766062022, -10.745448665072786, -1.044316156926186 
0, 'BL', 7, 8, 'BL', -31.856860024733695, -5.513934399148411, 31.856860024733695, 7.063995533044931 
1, 'BL', 7, 9, 'BL', 22.45873862075908, 8.273862126961149, -22.45873862075908, -7.7428931725385155 
0, 'BL', 5, 6, 'BL', -37.995724718931136, 25.28567866198273, 37.995724718931136, -21.3310691194867 
--end of line flow
