--contingency generator
conID,genID,busID,unitID,q(MW) 
1, '1 ', 8, '1 ', 6.986395499352719
1, '1 ', 1, '1 ', 1.6985044328822925
1, '1 ', 3, '1 ', 29.917198222130537
1, '1 ', 2, '1 ', 12.822186612835049
1, '1 ', 6, '1 ', -9.744228809331103
--end of contingency generator
--bus
contingency id,bus id,v(pu),theta(deg) 
0, 4, 1.0734003562638368, 97.29210181860101
1, 11, 1.0814065701824656, 74.08656310283264
0, 7, 1.089741212022946, 97.84914211561728
1, 10, 1.0746430357804888, 71.82811558932222
1, 14, 1.0567879025971132, 71.60791708000012
0, 12, 1.0859506618790495, 101.32594272498791
1, 4, 1.0732125209940453, 71.46508494477906
0, 13, 1.0773244578640482, 100.81786871803305
1, 12, 1.0573286315501038, 74.28811618005689
0, 14, 1.060028864815656, 97.66843551143882
1, 8, 1.099999999832325, 73.70957976665672
0, 6, 1.1000000000331998, 102.41388561716282
1, 5, 1.075157494467332, 72.5326139288766
1, 6, 1.1000000000330088, 76.66795616295627
0, 5, 1.0752394668746679, 98.34852699555404
1, 7, 1.0893113493648625, 71.97507298144339
0, 3, 1.0711937837688033, 94.05859057326876
0, 8, 1.0999999998323269, 99.58247135654412
1, 1, 1.0951745643614101, 73.81059536644794
1, 13, 1.0707736702920128, 74.5767905328694
1, 9, 1.0788561548656317, 71.1436221684342
0, 11, 1.0818671840491756, 99.8958728166639
0, 9, 1.0796764988629377, 97.04428333733851
1, 3, 1.0711933170331969, 68.23729797344741
1, 2, 1.088858537989829, 72.87857432685803
0, 1, 1.0951745643610045, 99.63018043017837
0, 2, 1.0888585379899907, 98.69920923715271
0, 10, 1.075391545570562, 97.70110133868636
--end of bus
--Delta
contingency id,Delta(MW) 
1, 0.001951451758539454 
--end of Delta
--line flow
contingency id,line id,origin bus id,destination bus id,circuit id,p_origin(MW),q_origin(MVar),p_destination(MW),q_destination(MVar) 
1, 'BL', 1, 2, 'BL', 33.142939276990546, -2.0648319940348756, -32.96525514520147, -3.689125569258522 
1, 'BL', 2, 5, 'BL', 6.212950043393192, 4.506035051267531, -6.173755601262059, -8.437293839450376 
1, 'BL', 4, 9, 'BL', 1.2053575982941198, 5.716612241846406, -1.2053575982941198, -5.561851750704477 
1, 'BL', 4, 7, 'BL', -5.087857694700721, 4.243179205303591, 5.087857694700721, -4.166957973183116 
1, 'BL', 6, 13, 'BL', 36.43505378755492, 6.779447143235984, -35.684183471237816, -5.30074909173743 
1, 'BL', 7, 8, 'BL', -20.589656447894754, -6.29818229004195, 20.589656447894754, 6.986395499352284 
1, 'BL', 4, 5, 'BL', -47.67964315130848, 10.634382988998823, 47.9562481637206, -9.761885829997027 
0, 'BL', 12, 13, 'BL', 4.6793224864098875, -0.46224232763989903, -4.6379036185192035, 0.49971654144576405 
0, 'BL', 1, 5, 'BL', 13.424554409061386, 3.7180947373222466, -13.323338026692227, -9.094911922190477 
0, 'BL', 10, 11, 'BL', -20.766813165073728, 5.6900079920540065, 21.09575807793925, -4.919984233198534 
0, 'BL', 13, 14, 'BL', 16.839108691067636, -2.42092426067137, -16.412874313474703, 3.2887537118495516 
0, 'BL', 1, 2, 'BL', 33.10941575656648, -2.0544523460187065, -32.93208678299084, -3.7005895677111766 
1, 'BL', 5, 6, 'BL', -36.30994164010168, 25.84703119403855, 36.30994164010168, -22.085132908423702 
0, 'BL', 2, 3, 'BL', 47.741901427908985, -2.281215769102232, -46.83849976452214, 0.9778475081324132 
0, 'BL', 4, 5, 'BL', -47.134040734101404, 10.720668278931953, 47.40476860754802, -9.866709421191445 
1, 'BL', 9, 14, 'BL', 0.5971754504668354, 8.538661761696687, -0.5171641483056248, -8.368467002209968 
0, 'BL', 2, 5, 'BL', 6.2482596272295154, 4.443476409900654, -6.209246033244256, -8.375592317131805 
1, 'BL', 9, 10, 'BL', -12.550642796589614, 10.201708033225714, 12.622135793016923, -10.011794226306392 
1, 'BL', 3, 4, 'BL', -32.87784681472286, 11.948941870005115, 33.60305432728299, -11.569504407773593 
0, 'BL', 7, 9, 'BL', 15.023379168418733, 10.075463278430561, -15.023379168418733, -9.772338725303825 
0, 'BL', 6, 13, 'BL', 28.015140468757465, 5.274291412020943, -27.57086053380823, -4.399365529544298 
0, 'BL', 2, 4, 'BL', 17.580186624726025, 1.9365741420530185, -17.421051367107225, -5.42798082816455 
1, 'BL', 1, 5, 'BL', 13.400788147423214, 3.7633364269605067, -13.299586220945955, -9.139779654755216 
1, 'BL', 10, 11, 'BL', -21.36106112405585, 5.810934544417023, 21.709238911494708, -4.995888747544541 
0, 'BL', 4, 9, 'BL', 0.9300920733137741, 5.5914627017831435, -0.9300920733137741, -5.445835073771548 
1, 'BL', 6, 11, 'BL', 26.168775274374298, -1.6064532443378425, -25.629206068027145, 2.736378651186101 
1, 'BL', 12, 13, 'BL', -4.819338489603297, -1.7783530700206995, 4.8714856653490415, 1.8255338480763612 
1, 'BL', 2, 4, 'BL', 17.679200075936194, 2.0217211531722796, -17.51802029330912, -5.506238792353088 
0, 'BL', 9, 10, 'BL', -11.96118550311786, 10.068055569650596, 12.027887834034345, -9.890867673943148 
0, 'BL', 3, 4, 'BL', -32.98025048659639, 11.875682517474388, 33.70831373835273, -11.489215030129799 
0, 'BL', 9, 14, 'BL', -0.7459669527600283, 8.221463885516982, 0.82027767737668, -8.063395018222081 
0, 'BL', 6, 11, 'BL', 25.529289852253243, -1.5850055910751735, -25.015725234471603, 2.660474136840321 
1, 'BL', 13, 14, 'BL', 15.443042344628779, -2.8453580051090057, -15.07543248779227, 3.5938256958376655 
1, 'BL', 2, 3, 'BL', 47.74844350616023, -2.2819655215866987, -46.84479443728728, 0.9796417757232803 
0, 'BL', 4, 7, 'BL', -5.560422924198781, 4.123496113601163, 5.560422924198781, -4.040304332154619 
0, 'BL', 6, 12, 'BL', 9.594501779172418, 1.5155821918655192, -9.49866097601307, -1.3161107423806016 
0, 'BL', 7, 8, 'BL', -20.583802092617567, -6.035158946276056, 20.583802092617567, 6.717659929613774 
1, 'BL', 7, 9, 'BL', 15.50179875319406, 10.465140263225294, -15.50179875319406, -10.140816434930912 
0, 'BL', 5, 6, 'BL', -35.6992198462008, 25.845285530349827, 35.6992198462008, -22.167401488222026 
--end of line flow
