--contingency generator
conID,genID,busID,unitID,q(MW) 
1, '1 ', 8, '1 ', 8.542535562947178
1, '1 ', 1, '1 ', 0.9449317610301227
1, '1 ', 3, '1 ', 23.723214079999924
1, '1 ', 2, '1 ', 18.902060276795112
1, '1 ', 6, '1 ', -8.800895657787695
--end of contingency generator
--bus
contingency id,bus id,v(pu),theta(deg) 
0, 4, 1.0669887506775955, 138.80599795535252
1, 11, 1.0789499040778525, 10.225433781330672
0, 7, 1.0861435304540548, 139.4471364806783
1, 10, 1.06989702272628, 7.437084160949901
1, 14, 1.0527619352314577, 7.636096958347969
0, 12, 1.0855100211915976, 144.60265325443328
1, 4, 1.0667929894656927, 6.233024648249057
0, 13, 1.078084286852922, 144.22320210819555
1, 12, 1.0558222264184507, 10.762109742345018
0, 14, 1.0560506556804752, 140.45309801437355
1, 8, 1.0991933551787907, 7.9526208711661255
0, 6, 1.0999999998298249, 145.73553154740122
1, 5, 1.0707482812214628, 7.584259826521639
1, 6, 1.099999999783316, 13.247914972851135
0, 5, 1.0708383672810444, 140.1453497802683
1, 7, 1.085714111483392, 6.824347157006327
0, 3, 1.05921911825888, 135.66943907706926
0, 8, 1.0991933551679416, 140.57442201020788
1, 1, 1.0880303020896984, 8.366845960415086
1, 13, 1.0713304574223002, 11.220480791209518
1, 9, 1.0748160550931165, 6.419464026075436
0, 11, 1.0794314956684696, 142.77924720021704
0, 9, 1.0756358846424565, 139.06982985855413
1, 3, 1.0592191182403028, 3.1029450057145302
1, 2, 1.0875606148276937, 8.34994236571937
0, 1, 1.0880303021176843, 140.93173615514652
0, 2, 1.0875606148581267, 140.9159120050405
0, 10, 1.070659549953219, 140.05805548109726
--end of bus
--Delta
contingency id,Delta(MW) 
1, 0.0021369297476715524 
--end of Delta
--line flow
contingency id,line id,origin bus id,destination bus id,circuit id,p_origin(MW),q_origin(MVar),p_destination(MW),q_destination(MVar) 
1, 'BL', 1, 2, 'BL', 0.7883339859563421, -2.519704166471456, -0.7881722145398271, -3.727620718581875 
1, 'BL', 2, 5, 'BL', 11.21070418732026, 4.8573408243969425, -11.127243243642482, -8.632189142833795 
1, 'BL', 4, 9, 'BL', -0.6922921377733283, 5.168538101319825, 0.6922921377733283, -5.043753611122298 
1, 'BL', 4, 7, 'BL', -5.844606533690179, 2.6779901294999036, 5.844606533690179, -2.6053478468979847 
1, 'BL', 6, 13, 'BL', 35.444970752909626, 6.776206527750219, -34.73303114441967, -5.374175192935581 
1, 'BL', 7, 8, 'BL', -13.340456732061478, -8.1766808274308, 13.340456732061478, 8.542535860072007 
1, 'BL', 4, 5, 'BL', -60.79356604432883, 10.007368103558747, 61.23886096941385, -8.602771152597597 
0, 'BL', 12, 13, 'BL', 3.7580583543953026, -0.10802964215332622, -3.73155791188276, 0.13200623299798053 
0, 'BL', 1, 5, 'BL', 8.702225558510918, 3.415513625024687, -8.649387993575502, -8.930437766813895 
0, 'BL', 10, 11, 'BL', -25.679471992524583, 6.758697192622662, 26.184175025660835, -5.577243060087881 
0, 'BL', 13, 14, 'BL', 20.310978109911474, -2.442274906662078, -19.69550528621302, 3.695401052473528 
0, 'BL', 1, 2, 'BL', 0.7543045169377365, -2.5085692309639853, -0.7541491114279779, -3.738775090477702 
1, 'BL', 5, 6, 'BL', -49.48753552681188, 24.726739616135603, 49.48753552681188, -18.883224095750904 
0, 'BL', 2, 3, 'BL', 54.41650627614359, 2.500803440102459, -53.229795984124664, -2.548530219141071 
0, 'BL', 4, 5, 'BL', -60.22505184817544, 10.080046075842802, 60.662286785708716, -8.70087280097141 
1, 'BL', 9, 14, 'BL', -3.865576385365074, 10.678580270941893, 4.0074874140426004, -10.376716499925863 
0, 'BL', 2, 5, 'BL', 11.24645654994822, 4.7900550084809765, -11.163054155377182, -8.565415853319223 
1, 'BL', 9, 10, 'BL', -19.035283300891592, 13.637333314540001, 19.18626648193117, -13.236261991124138 
1, 'BL', 3, 4, 'BL', -32.53286248696344, 8.323429182049836, 33.213826912620334, -8.03179499792634 
0, 'BL', 7, 9, 'BL', 6.993410056772753, 10.397366811859683, -6.993410056772753, -10.2509491745393 
0, 'BL', 6, 13, 'BL', 26.699182876328905, 5.265109537225499, -26.29431877445103, -4.467805734479725 
0, 'BL', 2, 4, 'BL', 25.761001952640754, 2.6343078640996964, -25.424362592723355, -5.558991680542704 
1, 'BL', 1, 5, 'BL', 8.67888074031967, 3.464635913992481, -8.625943534693377, -8.978674130516254 
1, 'BL', 10, 11, 'BL', -26.289881690124417, 6.899520109109233, 26.819421651004205, -5.659925468205074 
0, 'BL', 4, 9, 'BL', -0.9805937513154406, 5.048304705862478, 0.9805937513154406, -4.926988520912062 
1, 'BL', 6, 11, 'BL', 30.470258595895416, -2.0787096272921985, -29.738082350610256, 3.6119782647656393 
1, 'BL', 12, 13, 'BL', -6.104331815542594, -1.4268802621872112, 6.182213138879888, 1.4973443166352922 
1, 'BL', 2, 4, 'BL', 25.866248757758314, 2.7232534611066512, -25.526530034211277, -5.63788362263017 
0, 'BL', 9, 10, 'BL', -18.43251402831902, 13.47621439290856, 18.57585678425596, -13.095439074559863 
0, 'BL', 3, 4, 'BL', -32.64301771092872, 8.24961528865208, 33.327476227535556, -7.949330452052095 
0, 'BL', 9, 14, 'BL', -5.259087413266855, 10.38628241431877, 5.40798709371478, -10.069552844658574 
0, 'BL', 6, 11, 'BL', 29.803408081626287, -2.062209715614415, -29.102835725283, 3.5292958566616903 
1, 'BL', 13, 14, 'BL', 18.835919429160782, -2.9012435318382472, -18.2950056064561, 4.002564707627613 
1, 'BL', 2, 3, 'BL', 54.42163658695395, 2.5000727481060494, -53.23470741891491, -2.546877396977493 
0, 'BL', 4, 7, 'BL', -6.3406358727613785, 2.56418906421834, 6.3406358727613785, -2.4820022749429427 
0, 'BL', 6, 12, 'BL', 9.965661917883011, 1.5337879386798363, -9.862390169967341, -1.318850620037722 
0, 'BL', 7, 8, 'BL', -13.334045929534062, -7.915364536916854, 13.334045929534062, 8.27439606379778 
1, 'BL', 7, 9, 'BL', 7.495850198371236, 10.782028674328558, -7.495850198371236, -10.621097939835636 
0, 'BL', 5, 6, 'BL', -48.85170597248893, 24.709831611204095, 48.85170597248893, -18.98826259572928 
--end of line flow
