--generation dispatch
bus id,unit id,pg(MW),qg(MVar) 
101, 1, 16.328473384050625, 1.8824732897140837
101, 2, 17.256631943793234, -0.3325372373907372
101, 3, 64.80714439045433, -31.145733873271947
101, 4, 64.8071441155614, -21.513262542949676
102, 5, 15.830287834961455, 2.499572443898767
102, 6, 16.37062462513902, 0.674791559227578
102, 7, 77.06970456025681, -20.839708708808864
102, 8, 77.06970463259526, -20.29916801469517
107, 10, 34.143140632588704, -9.45022603295274
107, 11, 56.86663664870166, -11.283247853968348
107, 9, 4.428774026388023, 7.111541017134385
113, 12, 97.0283395372075, 9.374533001042401
113, 13, 100.1149654821819, 21.76590361296544
113, 14, 95.81808121666317, 8.02290629661754
114, 15, -1.2597682037788657e-12, -22.011198296850413
115, 16, 5.672915011169806, 3.058433891544397
115, 17, 5.176351021128596, 4.71079440152143
115, 18, 5.400152983638169, 0.8096624940943884
115, 19, 5.8633661360017015, 2.3741656863966383
115, 20, 0.8758440536029772, 4.441875177049708
115, 21, 27.930639751620156, 29.25376812755137
116, 22, 39.06835803693762, -75.51205192232749
118, 23, 460.11767933805663, 198.71387698586244
121, 24, 444.5337757348106, 52.17897253462633
122, 25, 55.8629686831225, -0.17300023152028893
122, 26, 46.300809928561414, -3.798705622860676
122, 27, 38.123417049991744, -3.6386224221928494
122, 28, 42.911856789487345, 0.7900823581812916
122, 29, 62.14740659610447, 8.401589962251755
122, 30, 37.053244877952004, -3.72055430635756
123, 31, 10.913135840538908, 27.113094596838746
123, 32, 94.45076995878864, -35.6971603368461
123, 33, 148.4194695187506, -85.94155137419591
201, 34, 15.4234515970162, 3.08183961392277
201, 35, 13.387631736535313, 4.666783418999937
201, 36, 33.77481120030698, -7.2732134445783405
201, 37, 41.3600507894811, -5.658796791237854
202, 38, 14.489662134597797, 6.895717829389408
202, 39, 14.773253513608548, 7.3737000953336835
202, 40, 21.981052261341354, -47.901597270693145
202, 41, 56.58733456659474, -30.846163522755308
207, 42, 21.872349908738812, 4.113386003904525
207, 43, 0.31749789005258844, -3.382188841592436
207, 44, 35.30023388441081, 15.069831597554444
213, 45, 62.28251778687342, -9.047739797854067
213, 46, 98.3597433389767, 28.22171362711459
213, 47, 78.97651884535077, 16.946680927464264
214, 48, -1.3029823503446434e-12, -15.957401457413717
215, 49, 2.6873462714376855, 1.6906820160104907
215, 50, 1.7413132826742665, 3.7186659552392887
215, 51, 1.4761478460714126, 4.7670668583395495
215, 52, 6.444534829291205, 3.7978353954845487
215, 53, 1.4748292452976073, 3.395380803281436
215, 54, 53.285902456847666, 44.60874988453649
216, 55, 34.83662328896669, 59.54292887922074
218, 56, 402.0446880414488, 76.35987621076174
221, 57, 417.2593223742353, 50.01124628483562
222, 58, 39.312691944996544, 9.093021632858898
222, 59, 52.21169173053532, -1.1458751049243379
222, 60, 39.13393857690571, 2.463296945918608
222, 61, 61.03520361508309, 1.0603615874134316
222, 62, 47.704310608441666, 3.3645604641213382
222, 63, 60.40491306490332, 3.6221656293866737
223, 64, 91.92327281095027, -57.2080530604615
223, 65, 71.73836561308852, -24.536576890122177
223, 66, 57.693897142512185, 46.86742302084721
301, 67, 16.68701110912937, 1.2993298731754142
301, 68, 16.676727741746912, -1.0916650962876322
301, 69, 10.368320002565806, -31.566290372744977
301, 70, 29.339956569481277, -34.275106249025185
302, 71, 11.397208402631325, -0.09820334062409343
302, 72, 18.954334798467297, 5.775595284425992
302, 73, 18.502882916072682, -19.811652487396668
302, 74, 12.325087727697928, -24.46521551429995
307, 75, 0.5855007387491473, 13.068014817183393
307, 76, 28.930848239618054, 12.541193720524806
307, 77, 18.220301297191366, 30.77937862741355
313, 78, 77.8831042500863, -6.411093478376042
313, 79, 35.96656729040902, 43.48850484050127
313, 80, 18.763642276131936, 17.335954335676337
314, 81, -1.3062164523676107e-12, -16.390527486080487
315, 82, 3.913240682940827, 3.8015159269037535
315, 83, 3.2457252078247723, 1.5023560943030496
315, 84, 3.2719285676745, 1.2492804364589487
315, 85, 0.2000651082544618, 3.551152343804607
315, 86, 3.496669673819377, 4.115446055682211
315, 87, 70.30149905281301, 93.81295015294222
316, 88, 75.11330300453076, 70.5613017669196
318, 89, 485.58842732315674, 68.14847471075845
321, 90, 313.0363619581946, 35.404090034121026
322, 91, 60.85326036010033, 2.5388931407227897
322, 92, 45.69440741827807, 4.145254726262378
322, 93, 38.44100025752654, 2.2480931303532663
322, 94, 63.716864879616566, 1.397693598239778
322, 95, 42.777888502833456, -3.8217166122917026
322, 96, 38.116812634189635, 7.50874227403355
323, 97, 78.07020258175474, -9.717144546458444
323, 98, 78.07023242459933, -37.74640821773476
323, 99, 216.1526480056009, 40.51021974120317
--end of generation dispatch
