--generation dispatch
bus id,unit id,pg(MW),qg(MVar) 
101, 1, 10.907212372041046, 3.522912858976923
101, 2, 11.71219881235386, 4.271176985003798
101, 3, 58.69625032113281, -30.69167625850309
101, 4, 66.59537010063973, -9.327123643188635
102, 5, 18.301542961042962, 5.251717985489374
102, 6, 15.621473702243252, 2.3469429909205437
102, 7, 72.77356625664669, -16.42442638685432
102, 8, 71.7139592735549, -12.50076838477139
107, 10, 30.08970089059961, 23.873093488456544
107, 11, 26.796393202327614, -34.4909660508736
107, 9, 46.3079211800565, 32.11976505245152
113, 12, 73.5371723450729, 22.0078589699643
113, 13, 65.16753792501247, -24.580069554254955
113, 14, 10.352912005301546, -23.922433142474656
114, 15, 7.579186444665271e-19, -45.28982391818082
115, 16, 5.352522860165127, 4.049862921951146
115, 17, 4.4515995901411385, 1.458927325442999
115, 18, 1.542272067663168, 2.5866231000665394
115, 19, 6.714848386597199, 1.8487605702194765
115, 20, 1.9178797005061532, 1.258885695615794
115, 21, 123.02512893753976, 31.742065587695222
116, 22, 54.2899117053892, 14.510688213615252
118, 23, 285.6822646253746, 72.59069288682919
121, 24, 493.74292093248994, 108.03084624984973
122, 25, 45.19503526429453, -0.40788619434927953
122, 26, 60.221871382348525, 3.5242810002197227
122, 27, 44.42650740293691, -7.0939642221694585
122, 28, 40.410874207132274, -3.297613974896864
122, 29, 42.224351890914875, -1.7988993637767738
122, 30, 49.774397488014614, 2.799912233172076
123, 31, 36.00731357371254, -15.017557573217475
123, 32, 13.364417233131467, 33.794905750248006
123, 33, 77.9552664733778, -27.963601841434148
201, 34, 19.801002795953043, -2.9186965003768672
201, 35, 12.14460195791192, -1.8849042022944964
201, 36, 13.808187010788807, -4.62143267987452
201, 37, 11.465683018778035, -38.03879502352123
202, 38, 16.478745477634423, 1.9498368116330749
202, 39, 16.089052100581398, 4.76250623372199
202, 40, 12.433511830473059, -15.79267850105398
202, 41, 42.838529680216446, -19.90433935451121
207, 42, 64.55811371355917, 22.331101267205085
207, 43, 22.92992123227512, -11.408552421340865
207, 44, 32.81709040305657, -16.455918381356337
213, 45, 46.14338034055748, -6.810731442268861
213, 46, 92.26709528188904, 43.12724548781408
213, 47, 124.60375484522112, -26.3314400559535
214, 48, 3.4555221353865856e-19, 34.50813836787746
215, 49, 3.3310610227675936, 3.4165460361453874
215, 50, 4.001854321150197, 4.278728962008701
215, 51, 3.6163960766519327, 4.789559899593362
215, 52, 0.466827282887798, 2.9339448416209333
215, 53, 7.676812068734836, 5.251565371841828
215, 54, 14.285143321998861, 67.37227466454323
216, 55, 107.59085464357551, 40.07165437882137
218, 56, 313.0735759349526, 76.4996042564924
221, 57, 506.21632125138217, 63.960254270836046
222, 58, 47.139105320826694, -0.7673133071013069
222, 59, 55.76510997010572, -1.0913594400517226
222, 60, 37.74420566731891, 9.867454239718528
222, 61, 48.65345817208452, 0.8182672947513362
222, 62, 47.97976503353659, 6.987961916300448
222, 63, 53.202310058238965, 3.2313700788391007
223, 64, 96.66899684917487, -55.04696905942263
223, 65, 33.039692546908555, -20.70792174287642
223, 66, 201.57029185577423, -27.491254794954582
301, 67, 9.46921189187649, 0.1939445189344482
301, 68, 12.631285595144766, 0.6388055682018453
301, 69, 15.533840695864074, -26.437665688009833
301, 70, 53.51564818367846, -24.52624831650019
302, 71, 18.45769340077448, 0.10719148681183946
302, 72, 20.199324293199084, -5.468762743830617
302, 73, 44.53012508032503, -8.908747817408837
302, 74, 22.35902653509221, -31.11075863441185
307, 75, 29.01339618234471, 26.267219683377583
307, 76, 40.112793982598426, 12.36339342406572
307, 77, 5.843546610805935, -25.290905076073024
313, 78, 95.64783819717009, 10.958819747184675
313, 79, 103.02683092602412, -12.518682123924732
313, 80, 18.81833773217827, -17.79863282992254
314, 81, 5.90124043761186e-19, 35.75127846590076
315, 82, 9.025515177872943, 2.616612952766012
315, 83, 4.837919751409426, 5.514895822819688
315, 84, 5.07115018846498, 5.008634134292047
315, 85, 3.1247201261918356, 2.574830657440647
315, 86, 8.120833450956116, 2.1403897665291742
315, 87, 75.37762615337114, 58.2997634978329
316, 88, 52.26255385350304, 35.943566991468984
318, 89, 298.21327229857167, 95.88579397991893
321, 90, 411.1956411222754, 96.21154985957202
322, 91, 52.302310131395934, 1.9553999816627181
322, 92, 38.42733369079737, 0.420324736090296
322, 93, 59.794872292735036, 5.9353459055449305
322, 94, 46.572111195076594, 4.423099430071146
322, 95, 62.563832103400244, 6.017219196744215
322, 96, 49.67786221558001, 3.2131870155794497
323, 97, 70.35950761462375, -46.090228695816386
323, 98, 70.6553449432691, -0.3575053117737623
323, 99, 85.4933425734859, 78.58516376671405
--end of generation dispatch
