--generation dispatch
bus id,unit id,pg(MW),qg(MVar) 
101, 1, 11.431514315171661, 7.719391631815919
101, 2, 15.791544460225106, 8.066093356092683
101, 3, 56.73880988307799, 14.414936015058377
101, 4, 56.73880988686306, 2.600187240653026
102, 5, 19.85991072588159, 5.833172279555467
102, 6, 14.611218390428249, 2.4493622646116884
102, 7, 88.31220593255848, -9.976808484227481
102, 8, 56.17276762973142, 9.452434271409608
107, 10, 4.753571025859637, 23.66674214483795
107, 11, 18.82500101469251, -1.802209353511785
107, 9, 29.65721724677471, -2.404527321970794
113, 12, 23.038070694887274, 28.7367197555502
113, 13, 47.47673458725957, -20.926165320656885
113, 14, 80.82861312625356, 25.742862884115333
114, 15, 1.5702206725626636e-13, -0.26905795439450975
115, 16, 4.23086713779866, 4.343796700654917
115, 17, 3.272931499814442, 1.0607112408169794
115, 18, 6.246865236269094, 1.2245354510189892
115, 19, 5.234156745816663, 2.809743599629892
115, 20, 3.9899609848454483, 2.183510449003296
115, 21, 92.29604251375646, 14.694310010052314
116, 22, 90.39504242543985, -67.08306154217013
118, 23, 361.1644361076344, 58.31124855167481
121, 24, 467.02271865941657, 175.36781437248774
122, 25, 37.81722553733476, 4.661367450131332
122, 26, 46.521773098127014, 0.33650609745811905
122, 27, 59.74001839019142, -0.09818704438864853
122, 28, 52.24040733843809, 11.268199840940724
122, 29, 48.40505575256175, 10.027691335294806
122, 30, 43.45385734883839, 7.314111140448034
123, 31, 79.06078839871093, -46.2922443918381
123, 32, 75.4374770816878, -35.04336144628936
123, 33, 199.10803579915176, -78.67822374135496
201, 34, 21.69049316731532, 5.3253957294310394
201, 35, 16.371712137812636, 4.125874759763419
201, 36, 44.743006942741296, -4.990102642752927
201, 37, 11.509348352840236, -0.2624992478652247
202, 38, 16.554763755041908, 2.605390498455991
202, 39, 17.97049575676804, 4.398829978400069
202, 40, 6.3879490924603735, -33.60672964629667
202, 41, 13.949349451739344, -24.70034315989108
207, 42, 22.772815798006615, -2.0512426427241257
207, 43, 21.106477141210696, 21.023213624162704
207, 44, 8.997255773348593, 11.276479225220063
213, 45, 37.36355896739407, 12.260805931920366
213, 46, 43.495949469447076, 21.300200989605536
213, 47, 117.67016793518309, 16.568335894301566
214, 48, 1.6628498446792627e-13, 108.40597983781713
215, 49, 0.5590157830361981, 3.9034835123583105
215, 50, 0.38809755701791704, 2.996886856605171
215, 51, 0.5332286877206127, 1.3627672693999977
215, 52, 3.5514936827797445, 0.4739339808620905
215, 53, 1.314868991301256, 4.561689427772212
215, 54, 109.91053562336094, -37.12410646314139
216, 55, 77.71228438846822, 35.87779110094179
218, 56, 301.34327144853756, 64.87019890731555
221, 57, 283.22368636497254, 33.0421008368212
222, 58, 41.06300965835201, 4.88598728688224
222, 59, 34.986417253490806, 2.893060597472602
222, 60, 50.62192105407695, 1.8612765811312495
222, 61, 51.63203951622228, 5.882172755106034
222, 62, 50.40937497465748, 0.9119957999221294
222, 63, 38.45989138073149, 2.308864514383338
223, 64, 89.32811260780049, 19.00226685087671
223, 65, 120.12290016420101, -14.890333669320347
223, 66, 90.21373135382085, 72.42298715602337
301, 67, 18.612035169494764, 0.9749732258613975
301, 68, 17.020522155311895, 3.072145356336152
301, 69, 25.379953520630934, -41.61836360840788
301, 70, 1.173789348667413, -27.092321654695592
302, 71, 20.740855965887675, -0.9553215819901492
302, 72, 16.150190273381668, -5.789522945075
302, 73, 36.94455031464414, -25.060722220428254
302, 74, 26.403275860138553, -19.316710330428965
307, 75, 68.04629565576147, 7.16923841690827
307, 76, 29.99172237824281, 18.937002528751332
307, 77, 31.669218916274406, -3.00076976764586
313, 78, 65.95350859687626, -22.781636724343077
313, 79, 101.59722607341396, 16.012332852085258
313, 80, 34.758328617078874, -14.066371704505654
314, 81, 1.5621445992429483e-13, 23.106262955617463
315, 82, 8.472888873322898, 2.8698231864134924
315, 83, 0.3696144570431653, 5.175793718288327
315, 84, 1.9608260240403457, 4.820373203591379
315, 85, 1.1364095525825817, 2.731692866817566
315, 86, 1.2663080673850622, 3.9822839099945884
315, 87, 25.494568373220275, 61.76513092481882
316, 88, 0.40214836922941555, 67.34799541681475
318, 89, 419.39576579296937, 59.3554656848253
321, 90, 394.68843804638084, 40.232239690101736
322, 91, 47.344229318731095, 4.892109756720366
322, 92, 42.772550226251894, -4.139941963114156
322, 93, 50.13079314685298, 4.5446880721042735
322, 94, 35.17658856890001, -0.368077612050742
322, 95, 48.694116957082386, 3.446421958632986
322, 96, 59.999102716863845, 2.0355204989296687
323, 97, 93.66384243747473, 34.45559207163468
323, 98, 50.47408610653751, 11.664106527838863
323, 99, 212.3921529400462, -4.360479392004795
--end of generation dispatch
