--generation dispatch
bus id,unit id,pg(MW),qg(MVar) 
101, 1, 10.80946874111143, 1.887438177356459
101, 2, 16.021141768462567, 3.243793198064062
101, 3, 35.82131511318639, -9.45831371820745
101, 4, 37.07656605713724, -41.95173672698052
102, 5, 20.89118671336329, -4.427758620969416
102, 6, 12.084937780175212, 4.21666942763369
102, 7, 35.07971721179215, -24.02812473382036
102, 8, 33.35329338277803, -33.931802055031625
107, 10, 58.833081647656996, 12.9717865795374
107, 11, 29.59395394068808, -11.7455687812501
107, 9, 3.343504153794302, 8.236667653451185
113, 12, 101.70379586611328, 19.31995244099794
113, 13, 84.82712856917101, 27.774475103470717
113, 14, 66.26556007778508, -24.774227562269736
114, 15, -3.3058365531706334e-14, 57.75882747004062
115, 16, 2.113291840003212, 3.876165418857215
115, 17, 6.971755836800634, 3.412530026543344
115, 18, 2.595387455829717, 2.5990022279277754
115, 19, 0.5140209892853329, 0.7272109884329201
115, 20, 2.823341085956711, 0.8414568347537826
115, 21, 84.88254105940746, 69.65273136611393
116, 22, 90.93051060681661, 23.06245045498764
118, 23, 409.95902321437285, 81.3032344968522
121, 24, 387.9048926862526, 17.913689545506134
122, 25, 61.45530233061587, -7.378837488843089
122, 26, 40.11805387348582, 1.0047802261020267
122, 27, 42.85375557974627, 3.221020514193187
122, 28, 37.97191806737991, 7.571103523141116
122, 29, 41.535801127503596, 7.259063773327268
122, 30, 46.312929768065864, -1.2134012960211435
123, 31, 95.99080066247008, -56.20655349860672
123, 32, 95.99079851175165, 13.721497423301237
123, 33, 126.03477122022733, 5.823542942035905
201, 34, 14.070401453572973, 1.5905488836781174
201, 35, 18.921750001498854, -0.7328486409865415
201, 36, 40.31340752398101, -28.62037415830945
201, 37, 19.697802474704726, -14.47727780454185
202, 38, 22.318791949209928, 1.1727678375047705
202, 39, 9.294254041539581, 2.3661003908946054
202, 40, 20.215598080395747, -23.979642196245447
202, 41, 20.2155979578284, -9.470137823733694
207, 42, 70.3394087542743, -6.9796823769107545
207, 43, 25.193332148386567, 30.55874540321553
207, 44, 15.593830908086646, -8.946721293978324
213, 45, 65.38419456202233, -10.551200661670142
213, 46, 18.454214410608518, 26.631619093685988
213, 47, 46.9166153907862, 4.393951173092872
214, 48, -3.785950089410905e-14, 20.540112856059988
215, 49, 0.06800749988253099, 2.283173264255146
215, 50, 7.175174725310132, 2.63316262779302
215, 51, 1.477851104745089, 2.4990603293065794
215, 52, 3.1050313662078777, 3.305542826848384
215, 53, 2.321319411107643, 3.42042636276922
215, 54, 115.77245198123748, 94.92757165216231
216, 55, 118.51963253851997, 41.82280547358717
218, 56, 368.3347254725891, 59.29974432928279
221, 57, 423.8939198585903, 63.63481063203522
222, 58, 48.192853640252224, 6.165794491340917
222, 59, 59.03476820927994, 0.01451100239015924
222, 60, 39.51581917372482, 0.18629868738711933
222, 61, 59.026565238786354, 1.247650063665295
222, 62, 57.79265949637579, 4.790426548576217
222, 63, 43.806050113820895, 6.765774300968435
223, 64, 118.27429521080091, -10.740160343884533
223, 65, 118.27430122887831, 19.10050097547245
223, 66, 168.2631316609726, 52.65352227087605
301, 67, 12.29723136987701, 3.185037853493648
301, 68, 22.08445726689057, -3.261348184403721
301, 69, 42.44950463231711, -28.86449326598152
301, 70, 29.01155190633383, -43.44859346851802
302, 71, 13.08127310193302, -3.340791716656663
302, 72, 13.73353253130955, -1.8905446582717427
302, 73, 67.55948536925024, -37.79559430147423
302, 74, 5.471990840808732, -6.763699967688297
307, 75, 39.64026193823313, 16.036550034105492
307, 76, 33.16491019902404, 24.63408212704969
307, 77, 47.91798841547795, 29.233677955604605
313, 78, 94.12566415293284, -6.70123711021926
313, 79, 82.82822494482541, 46.779105225543084
313, 80, 14.298682004468796, 15.07219786188727
314, 81, -3.757079531437248e-14, 69.85609893316969
315, 82, 0.7146279123140946, 2.2166919493291344
315, 83, 7.942336633809691, 2.151903388337465
315, 84, 3.7088444372351916, 3.1273941680230486
315, 85, 8.64090922874891, 2.1608454885975057
315, 86, 2.540227407672697, 2.0425915610219594
315, 87, 88.46952293992527, -6.95893267540987
316, 88, 93.1764676563514, -14.806637943342695
318, 89, 391.3272463823375, 44.55280593151535
321, 90, 288.00711182083137, 24.399039358060225
322, 91, 37.01395728992989, 4.940083755372394
322, 92, 63.57822751528341, 4.431706216955376
322, 93, 44.63782133902181, 2.717768319490668
322, 94, 44.946213629047755, 8.721315455559235
322, 95, 60.00152596872989, 0.8132357202219688
322, 96, 61.24165137666036, -4.305038622413302
323, 97, 92.57814086806849, -22.327437862920114
323, 98, 92.57814004549603, -40.72214403514137
323, 99, 180.67322373933706, 36.36708457885496
--end of generation dispatch
