--contingency generator
conID,genID,busID,unitID,q(MW) 
1, '1 ', 8, '1 ', 7.237767466219918
1, '1 ', 1, '1 ', 1.280290479126562
1, '1 ', 3, '1 ', 20.89962236978956
1, '1 ', 2, '1 ', 15.892478177864394
1, '1 ', 6, '1 ', -7.7078623317942965
--end of contingency generator
--bus
contingency id,bus id,v(pu),theta(deg) 
0, 4, 1.0708492359927442, 36.173719080204975
1, 11, 1.0825906479785585, 39.97847002572066
0, 7, 1.0894044051068517, 36.58264888706692
1, 10, 1.07573688602548, 37.70830811436309
1, 14, 1.0538612642523182, 37.281754127919044
0, 12, 1.0858900081482556, 40.01638560282422
1, 4, 1.0706574504590167, 37.58072904345673
0, 13, 1.0768278067537818, 39.48534982750652
1, 12, 1.0573203858804936, 40.23524824943442
0, 14, 1.057128368292978, 36.1065337284028
1, 8, 1.0999999999169763, 39.77193598320062
0, 6, 1.1000000000335244, 41.0899687341931
1, 5, 1.0739894037467603, 38.79744646086496
1, 6, 1.1000000000230348, 42.57761392807801
0, 5, 1.074073224934493, 37.37937971616406
1, 7, 1.0889644887777734, 37.94294253512319
0, 3, 1.0660661721195313, 33.57107473655707
0, 8, 1.099999999945457, 38.410420467957394
1, 1, 1.0944542374870396, 40.08668173832342
1, 13, 1.0702629859344717, 40.48439680949511
1, 9, 1.0795496994498566, 36.972431195214234
0, 11, 1.083058057298017, 38.5537964692405
0, 9, 1.080387092293566, 35.63861064705773
1, 3, 1.0660661721143014, 34.98370105113923
1, 2, 1.092414562437048, 39.80500614311825
0, 1, 1.0944542375027746, 38.67229802352078
0, 2, 1.0924145624261108, 38.391662755981216
0, 10, 1.0764994283983178, 36.34689962121148
--end of bus
--Delta
contingency id,Delta(MW) 
1, 0.0019108243789708623 
--end of Delta
--line flow
contingency id,line id,origin bus id,destination bus id,circuit id,p_origin(MW),q_origin(MVar),p_destination(MW),q_destination(MVar) 
1, 'BL', 1, 2, 'BL', 10.094430622572418, -2.671349763690614, -10.077905367291123, -3.5909632802538454 
1, 'BL', 2, 5, 'BL', 14.170315931714526, 4.974416435280091, -14.05084644032442, -8.669655109702376 
1, 'BL', 4, 9, 'BL', 2.2768767826562977, 5.050105606759644, -2.2768767826562977, -4.910299332145655 
1, 'BL', 4, 7, 'BL', -3.603868482360406, 3.0357939841422876, 3.603868482360406, -2.997050228870762 
1, 'BL', 6, 13, 'BL', 36.62269620461956, 7.116279966646744, -35.8617725808794, -5.617783814498239 
1, 'BL', 7, 8, 'BL', -21.703986545128082, -6.4757392033698125, 21.703986545128082, 7.23776746612225 
1, 'BL', 4, 5, 'BL', -54.95054587245727, 9.564899046455139, 55.31286156105216, -8.422044091643784 
0, 'BL', 12, 13, 'BL', 4.90240446229393, -0.4700896285204976, -4.856962544719636, 0.5112037444209818 
0, 'BL', 1, 5, 'BL', 13.552054911581351, 3.905558181365052, -13.448034160238265, -9.260752402271862 
0, 'BL', 10, 11, 'BL', -20.933226050276005, 5.71672920961862, 21.26662336323625, -4.936282873234973 
0, 'BL', 13, 14, 'BL', 18.16820092387033, -2.2594110665628477, -17.67410094943989, 3.265417461585855 
0, 'BL', 1, 2, 'BL', 10.061243698456678, -2.660660006570879, -10.04482495039531, -3.6019782196610777 
1, 'BL', 5, 6, 'BL', -33.16004048418725, 25.03067775160025, 33.16004048418725, -21.754717626537797 
0, 'BL', 2, 3, 'BL', 50.533221506719315, 2.0121021634791987, -49.51929112868305, -2.842797082538368 
0, 'BL', 4, 5, 'BL', -54.40976309805126, 9.655507095961184, 54.76526671465513, -8.534139508306907 
1, 'BL', 9, 14, 'BL', 2.090946355550585, 9.279798869242939, -1.9922549575644837, -9.069869043206495 
0, 'BL', 2, 5, 'BL', 14.206099464531519, 4.91102375673745, -14.086569370110396, -8.606388889635696 
1, 'BL', 9, 10, 'BL', -13.816339697871229, 10.185656693607598, 13.896760498188769, -9.972027092009512 
1, 'BL', 3, 4, 'BL', -26.954044009584237, 7.656900325891911, 27.423861834880114, -7.918776501293905 
0, 'BL', 7, 9, 'BL', 17.627213026726448, 9.074864372365255, -17.627213026726448, -8.710508477072835 
0, 'BL', 6, 13, 'BL', 28.285113021186532, 5.560223595320508, -27.830829970890704, -4.66559845606082 
0, 'BL', 2, 4, 'BL', 27.280481170456852, 2.838535055948114, -26.90655228844838, -5.682092093160918 
1, 'BL', 1, 5, 'BL', 13.528422109372315, 3.9516402471085144, -13.424404215563413, -9.306403333276137 
1, 'BL', 10, 11, 'BL', -21.5259593864034, 5.832882377492922, 21.878624929128932, -5.007331240487474 
0, 'BL', 4, 9, 'BL', 2.0048478663445204, 4.921222986155556, -2.0048478663445204, -4.792623895865944 
1, 'BL', 6, 11, 'BL', 26.09256202795447, -2.2158564717448144, -25.55429089072979, 3.3430635594896216 
1, 'BL', 12, 13, 'BL', -4.511577370827979, -1.8545123500373961, 4.558597195073332, 1.8970540957830622 
1, 'BL', 2, 4, 'BL', 27.37856678450521, 2.927784971316555, -27.001600349285127, -5.7614271197157905 
0, 'BL', 9, 10, 'BL', -13.228778086937382, 10.055765368584844, 13.304027162061232, -9.855873924134585 
0, 'BL', 3, 4, 'BL', -27.05495804654919, 7.579985391198761, 27.527232478868342, -7.83585440908314 
0, 'BL', 9, 14, 'BL', 0.7584507922617831, 8.951270631206, -0.6705693581278922, -8.764335046585359 
0, 'BL', 6, 11, 'BL', 25.454692189839363, -2.1989795021025316, -24.94228932483705, 3.2720151922369496 
1, 'BL', 13, 14, 'BL', 16.783583794066374, -2.6930760594872254, -16.352415350002232, 3.5709514582070767 
1, 'BL', 2, 3, 'BL', 50.5403055056164, 2.0110394625709205, -49.52609706497731, -2.8405628972254817 
0, 'BL', 4, 7, 'BL', -4.071041045276991, 2.911811436479752, 4.071041045276991, -2.868113655342654 
0, 'BL', 6, 12, 'BL', 9.50835629776401, 1.5808423114617085, -9.413981833121852, -1.3844227215170122 
0, 'BL', 7, 8, 'BL', -21.69825407200339, -6.2067507170227145, 21.69825407200339, 6.962730982546873 
1, 'BL', 7, 9, 'BL', 18.100118062767976, 9.472789432240234, -18.100118062767976, -9.08561820048567 
0, 'BL', 5, 6, 'BL', -32.55309276333184, 25.033856017194125, 32.55309276333184, -21.833788975156494 
--end of line flow
