--generation dispatch
bus id,unit id,pg(MW),qg(MVar) 
101, 1, 13.955520396076794, 3.299310046617397
101, 2, 21.608132660221838, 2.498594750360441
101, 3, 56.3133996924075, -13.137072860391804
101, 4, 56.313400649894945, -39.56355576775355
102, 5, 10.395573878372122, 2.1064387057397203
102, 6, 21.356489234306895, -4.5237296486004555
102, 7, 58.5334770471286, -4.866241031932549
102, 8, 71.7242471239878, -7.504107902976736
107, 10, 48.98067030677795, 1.1448634259307697
107, 11, 4.959610128727654, 4.3669876469600055
107, 9, 59.91063811671094, 31.16501206823576
113, 12, 46.04179539111894, -2.4458632720581583
113, 13, 37.04464522308926, -37.492535042424535
113, 14, 83.20072344612626, 17.1649795732998
114, 15, 8.839854425817146e-13, 2.9212366138485857
115, 16, 0.24165249893285054, 1.7439888642018995
115, 17, 5.332147837250186, 3.3903783398947454
115, 18, 2.992722852576234, 3.8464830859897283
115, 19, 1.9348171372843312, 1.4153288948904283
115, 20, 2.2470002330964407, 2.384211770765847
115, 21, 25.174826107138927, 28.280604136496812
116, 22, 33.76375361313549, -48.37606309491758
118, 23, 437.23951172142034, 172.96135888832612
121, 24, 517.28599818468, 113.94299500550962
122, 25, 42.512322818155084, 5.187498577880386
122, 26, 56.96562358433627, 0.20216965359792244
122, 27, 54.41554860933007, 4.448765904992056
122, 28, 55.87440295167516, -0.18109599791342787
122, 29, 58.58460488984613, 6.301080569966717
122, 30, 48.17934149433178, 1.1670974013989244
123, 31, 38.25884933757794, -7.744656255789082
123, 32, 75.51884708517882, -28.543645067404853
123, 33, 117.27591889568987, -18.24075617543184
201, 34, 11.352226581236684, 3.274960668561887
201, 35, 13.74104005523371, 0.20950708091306602
201, 36, 26.19926126204384, -25.496695992042458
201, 37, 26.199260958557314, -1.241042609207893
202, 38, 10.764088196893782, 0.3508244291864766
202, 39, 14.28107087627309, 2.229091796534456
202, 40, 26.419240084737254, -19.34130124735275
202, 41, 26.41924046003064, -24.78020477664238
207, 42, 35.56404671254036, 24.45098858420237
207, 43, 57.47303330310787, 32.26261216650534
207, 44, 37.89422745205832, -14.674169446056
213, 45, 39.66382555143241, -27.707041770094552
213, 46, 26.038532923537808, 37.80570972174569
213, 47, 159.54764044073715, -13.14959438359764
214, 48, 9.056859932619201e-13, -15.70458533012381
215, 49, 4.029257988082013, 2.5925936587738394
215, 50, 0.5329153256657782, 4.209068097916472
215, 51, 0.6016516349345291, 1.0587572178305764
215, 52, 1.991128863631148, 5.67850193452423
215, 53, 4.188333904230419, 4.80142820263403
215, 54, 86.11286924823983, 58.769485313558484
216, 55, 76.79988246006423, 68.80885711705942
218, 56, 366.9968300136931, 59.89648992427222
221, 57, 340.027380251435, 59.24416569931173
222, 58, 49.26713802180234, 3.081529104305615
222, 59, 35.692449433533234, 7.749500444037978
222, 60, 46.12695166635314, 1.6966765979464609
222, 61, 39.4543770286421, -2.3571820624676647
222, 62, 58.602331853741674, -1.971694492148923
222, 63, 53.201404698462966, 5.726821502085359
223, 64, 42.611745530124956, -7.011937179068783
223, 65, 90.74467500425322, -59.17732645068029
223, 66, 135.30676478680562, 11.453224095994335
301, 67, 21.574820398381892, 0.6367442282132325
301, 68, 9.051804358254083, 0.6041276048030152
301, 69, 43.82006170924421, -11.817243138432325
301, 70, 6.367556139968962, -23.981986947719303
302, 71, 21.646553561148124, -2.679443577772496
302, 72, 22.443532102126465, -0.4939256747660959
302, 73, 8.802971706074345, -6.747940045139108
302, 74, 24.63145695371325, -4.16226816693588
307, 75, 27.053140418388658, -0.3495057355317236
307, 76, 16.938176901030694, -11.37582880452259
307, 77, 6.260276818367482, 19.983248415352293
313, 78, 128.44864752214616, -7.454405231620085
313, 79, 18.25874764440949, -2.558791493960308
313, 80, 10.684590050516912, 0.26837867975912855
314, 81, 8.996041404704438e-13, 23.5192539127514
315, 82, 5.274902317605003, 4.266138588645566
315, 83, 5.710223799468526, 1.218828309164683
315, 84, 4.782260576825533, 4.7015053523158805
315, 85, 2.0590821388495044, 2.5127524429772334
315, 86, 0.9386038292280497, 2.953495160097651
315, 87, 53.14267725344262, 67.55161734372967
316, 88, 60.91722613908119, 60.28935787452007
318, 89, 395.16966089735985, 94.27592043089179
321, 90, 411.8144880247232, 81.20368150569406
322, 91, 49.22068765185555, -0.31617773054733145
322, 92, 49.545933651119284, 4.819273991189805
322, 93, 61.24322849357108, 3.872078229011901
322, 94, 44.47683432170728, 7.04923957289967
322, 95, 42.53104351259374, 1.0950274180560526
322, 96, 55.82574592701696, 4.948182614844357
323, 97, 71.8157127920787, -15.346783158383404
323, 98, 71.81567236597118, 10.999742041524197
323, 99, 165.66874534808596, 52.1124707537171
--end of generation dispatch
