--generation dispatch
bus id,unit id,pg(MW),qg(MVar) 
101, 1, 15.472320397208437, 4.396079026414623
101, 2, 15.123004862490854, 2.9958553345023
101, 3, 53.08926783787622, -26.373478842382845
101, 4, 63.76507521287684, -38.46684022156019
102, 5, 14.69757671894872, 1.6725004842542506
102, 6, 21.940996951105767, -5.020893853667438
102, 7, 50.58007914605211, -15.317787045497173
102, 8, 50.58008508778856, -31.35281027927304
107, 10, 30.042545875811555, 7.923348343282559
107, 11, 4.240074643219059, -0.5756491795302505
107, 9, 33.00732789449083, 21.259207018956854
113, 12, 13.02311082454217, 17.530528149134632
113, 13, 93.3392789633103, 26.03138336235168
113, 14, 67.19560472235761, 30.831873676663907
114, 15, -5.205251920257564e-14, 14.140366343066491
115, 16, 4.680912100834558, 4.431890150529807
115, 17, 0.178118779647774, 1.4770532288861045
115, 18, 4.642425013607253, 3.412829576962219
115, 19, 5.958300767662303, 2.022592238721399
115, 20, 8.074318455869022, 2.8277149450948533
115, 21, 117.98834270390155, 10.332610746542331
116, 22, 102.7846351226772, -16.6656468994636
118, 23, 361.95051670168795, 34.35593423921414
121, 24, 440.76712718304395, 69.4092510017915
122, 25, 63.211312200271955, 1.8816821315231735
122, 26, 38.1678276433176, 4.944181563785662
122, 27, 48.3159548969506, 3.4304136418508655
122, 28, 40.37868972109023, 0.0829019552611497
122, 29, 44.16113877143103, 0.6730672495930056
122, 30, 61.38097728076714, 1.9797168697879641
123, 31, 55.324494587355304, 8.392874175763978
123, 32, 45.0523579647694, -49.776427882257245
123, 33, 134.18265629197273, -48.284987249490854
201, 34, 18.232060934356685, 2.284132326844427
201, 35, 17.397833459877454, -3.22281781825465
201, 36, 19.779063957900334, -10.334383891801988
201, 37, 15.179280072446453, -25.140698320443345
202, 38, 12.796300874918591, 4.605086812721669
202, 39, 15.155253666259412, 3.6071030493740124
202, 40, 13.523000559964142, -6.912100238133473
202, 41, 42.589839669946905, -23.579068620790526
207, 42, 44.029542631510346, 8.15475538133236
207, 43, 42.771524552995395, -14.251669685736548
207, 44, 7.077560122176679, 10.88582240259688
213, 45, 54.38926692163694, -5.660878522308717
213, 46, 72.42121385754582, -14.609084469318297
213, 47, 34.56416159100685, 2.458161810147164
214, 48, -5.3970067987022275e-14, -20.28973939639566
215, 49, 1.969685364311393, 3.2952591009128747
215, 50, 1.6602973304528732, 2.815961989877253
215, 51, 3.6683815159431536, 4.62695829533453
215, 52, 2.426687737647813, 1.6339441866046263
215, 53, 2.3334868021502047, 4.800209422622538
215, 54, 112.47808585958427, 56.92990787837429
216, 55, 42.253616538828695, 6.8076800175261525
218, 56, 433.00889823655547, 103.02099455654485
221, 57, 497.8607581933039, 91.66785154923528
222, 58, 56.83916807113961, 2.2078615083184867
222, 59, 40.304621329389505, -0.9649604954379715
222, 60, 51.7015445179753, 8.898074207199196
222, 61, 39.66744075002893, 6.908440416531201
222, 62, 52.35457925065234, 9.1820671764437
222, 63, 63.3177550922595, -1.4779198050627287
223, 64, 86.79049520764917, 4.627298443067205
223, 65, 57.45412876060511, -49.916468008558105
223, 66, 104.39169039040046, 17.733368893425165
301, 67, 17.452079000880037, 2.012524217523185
301, 68, 20.36755281324605, 0.5434006832240784
301, 69, 49.80774675103906, -28.54963818366904
301, 70, 22.520758023259763, -44.88852403919123
302, 71, 21.24952945792069, 0.7811963774779817
302, 72, 20.825083434349192, -1.7370935895318582
302, 73, 25.827073120446606, -31.458712419648503
302, 74, 10.64031032144667, -29.513588521500413
307, 75, 32.20573301198668, 13.93734691045065
307, 76, 21.171291278490003, 0.7363816046786005
307, 77, 44.60917262713776, 12.29887238131893
313, 78, 41.03323977901184, 0.7256850424005067
313, 79, 8.384008235071446, -0.6874439890826746
313, 80, 94.73478428221676, 7.430687213156674
314, 81, -5.6096757956504783e-14, 70.48570121019287
315, 82, 3.9730681745111958, 3.60129409968115
315, 83, 2.6636984171530993, 3.3473077422172417
315, 84, 1.0966807110839056, 4.1093592268053465
315, 85, 3.8555371966365186, 2.6476025369867053
315, 86, 1.2548279743868214, 2.094196443797322
315, 87, 79.38899491167511, 74.56184842401075
316, 88, 71.86639192985385, 43.367452236918155
318, 89, 460.906305594681, 103.40676493968994
321, 90, 438.14765542965256, 136.8233074538183
322, 91, 48.55006110354921, 0.02918758369232655
322, 92, 48.88703390922094, -6.604259940680195
322, 93, 61.52962959337642, 0.6496966549892047
322, 94, 42.81730216893963, -2.6601623692157492
322, 95, 46.0187625415962, -4.2667192429478735
322, 96, 48.60503592494538, 0.9210254654165201
323, 97, 80.62224246826717, 45.79886549921166
323, 98, 78.43978487790254, 8.970194028934323
323, 99, 92.7741635021045, 76.78709132073142
--end of generation dispatch
