--generation dispatch
bus id,unit id,pg(MW),qg(MVar) 
101, 1, 17.035870510545493, 3.5508058326505525
101, 2, 16.77650752056509, 4.3664882587664735
101, 3, 56.64322660223429, -5.167273795426251
101, 4, 56.643150403966104, 12.449076159042512
102, 5, 15.51888506187414, 0.3799811996934907
102, 6, 13.371261028494965, 7.897571634311802
102, 7, 78.105824113847, -7.692193557879186
102, 8, 78.10585798425558, -5.067374349761706
107, 10, 4.5012882249915975, 4.092851512495222
107, 11, 20.020270182537274, 0.826812533039014
107, 9, 57.10073399850399, 9.342779796932511
113, 12, 92.64910578230207, -26.48086163281127
113, 13, 66.67043873597595, 20.427552076969448
113, 14, 113.76725802086689, 16.00366887318086
114, 15, -2.9057871877308354e-17, -66.85058175241441
115, 16, 2.5027260034332577, 3.9198992942290705
115, 17, 3.316825588521561, 2.3034180390158454
115, 18, 2.249720305330568, 1.5961606815130698
115, 19, 6.203341250617505, 4.386934265407216
115, 20, 1.574509075750013, 4.253300947978615
115, 21, 52.57998176266576, 76.40351314716672
116, 22, 98.3647852430853, -5.532268460864902
118, 23, 458.02067249798375, 135.75662507839823
121, 24, 312.20398360691263, -18.874324037317034
122, 25, 47.215995350046136, 2.9258079948564157
122, 26, 37.441414274865814, 2.86468474651288
122, 27, 44.129747805776134, 3.375639889151513
122, 28, 62.78161788278636, -5.78955284982245
122, 29, 37.81250571518583, -4.2403099566001625
122, 30, 60.132223117755785, 1.5540438915859118
123, 31, 104.63459721016349, -75.36890054496584
123, 32, 99.2167638639015, -29.834038000300918
123, 33, 152.49637943887998, -34.130290669188284
201, 34, 11.946477017037182, 4.699813925199446
201, 35, 9.599282389973782, 4.045863429040449
201, 36, 57.58210252095635, -10.21111533295024
201, 37, 17.522741051966122, -20.44677277104274
202, 38, 13.654932779506753, 3.716516235921258
202, 39, 12.897097271453694, 6.279897218015748
202, 40, 17.194020294813775, -13.747864486232826
202, 41, 4.985716630322478, -21.59900892365621
207, 42, 24.85373805305096, 25.334022291623825
207, 43, 5.84605055165617, -2.0689585695177954
207, 44, 23.591499172897432, 23.639478935473456
213, 45, 70.5468753960894, 14.118598155077079
213, 46, 101.76766165104554, 12.05836422236076
213, 47, 115.76567187242225, 36.07222382932581
214, 48, -2.642475636357005e-18, 118.06827894236615
215, 49, 2.325678625720716, 1.0466726011137077
215, 50, 7.446623829054499, 0.17520134974036186
215, 51, 4.116208216078625, -1.1309883049672242
215, 52, 3.310391784214808, 1.3546325171901958
215, 53, 5.437193514261237, 0.31211007649970496
215, 54, 67.24379370864396, -2.393349728068829
216, 55, 84.53140016582584, 41.93604664426732
218, 56, 289.4106488210535, -3.258691297497708
221, 57, 480.8328589467046, 29.066980502465835
222, 58, 44.93292994458109, -0.33607089841880783
222, 59, 45.78433063706264, 4.7458848365421105
222, 60, 35.813453785477876, -5.780092128466628
222, 61, 59.51171614821881, 2.80982500271569
222, 62, 41.646850641219615, 4.537023799091483
222, 63, 38.781561484894446, 5.439432435557866
223, 64, 80.8083130155275, -21.62486659504243
223, 65, 22.8261955916777, -53.05724753226121
223, 66, 131.8375414266856, 96.20287217757527
301, 67, 22.008800600855093, 0.29071709692969566
301, 68, 10.792854632473976, -0.9988775393464515
301, 69, 26.5823695025254, -37.1623149727999
301, 70, 45.50393917392455, -6.499871396369523
302, 71, 19.191485897989594, 0.48636092765556005
302, 72, 18.2753423837188, -0.28813473915336596
302, 73, 6.150539440595332, -31.58078376178309
302, 74, 35.657676020626575, -34.12674847475226
307, 75, 76.12320942630754, 0.32429793279276614
307, 76, 8.175895922166895, 31.00813761737718
307, 77, 2.4083460718885386, -11.186268232132486
313, 78, 33.668604120917294, -1.289000548474183
313, 79, 26.553707914713883, 20.085292820806544
313, 80, 100.9420508733984, -14.390270399945786
314, 81, 5.210093027113322e-17, 58.78469836998801
315, 82, 10.373787765647004, 2.238570282869478
315, 83, 6.013487704184808, 1.8738152443511646
315, 84, 0.28406380234572787, 3.0807776872314196
315, 85, 1.301708696988486, 1.55045897686778
315, 86, 7.075935585881915, 2.976803045338757
315, 87, 9.189089410276322, 93.27202843703033
316, 88, 83.866935573008, 47.00000252644632
318, 89, 449.5681434780778, 90.1881676123586
321, 90, 465.0230010291369, 98.25424498306566
322, 91, 55.009569706573714, 8.145900499113903
322, 92, 58.54901782161705, 2.53305841669274
322, 93, 51.5402569428008, -0.25520293690673135
322, 94, 50.88396088843384, 0.10599014836254025
322, 95, 51.15757766104451, 9.092113425320138
322, 96, 47.00818729511612, 0.9467373995261915
323, 97, 27.803864515039148, 29.131447606118382
323, 98, 20.542291496441, 13.458276906276785
323, 99, 169.7178138032041, 26.61820793220531
--end of generation dispatch
