--contingency generator
conID,genID,busID,unitID,q(MW) 
1, '1 ', 8, '1 ', 2.2925889598456672
1, '1 ', 1, '1 ', 0.001514989963987573
1, '1 ', 3, '1 ', 24.303378588097157
1, '1 ', 2, '1 ', 17.941421605942686
1, '1 ', 6, '1 ', 0.16579752807885548
--end of contingency generator
--bus
contingency id,bus id,v(pu),theta(deg) 
0, 4, 1.0692379217794337, 74.65329741024549
1, 11, 1.071776181663538, 50.02655802632054
0, 7, 1.0966513716672586, 76.070419637849
1, 10, 1.0544042863718461, 48.02569092730892
1, 14, 1.0450034219755013, 48.08751074418416
0, 12, 1.0861900396048314, 73.47137848192975
1, 4, 1.069051682055572, 52.52632421917074
0, 13, 1.0782000424202656, 73.15036206608383
1, 12, 1.0584993562952456, 50.23230885115465
0, 14, 1.0489073826681254, 70.47730048861933
1, 8, 1.1000000000437202, 55.13128566208872
0, 6, 1.1000000000446606, 74.454482506953
1, 5, 1.0705073966622758, 53.3437767411749
1, 6, 1.1000000000447714, 52.36592237697113
0, 5, 1.0705992054533822, 75.46564856896075
1, 7, 1.0965640170154605, 53.94435310530055
0, 3, 1.0717773385925515, 73.33650311132718
0, 8, 1.1000000000437324, 77.25680001381993
1, 1, 1.1000000000445143, 56.53875758720077
1, 13, 1.0715996522882336, 50.61031140339178
1, 9, 1.0558303861008331, 47.48084224477773
0, 11, 1.0726924338219181, 72.1805806668678
0, 9, 1.0577201828052596, 69.73472598798786
1, 3, 1.0717773385925515, 51.213496272717144
1, 2, 1.0922190563095178, 55.082414045109466
0, 1, 1.1000000000446397, 78.66214694106442
0, 2, 1.092219056309518, 77.20625349672953
0, 10, 1.0560424743162964, 70.24890731391454
--end of bus
--Delta
contingency id,Delta(MW) 
1, 0.0018228366268301676 
--end of Delta
--line flow
contingency id,line id,origin bus id,destination bus id,circuit id,p_origin(MW),q_origin(MVar),p_destination(MW),q_destination(MVar) 
1, 'BL', 1, 2, 'BL', 51.07850833045927, -4.80313363524283, -50.660220334787255, -0.2635394982432899 
1, 'BL', 2, 5, 'BL', 22.550951234855575, 4.4978626264446575, -22.287622027185733, -7.740211084546104 
1, 'BL', 4, 9, 'BL', 18.41926502575841, 10.218297903384325, -18.41926502575841, -8.190903488496133 
1, 'BL', 4, 7, 'BL', -14.184576543066777, -1.6352158904121552, 14.184576543066777, 1.9920302187530297 
1, 'BL', 6, 13, 'BL', 31.891485141422834, 8.211775765225752, -31.298595218562355, -7.0441904250741345 
1, 'BL', 7, 8, 'BL', -14.184576543066907, -1.9920302187531433, 14.184576543066907, 2.2925889598454887 
1, 'BL', 4, 5, 'BL', -36.21682213149904, 8.062659931028065, 36.37763175563737, -7.55541698927027 
0, 'BL', 12, 13, 'BL', 3.6423618816577346, 0.32536075979129464, -3.6173214854869116, -0.30270516325578 
0, 'BL', 1, 5, 'BL', 31.315611759438553, 4.758910171906507, -30.850995886135294, -8.637149414840621 
0, 'BL', 10, 11, 'BL', -19.9984463350398, -0.27625528803167754, 20.292746965447833, 0.965180602869907 
0, 'BL', 13, 14, 'BL', 15.940745285791323, 1.5994437754820297, -15.563358024617685, -0.8310689165711267 
0, 'BL', 1, 2, 'BL', 51.0639875627495, -4.798782969136937, -50.64593936120764, -0.2686222912168432 
1, 'BL', 5, 6, 'BL', 8.555825149560922, 22.22904216726056, -8.555825149560922, -21.145302126720708 
0, 'BL', 2, 3, 'BL', 40.615294139938996, 0.37308685299683475, -39.9620046968019, -2.7489743147359604 
0, 'BL', 4, 5, 'BL', -35.938156412040485, 8.210075940709885, 36.09684222217163, -7.709532160587969 
1, 'BL', 9, 14, 'BL', -1.9020115466640846, 5.144956721171127, 1.9363189628509474, -5.071980250487513 
0, 'BL', 2, 5, 'BL', 22.556535819451256, 4.439091911932678, -22.293452900428576, -7.682532409923283 
1, 'BL', 9, 10, 'BL', -10.36603409398208, 5.743775617785786, 10.406110019363723, -5.637318035429644 
1, 'BL', 3, 4, 'BL', -12.66639901065625, 6.111471040046467, 12.787336097629492, -7.269412656522377 
0, 'BL', 6, 13, 'BL', 23.999523988746773, 6.456956250775647, -23.661847681565405, -5.791966189754817 
0, 'BL', 2, 4, 'BL', 31.039469828971477, 2.6353964837136346, -30.559566232084705, -5.1508119445912826 
1, 'BL', 1, 5, 'BL', 31.31020517486334, 4.80464862520688, -30.845423585400468, -8.68172021094881 
1, 'BL', 10, 11, 'BL', -20.688097704701647, -0.34018962077766446, 21.004050929889814, 1.079801271745282 
0, 'BL', 4, 9, 'BL', 17.992387781361277, 9.844366091275361, -17.992387781361277, -7.922946267825267 
1, 'BL', 6, 11, 'BL', 25.96356613943462, 3.704655721999984, -25.42364703831126, -2.573997591725913 
1, 'BL', 12, 13, 'BL', -5.130516416104513, -1.254569170623995, 5.1855208869336025, 1.304335120421797 
1, 'BL', 2, 4, 'BL', 31.102215555586696, 2.7315838219041098, -30.61997112970394, -5.2392196345854245 
0, 'BL', 9, 10, 'BL', -9.68025853833575, 5.797414248416999, 9.716458649702304, -5.701252368175801 
0, 'BL', 3, 4, 'BL', -12.748188028258738, 6.02790209395539, 12.869674215067135, -7.184697109890749 
0, 'BL', 9, 14, 'BL', -3.014664346707548, 4.899250306964973, 3.0522607344976223, -4.819277753030008 
0, 'BL', 6, 11, 'BL', 25.22142747111792, 3.525463326437489, -24.71234307386962, -2.459376922850595 
1, 'BL', 13, 14, 'BL', 14.774650450368398, 1.244627727124339, -14.447416252970925, -0.5783664191136495 
1, 'BL', 2, 3, 'BL', 40.60704786740925, 0.374464327246983, -39.95401901053373, -2.75144964517267 
0, 'BL', 4, 7, 'BL', -14.179108033187052, -1.5818233246111504, 14.179108033187052, 1.9379414856050516 
0, 'BL', 6, 12, 'BL', 8.85565760914676, 1.7522167715612227, -8.772878297762276, -1.5799299304152328 
0, 'BL', 7, 8, 'BL', -14.179108033187019, -1.937941485605279, 14.179108033187019, 2.2379138175634807 
0, 'BL', 5, 6, 'BL', 8.848017857004672, 22.280907867847247, -8.848017857004672, -21.183232164938715 
--end of line flow
