--generation dispatch
bus id,unit id,pg(MW),qg(MVar) 
101, 1, 20.591790190061513, -2.024784102299649
101, 2, 16.231073751718874, 2.429289326911018
101, 3, 19.51474420861412, -21.514198537820963
101, 4, 25.682176756740375, -32.301122363464586
102, 5, 18.472079982125063, 5.493842886542018
102, 6, 14.239624494551684, -0.8263713573493151
102, 7, 40.67060708280943, -15.839940102529543
102, 8, 40.67058637379532, -32.65402759276197
107, 10, 3.386423673230355, -5.7572562843525015
107, 11, 25.34911836658309, 4.968900801416829
107, 9, 21.1899180412084, 10.994880039047821
113, 12, 91.10084640833779, -5.7600445293218305
113, 13, 21.551888941106228, -0.8578201558149028
113, 14, 28.763943112637783, -1.480850628744695
114, 15, 1.9663583727656465e-16, 39.241664117967744
115, 16, 4.299790955430328, 3.6722911826311133
115, 17, 0.2872232683779976, 4.304642577903099
115, 18, 2.6003972772567367, 2.337145780577981
115, 19, 4.8752709182117, 1.1041165317224297
115, 20, 1.7416822350579406, 1.9231792149608613
115, 21, 39.36498579510651, 27.629430759530372
116, 22, 82.80248407924826, -53.65604987903446
118, 23, 441.561154597295, 137.25124978224943
121, 24, 322.32527040413714, 94.72838892922483
122, 25, 63.59197928937432, 4.183594688411764
122, 26, 53.866893806444274, 5.993176870581073
122, 27, 48.983092882155276, 8.984914875182682
122, 28, 64.85064273601532, 3.5956823426164792
122, 29, 42.39868292952236, -1.1974131314119825
122, 30, 63.216977195299116, 2.3735800479976303
123, 31, 62.9351777700311, 3.7530954870831947
123, 32, 62.901205372288125, -14.458267611977679
123, 33, 63.43728875339198, 33.278609758685455
201, 34, 11.646863788912665, 0.1744701912967487
201, 35, 16.362970677172424, -2.17643200353592
201, 36, 17.944929921518654, -18.781169274085176
201, 37, 17.944573383675863, -17.09303091520445
202, 38, 15.596509266348612, -0.2949553667182667
202, 39, 15.288336562473301, -1.6913115157264267
202, 40, 42.72074936366025, -25.303684389371384
202, 41, 17.771304408005346, -29.452819807920022
207, 42, 73.56645197520052, 7.8286673155574595
207, 43, 41.9798423480853, -15.82617666962282
207, 44, 75.90763505926341, 24.762763698238032
213, 45, 46.14208634056207, -0.6906747689945666
213, 46, 140.3002365404443, -11.420455160953079
213, 47, 44.743439432425156, 35.96412798682496
214, 48, 8.19242842961415e-19, -78.02509794198046
215, 49, 3.7099287713273146, 5.725632755591554
215, 50, 2.3704151380568548, 3.996964446306561
215, 51, 7.057321622700221, 4.006315287789288
215, 52, 2.124377117658252, 2.9330928097398936
215, 53, 2.923517997643212, 4.297587737360292
215, 54, 113.89955560430192, 90.77887400677079
216, 55, 60.94456134991765, 78.6235587935176
218, 56, 305.5835398708822, 69.989641238113
221, 57, 328.71572999775606, 52.109099822458
222, 58, 62.46843024295499, 6.332240450038041
222, 59, 50.40649252151543, 2.267339441553711
222, 60, 62.413871513211696, 2.552108109633995
222, 61, 61.97806758247006, 7.775098833662873
222, 62, 64.5021047410536, 1.840723112703828
222, 63, 45.73346083889579, 7.207158139361822
223, 64, 59.03077294402356, -26.91718579439065
223, 65, 58.88466849416994, -11.365178939112798
223, 66, 82.35062158977519, 11.365463022213095
301, 67, 17.775539120492894, -5.201564769098919
301, 68, 16.147939219065226, 2.7472804996886926
301, 69, 21.344711437458237, -40.418089574226386
301, 70, 11.962756261933608, -38.419144727568806
302, 71, 11.99683096515028, 1.578727849465888
302, 72, 20.257795969118312, 4.914490749528486
302, 73, 6.8023575759883865, -29.360099343164137
302, 74, 19.70876244680548, -14.921589852068005
307, 75, 35.92620326335058, -11.050337376251198
307, 76, 20.345896252570647, 16.77136906195738
307, 77, 16.29939117399682, 5.691511636044858
313, 78, 74.46484363220324, 25.01235227765255
313, 79, 158.4472720724925, -1.4267135589840618
313, 80, 87.02829047775225, -6.819141116724236
314, 81, 5.835279799670964e-16, 14.983846760222718
315, 82, 4.58211340920716, 4.926645712532451
315, 83, 7.097914609449088, 5.056222142923444
315, 84, 4.616627435438802, 1.0664042659720772
315, 85, 1.0225555546108156, 2.2790881472216604
315, 86, 7.375919978751826, 3.3862078999226326
315, 87, 37.635279198413826, 54.924233504022894
316, 88, 48.41641267707563, 77.67135429958844
318, 89, 446.2407096706606, 92.88246191628008
321, 90, 502.21612874855464, 87.52078662211791
322, 91, 46.02871518017748, -0.1586664041133024
322, 92, 52.11317627125987, 0.14788327814201627
322, 93, 44.47847445629266, 2.755041173555739
322, 94, 51.558208681112916, -1.9414944999240906
322, 95, 62.581534813101875, 5.101690813050835
322, 96, 54.4469987102244, -1.098237821640474
323, 97, 37.41597141443507, -11.036736677244573
323, 98, 61.75851602546697, -22.710522126973398
323, 99, 124.21432760644568, 46.51255502472318
--end of generation dispatch
