--generation dispatch
bus id,unit id,pg(MW),qg(MVar) 
101, 1, 16.28374587876776, 3.6158041183704834
101, 2, 11.260070914835353, 4.935645209606485
101, 3, 77.54534216134198, -2.3559047511132007
101, 4, 74.71371622425973, -2.012619194067737
102, 5, 15.776904845685758, 6.016029770810176
102, 6, 11.692880527120463, 4.078862329550774
102, 7, 76.65784494283943, -17.780221616132668
102, 8, 97.36700693300757, -5.737265002528716
107, 10, 7.357131650133609, -5.771192273800905
107, 11, 50.688259308151224, -4.75716704139555
107, 9, 33.01289820337719, -17.702464089490892
113, 12, 149.77457678361125, 16.79288169295186
113, 13, 64.42008726142771, 1.8263957447136836
113, 14, 121.08511613499918, -24.222800749176702
114, 15, -1.3104953451774527e-13, -68.57984454114981
115, 16, 9.99831631795412, 3.0607060833408455
115, 17, 4.511062721282134, 1.8443800486352342
115, 18, 4.810719866428124, 3.0694997387380814
115, 19, 0.7769009203199528, 2.6181089248673937
115, 20, 3.0675734131124353, 1.0923332819169287
115, 21, 104.36666456407299, 75.10768657242362
116, 22, 20.12796382205336, -48.89313662390954
118, 23, 327.24813859348524, 179.8467517655963
121, 24, 368.3144442122097, 34.782918596782096
122, 25, 60.958014015375454, 2.4883543773647268
122, 26, 35.296374164788794, 9.766913331609356
122, 27, 39.32926820943766, -4.492266758455099
122, 28, 40.457498884095635, -4.15950705672358
122, 29, 48.799297610564906, -3.2647729995926187
122, 30, 54.75247957397886, 1.200031276647241
123, 31, 33.92221148980696, -61.112743928689625
123, 32, 66.17582123874429, -5.535319509144372
123, 33, 76.64218029530393, -94.73455137423056
201, 34, 9.557691808143016, 4.420630981460764
201, 35, 10.726196822146193, 4.771347990405241
201, 36, 57.37766462108909, 0.27647201276072775
201, 37, 47.499122915791745, -12.13724593619613
202, 38, 15.914849600885164, -0.004575539932215839
202, 39, 12.308992002124793, 2.0190813289359317
202, 40, 22.627690998501336, -28.197367426271043
202, 41, 38.26955247660911, -35.22125120031383
207, 42, 12.95374874833254, 11.42071416262767
207, 43, 23.784341168283884, 9.787388430677819
207, 44, 15.554428276300516, 8.571383187649111
213, 45, 12.73477228367542, -2.2842865063075566
213, 46, 51.01113860088157, 17.07397104638893
213, 47, 125.7107553158382, 36.96548279460861
214, 48, -1.3536936641455732e-13, 82.50150559243342
215, 49, 3.5140750890306713, 2.0314189257541773
215, 50, 2.6450980187296893, 5.188058734564803
215, 51, 5.8513813908954, 2.311771417013336
215, 52, 7.84118668188095, 4.905809533221402
215, 53, 1.0398134937987364, 0.9618480778252404
215, 54, 87.5292422823456, 54.930816891997566
216, 55, 100.45828678309263, 67.25744326762445
218, 56, 362.5654806138652, 87.16482935623371
221, 57, 430.000749690198, 44.76657003354542
222, 58, 58.265665551883814, 0.16603869741509059
222, 59, 46.744461929196206, -1.5956845024292192
222, 60, 35.07125504198829, 5.1349452554859205
222, 61, 60.11948089232081, 4.023463995687349
222, 62, 44.230323958912585, 4.704466904912677
222, 63, 43.43846653239215, 6.746717338706434
223, 64, 24.401481247593505, 17.91493180083399
223, 65, 91.20539377422547, -44.80647077200395
223, 66, 160.86648366338596, 49.31770946706581
301, 67, 16.81585592337841, -1.7471446296094273
301, 68, 20.881375514843473, 0.9597756641443662
301, 69, 21.109256345170657, -14.884160809451078
301, 70, 24.156902028138934, -28.41543213535348
302, 71, 8.98587880715353, 3.2027789847572956
302, 72, 18.992285825319687, 1.0673106463704507
302, 73, 17.621567722412593, -16.991820787451214
302, 74, 29.505622420318204, -10.785359000293171
307, 75, 48.852698404732685, 13.12803532867916
307, 76, 5.315156906072976, 25.722676104801867
307, 77, 12.402398773629583, 12.324052502108842
313, 78, 84.67449216379478, 39.298142238698865
313, 79, 90.61721908821636, -18.34833512144374
313, 80, 85.54151123210478, 29.8152052484522
314, 81, -1.357780371709129e-13, -30.914263471527406
315, 82, 4.083293182410562, 1.7641193858458029
315, 83, 2.6428732252583558, 2.361349873539799
315, 84, 1.5708317035164427, 4.619894000273408
315, 85, 0.7223759347681756, 2.9862849676711076
315, 86, 5.39323598635112, 3.9611578625567128
315, 87, 56.90452338211966, 83.47010859510554
316, 88, 64.32433665064352, 46.782326064740765
318, 89, 333.0522771310569, 66.98031992937335
321, 90, 410.90024509841624, 55.10001717668569
322, 91, 44.490339172821486, 1.5957143451417037
322, 92, 35.82165290024504, 1.1907348814041125
322, 93, 43.49641525308042, -0.0328736775550425
322, 94, 51.121885728839786, 0.547752875301865
322, 95, 55.46276934100688, 6.658418742246345
322, 96, 42.0888028166294, 3.683088131043478
323, 97, 80.50828129311977, 1.346166337136836
323, 98, 80.50827914002696, -53.32893844332999
323, 99, 96.69462565579873, 18.11550315363133
--end of generation dispatch
