--generation dispatch
bus id,unit id,pg(MW),qg(MVar) 
101, 1, 14.262585318773928, 2.9836581043829384
101, 2, 20.987478589347752, 1.649220414916961
101, 3, 53.354413780611324, -15.538208404270717
101, 4, 53.3544101181536, -19.573173381892417
102, 5, 21.601562891375966, -4.878428666309874
102, 6, 10.959421541682948, -5.563174238838831
102, 7, 86.03521077004457, -46.491510331756714
102, 8, 54.3113114380251, -30.101526188949702
107, 10, 28.460041692202235, 25.553509006372384
107, 11, 21.49516511804111, 15.584639522919488
107, 9, 27.731354714860455, 8.933593375506168
113, 12, 108.96759869687355, -5.879501397558233
113, 13, 108.45051877613739, 0.8243484366092454
113, 14, 106.78781876859361, -26.402684133503428
114, 15, 1.0062033708553193e-12, -27.28428295831377
115, 16, 2.445265023386353, 2.421377661424583
115, 17, 1.3817888551725535, 3.40145904699837
115, 18, 3.447664658066662, 5.359176866993957
115, 19, 6.52846432514855, 3.2194322753735034
115, 20, 0.019224818040487132, 1.5749544459094325
115, 21, 108.9950324921097, 39.656181917262785
116, 22, 59.78316912579939, -39.54330681096085
118, 23, 343.8175739531834, 100.98411573572653
121, 24, 455.20929625218315, 107.6140414027472
122, 25, 60.92094102906741, 3.558085358909896
122, 26, 52.026168927873805, 5.022148692000669
122, 27, 48.102471621564874, 4.91867244645817
122, 28, 46.695287032376314, 4.709136277747338
122, 29, 56.42922204485843, 0.5217690880869323
122, 30, 42.06955307428473, 2.8084413672881188
123, 31, 60.742028072096026, -36.24335541640425
123, 32, 75.12385061734402, -42.853285636179784
123, 33, 90.90450619650011, 27.106202058862113
201, 34, 14.369033776490529, -0.18831790233619358
201, 35, 14.3265668609148, -0.4717914988972954
201, 36, 13.870971935623897, -30.77537472448968
201, 37, 45.97711036343559, -21.235339206375382
202, 38, 15.180190510838674, 4.660481292036532
202, 39, 11.268765547500365, 5.145311888728552
202, 40, 27.17905318405611, -36.32716767759577
202, 41, 14.738963431090951, -40.532581768044885
207, 42, 58.46199314786971, -12.805150399242384
207, 43, 24.865371254064083, 7.004699160617149
207, 44, 50.11222869718517, 20.094417829395667
213, 45, 100.2153472714754, -23.45585830850134
213, 46, 55.01741119270736, 17.068373033480757
213, 47, 24.09398778696342, 1.4653733057857368
214, 48, 1.0458718867073567e-12, 32.91536652204431
215, 49, 2.1794312419881594, 3.9528483406193975
215, 50, 2.22619917714492, 4.338256537551879
215, 51, 1.0750377814626486, 2.910906723556501
215, 52, 5.82609956651808, 4.15644892912943
215, 53, 6.372224217885417, 2.4236224979810803
215, 54, 73.07958951839527, 82.91570236444024
216, 55, 79.42642259723664, 65.19638527149931
218, 56, 296.4895105175231, 59.164316581665915
221, 57, 383.8115496745259, 35.810419953455906
222, 58, 34.9471059002643, 4.307755773746252
222, 59, 62.341776441662596, 3.8169894549908667
222, 60, 54.87798520864075, 2.469543732619466
222, 61, 54.245048296051976, 3.6274227956706184
222, 62, 64.17310208815239, 1.7088082309919688
222, 63, 43.20633111788979, 3.1347487049913476
223, 64, 96.56788373664287, -11.801284528947667
223, 65, 96.56795142170203, 17.971522427456385
223, 66, 127.12849751194464, 32.31021184694337
301, 67, 20.396456145065475, 1.5341033978785472
301, 68, 17.325894082842744, 0.6191242882395082
301, 69, 14.120760219258809, -17.853871198078448
301, 70, 17.07543631310272, -19.12962659536622
302, 71, 10.835530596964052, 1.547715568229922
302, 72, 17.16706907603198, 1.109744107305732
302, 73, 42.38295505128336, -14.931424082793049
302, 74, 39.22692352121252, -27.604778490281014
307, 75, 31.550915386825004, 3.16198313165833
307, 76, 59.16900357737685, -8.124381044099351
307, 77, 24.52902827414416, 12.826141521111607
313, 78, 43.26621797589255, -12.409611791497495
313, 79, 7.2623765024923905, 4.478149661180648
313, 80, 47.836397271043246, 10.462933977733298
314, 81, 1.0380336046672174e-12, 1.7667281775588515
315, 82, 0.5124568870454207, 2.5172749311987634
315, 83, 4.075711312132245, 2.4823439997022523
315, 84, 5.79432598114945, 3.6181903861762987
315, 85, 0.4938276750757716, 3.7366584131956087
315, 86, 0.5809518615318504, 4.994638901656682
315, 87, 101.72232491021151, 84.47196098805385
316, 88, 108.3123146947344, 28.566439336103965
318, 89, 468.5332657583378, 94.3030474579548
321, 90, 287.89310757091846, 55.63594305879478
322, 91, 54.89871694514681, 0.4669504184528138
322, 92, 43.2874248786282, 9.259470258021725
322, 93, 46.874854723402485, 3.9411339668566043
322, 94, 48.51809766417484, 0.7408223475486364
322, 95, 44.44875116268289, -0.6979820090439964
322, 96, 59.851115043686114, 3.537293484614321
323, 97, 115.86902868300439, 17.17489199412717
323, 98, 115.86919867007921, -6.689749260623995
323, 99, 163.70533750962232, 28.678512699572018
--end of generation dispatch
