--contingency generator
conID,genID,busID,unitID,q(MW) 
1, '1 ', 8, '1 ', 1.094938982652117
1, '1 ', 1, '1 ', 0.96837500935653
1, '1 ', 3, '1 ', 25.352224374354424
1, '1 ', 2, '1 ', 21.96453766493223
1, '1 ', 6, '1 ', -1.9285744231730089
--end of contingency generator
--bus
contingency id,bus id,v(pu),theta(deg) 
0, 4, 1.0731228225522242, 100.61175118292999
1, 11, 1.0667878229911036, 114.76474609637745
0, 7, 1.0985298573933329, 101.85854359190832
1, 10, 1.046532818869403, 111.94734723282939
1, 14, 1.0382642632517922, 112.35505322533629
0, 12, 1.083899452462711, 104.72311544679654
1, 4, 1.0729109068918972, 112.44300042842238
0, 13, 1.0752480211445217, 104.28619280356286
1, 12, 1.0512505395664329, 115.20004075469261
0, 14, 1.042727053390054, 100.84208123764786
1, 8, 1.1000000000066164, 114.73923048660491
0, 6, 1.1000000000426862, 105.90644155537103
1, 5, 1.0765657410340297, 113.68679680489714
1, 6, 1.1000000000325907, 117.78572457954833
0, 5, 1.0766765110264587, 101.84884722847855
1, 7, 1.0984304577848862, 113.69091244688205
0, 3, 1.0705374576746185, 97.90300252340488
0, 8, 1.1000000000122123, 102.90612803433191
1, 1, 1.0999999999928067, 115.19909592389955
1, 13, 1.0675161069308408, 115.6198806972254
1, 9, 1.0460877141819105, 110.92178373413734
0, 11, 1.0678518592789243, 102.96406028123337
0, 9, 1.0482039368970217, 99.24453092066635
1, 3, 1.0705374576718407, 109.7403237178784
1, 2, 1.0963760290663156, 114.53834640532175
0, 1, 1.1000000000000358, 103.36279918964469
0, 2, 1.096376029069084, 102.70255100280728
0, 10, 1.0483911243580115, 100.23159905515598
--end of bus
--Delta
contingency id,Delta(MW) 
1, 0.0025487252264512674 
--end of Delta
--line flow
contingency id,line id,origin bus id,destination bus id,circuit id,p_origin(MW),q_origin(MVar),p_destination(MW),q_destination(MVar) 
1, 'BL', 1, 2, 'BL', 23.260444365641206, -3.9402363434601284, -23.173698117197546, -2.1627012068117892 
1, 'BL', 2, 5, 'BL', 12.827996295715707, 6.285054165042197, -12.716884157571712, -10.030395229539636 
1, 'BL', 4, 9, 'BL', 5.528534737124522, 12.24654999864498, -5.528534737124522, -11.427490419221442 
1, 'BL', 4, 7, 'BL', -12.549568684943328, -0.5896603529753293, 12.549568684943328, 0.8639196180017734 
1, 'BL', 6, 13, 'BL', 38.41597246299972, 8.566044526245491, -37.56905343404412, -6.8981965761011 
1, 'BL', 7, 8, 'BL', -12.549568684943313, -0.8639196180016597, 12.549568684943313, 1.0949389826459992 
1, 'BL', 4, 5, 'BL', -56.59910314049819, 9.277654223796162, 56.98059760281319, -8.07430352656138 
0, 'BL', 12, 13, 'BL', 4.34388579215306, -0.0927276939118542, -4.308387153965384, 0.12484550941496764 
0, 'BL', 1, 5, 'BL', 15.926047778778084, 4.853575695915879, -15.785413203731466, -10.101336823182749 
0, 'BL', 10, 11, 'BL', -27.096776018967006, 1.6157208888578793, 27.646834089575663, -0.32809561619723127 
0, 'BL', 13, 14, 'BL', 19.798620697490364, 0.905504348531565, -19.21788523174652, 0.27689521145305207 
0, 'BL', 1, 2, 'BL', 23.244278275771876, -3.935147027877065, -23.157653651279134, -2.1681618583240834 
1, 'BL', 5, 6, 'BL', -36.037897216987794, 26.5504322928424, 36.037897216987794, -22.765930005684254 
0, 'BL', 2, 3, 'BL', 50.64251911107053, 1.735601661703413, -49.63248511024153, -2.6226230786764972 
0, 'BL', 4, 5, 'BL', -56.252085314499936, 9.416806596871083, 56.62919085074873, -8.227299920358291 
1, 'BL', 9, 14, 'BL', -7.015115270349753, 6.4504538382369105, 7.120608832000528, -6.2260548987424045 
0, 'BL', 2, 5, 'BL', 12.83143771579941, 6.214470076667112, -12.720840823317417, -9.961796921889004 
1, 'BL', 9, 10, 'BL', -20.423891001480342, 7.345080189247028, 20.56083002524025, -6.9813157281435 
1, 'BL', 3, 4, 'BL', -27.703420120119176, 9.382182541165548, 28.211998930039385, -9.554334471268476 
0, 'BL', 6, 13, 'BL', 28.99336728368047, 6.540995441659902, -28.510417631892324, -5.589916815228321 
0, 'BL', 2, 4, 'BL', 26.389814133758108, 4.162523436151446, -26.034525180397964, -7.085665646913412 
1, 'BL', 1, 5, 'BL', 15.922625314916274, 4.908611352823812, -15.781653206100373, -10.154392368678884 
1, 'BL', 10, 11, 'BL', -27.894735185993426, 1.582536849721805, 28.479542680959554, -0.21356700745297985 
0, 'BL', 4, 9, 'BL', 4.980015677147177, 11.857147044480541, -4.980015677147177, -11.107114944822854 
1, 'BL', 6, 11, 'BL', 32.780415059939116, 3.53409592613707, -31.927129304492098, -1.7472088261328054 
1, 'BL', 12, 13, 'BL', -6.10036180504585, -1.7971478497233306, 6.1812114900832285, 1.8702975647571236 
1, 'BL', 2, 4, 'BL', 26.47291640390634, 4.268752286508175, -26.114860884704, -7.182726934725451 
0, 'BL', 9, 10, 'BL', -19.63559477086278, 7.352595629552752, 19.762870858172334, -7.014499767318512 
0, 'BL', 3, 4, 'BL', -27.8143477967823, 9.296506641049973, 28.32551828369961, -9.462334877395278 
0, 'BL', 9, 14, 'BL', -8.351930561132093, 6.206770687104495, 8.477196029048173, -5.94031425397452 
0, 'BL', 6, 11, 'BL', 31.90197326438542, 3.3237962675702875, -31.09442071312884, -1.6326802174024806 
1, 'BL', 13, 14, 'BL', 18.367657855672334, 0.46833205409262746, -17.861298034636008, 0.5626358562627729 
1, 'BL', 2, 3, 'BL', 50.627328505167895, 1.7378864962715852, -49.617888069136825, -2.627408615985928 
0, 'BL', 4, 7, 'BL', -12.541922509307147, -0.5284706536752992, 12.541922509307147, 0.8021695442192822 
0, 'BL', 6, 12, 'BL', 10.561407287750939, 1.9482621575371581, -10.444247597235858, -1.7044201558231293 
0, 'BL', 7, 8, 'BL', -12.541922509307108, -0.8021695442195096, 12.541922509307108, 1.0327168833998712 
0, 'BL', 5, 6, 'BL', -35.6787738015886, 26.581774833466852, 35.6787738015886, -22.843542712705585 
--end of line flow
