--contingency generator
conID,genID,busID,unitID,q(MW) 
1, '1 ', 8, '1 ', -13.774946547845529
1, '1 ', 1, '1 ', 47.402637860313106
1, '1 ', 3, '1 ', 14.457852278096286
1, '1 ', 2, '1 ', 16.198130475638294
1, '1 ', 6, '1 ', 0.04609635006071725
--end of contingency generator
--bus
contingency id,bus id,v(pu),theta(deg) 
0, 4, 0.9394305715604478, 75.60376228836542
1, 11, 0.9323308008972704, 140.84123726792856
0, 7, 0.9162733185896087, 76.33996074232684
1, 10, 0.9136808972703124, 138.76857708186628
1, 14, 0.900010102784756, 137.72944476945673
0, 12, 0.9416248448101165, 77.79098910940604
1, 4, 0.9433680520915831, 139.701902881282
0, 13, 0.9328327542469209, 77.32298059554614
1, 12, 0.9140552907686966, 140.68001195601914
0, 14, 0.8997849275119588, 73.87472066555677
1, 8, 0.8903239232096513, 144.34099419602938
0, 6, 0.9580133414303116, 78.94133444848568
1, 5, 0.9532525398848067, 140.93147251317455
1, 6, 0.961691919873449, 143.1078289700927
0, 5, 0.9505293819190973, 76.81185800725802
1, 7, 0.9197756527446119, 140.37907308256376
0, 3, 0.9248970879106331, 73.36572697201414
0, 8, 0.8866831126615796, 80.33339834025684
1, 1, 1.0123882542924105, 143.72910993176222
1, 13, 0.9290522269005771, 140.9754399455228
1, 9, 0.9165322358915754, 138.3519044242252
0, 11, 0.9289424287324864, 76.72989629179942
0, 9, 0.913403506914341, 74.32773589362502
1, 3, 0.9396908521675745, 137.31874349638858
1, 2, 0.9825369033956686, 141.97554893622927
0, 1, 1.012387944390615, 79.58005536154174
0, 2, 0.9834225131309968, 77.81184392259684
0, 10, 0.9104764101983661, 74.7151151853974
--end of bus
--Delta
contingency id,Delta(MW) 
1, 1.8411529782870768e-5 
--end of Delta
--line flow
contingency id,line id,origin bus id,destination bus id,circuit id,p_origin(MW),q_origin(MVar),p_destination(MW),q_destination(MVar) 
1, 'BL', 1, 2, 'BL', 61.799713703020416, 28.91528287428696, -60.88848922833256, -31.387595163341302 
1, 'BL', 2, 5, 'BL', 13.785311972141614, 10.451894973031528, -13.586520766144758, -13.087084421721727 
1, 'BL', 4, 9, 'BL', 3.779725136556624, 10.024685788731233, -3.779725136556624, -9.351136685125624 
1, 'BL', 4, 7, 'BL', -5.014108694784598, 20.700285123689014, 5.014108694784598, -19.680695865993528 
1, 'BL', 6, 13, 'BL', 30.207354917564714, 9.231495094604838, -29.493746485974498, -7.8261773261504 
1, 'BL', 7, 8, 'BL', -32.120651315257916, 16.489352730198902, 32.120651315257916, -13.77494652745196 
1, 'BL', 4, 5, 'BL', -47.877164365509884, -6.4736288143415095, 48.227306290157344, 7.5780839789038055 
0, 'BL', 12, 13, 'BL', 3.6836599405399397, 0.08515726130397638, -3.649832408525043, -0.054551399004793666 
0, 'BL', 1, 5, 'BL', 26.221889567294212, 19.707911124184704, -25.59893265848298, -21.88024826186802 
0, 'BL', 10, 11, 'BL', -16.156274705828253, -1.579518650857949, 16.417103132710224, 2.1900892291786818 
0, 'BL', 13, 14, 'BL', 15.3648833711636, 1.748325980855327, -14.895144828057468, -0.7919203892575979 
0, 'BL', 1, 2, 'BL', 61.785697844785545, 27.417997182193858, -60.89228133403731, -29.9492745887992 
1, 'BL', 5, 6, 'BL', -14.821630221038435, 25.08303976941926, 14.821630221038435, -23.038118815457665 
0, 'BL', 2, 3, 'BL', 40.56061870466645, 18.709889665178082, -39.55050045308309, -18.445631453270153 
0, 'BL', 4, 5, 'BL', -47.62253935027536, -9.191311827083837, 47.97838409774329, 10.313755446250298 
1, 'BL', 9, 14, 'BL', 4.877761882769704, 3.325550359251764, -4.825025538783251, -3.2133730900593207 
0, 'BL', 2, 5, 'BL', 14.000303457563973, 12.426859233059474, -13.767810287307555, -14.953192909444226 
1, 'BL', 9, 10, 'BL', -5.284050747261574, 5.108099711203181, 5.304504524184097, -5.053766352198181 
1, 'BL', 3, 4, 'BL', -19.218322443421442, 5.3925844663421, 19.525543668628984, -5.74315779959727 
0, 'BL', 7, 9, 'BL', 26.71284503493687, 2.859391314870777, -26.71284503493687, -1.913654695308196 
0, 'BL', 6, 13, 'BL', 22.988727133518466, 7.118109714068851, -22.571303445514104, -6.296072165522787 
0, 'BL', 2, 4, 'BL', 25.619746981584456, 14.837862169410243, -25.062136377617946, -16.290339145991084 
1, 'BL', 1, 5, 'BL', 26.20804161366695, 18.487597010165416, -25.613282828968238, -20.789093094191344 
1, 'BL', 10, 11, 'BL', -16.66517339653825, -1.4624742027137358, 16.940241942642928, 2.1063793294696325 
0, 'BL', 4, 9, 'BL', 3.5455967686970324, 9.815050627536351, -3.5455967686970324, -9.170603568730712 
1, 'BL', 6, 11, 'BL', 20.17517332758038, 4.914761170035604, -19.732349047329365, -3.987431739187798 
1, 'BL', 12, 13, 'BL', -4.39521192964213, -1.9946157859603204, 4.456811622029164, 2.050348840977165 
1, 'BL', 2, 4, 'BL', 25.423619855523043, 12.220513849046199, -24.918889634839445, -13.843085982391585 
0, 'BL', 9, 10, 'BL', -4.777432034544972, 4.985004892976804, 4.79560898827981, -4.936719681075147 
0, 'BL', 3, 4, 'BL', -19.736736603850773, -0.2864839284185905, 20.041933014819534, -0.046858784908010875 
0, 'BL', 9, 14, 'BL', 3.7433255241659538, 2.8503610643442414, -3.7095988124017794, -2.778619829769468 
0, 'BL', 6, 11, 'BL', 19.63358996928622, 4.95984707484439, -19.209209434172095, -4.071141153237704 
1, 'BL', 13, 14, 'BL', 14.180679253205156, 1.173529854432985, -13.779723709712641, -0.3571690737258848 
1, 'BL', 2, 3, 'BL', 40.9682671189253, 10.96593498908021, -40.06802507404612, -11.221184489838777 
0, 'BL', 4, 7, 'BL', -5.407737757582638, 20.378557586567013, 5.407737757582638, -19.371059496453825 
0, 'BL', 6, 12, 'BL', 8.175342496692934, 2.2805575403585294, -8.078870618640252, -2.0797726479603966 
0, 'BL', 7, 8, 'BL', -32.120582800508316, 16.511668090877322, 32.120582800508316, -13.774935417488905 
1, 'BL', 7, 9, 'BL', 27.106542607086368, 3.1913430582097817, -27.106542607086368, -2.222630174556798 
0, 'BL', 5, 6, 'BL', -14.405767510701782, 25.304632175415065, 14.405767510701782, -23.250373901664716 
--end of line flow
