--contingency generator
conID,genID,busID,unitID,q(MW) 
1, '1 ', 8, '1 ', 1.6692646010619185
1, '1 ', 1, '1 ', -28.759647609827216
1, '1 ', 3, '1 ', 39.93918574717262
1, '1 ', 2, '1 ', 40.33932244187584
1, '1 ', 6, '1 ', -8.866743841704709
--end of contingency generator
--bus
contingency id,bus id,v(pu),theta(deg) 
0, 4, 1.079456341858673, 95.18827824244335
1, 11, 1.0781101849312225, 73.85068356834944
0, 7, 1.0993981704574907, 99.2220025842116
1, 10, 1.068006949053475, 72.18513475223237
1, 14, 1.051054348368933, 71.87015756788824
0, 12, 1.0834114295735406, 92.39165628441812
1, 4, 1.0791719289249848, 77.53973098795522
0, 13, 1.0772244602153387, 92.20640756826916
1, 12, 1.054146771325378, 73.69846708984024
0, 14, 1.0557320734965183, 89.77728877285456
1, 8, 1.0999910587425596, 84.98509052314387
0, 6, 1.0980631286441676, 93.33589270672486
1, 5, 1.0767181189026525, 78.16643437386159
1, 6, 1.097542202807298, 75.722280007897
0, 5, 1.076927729878612, 95.80988324690776
1, 7, 1.0992636171352383, 81.57562375633634
0, 3, 1.0999953032266911, 93.93058477327317
0, 8, 1.099991058124704, 102.6305374985527
1, 1, 1.099996873374583, 82.13665121546825
1, 13, 1.0696797586789504, 74.15827517107775
1, 9, 1.0716076604645364, 71.65140103070941
0, 11, 1.0795580664886932, 91.53009255538305
0, 9, 1.074066892675326, 89.42899341804775
1, 3, 1.0999953046528306, 76.28461155808886
1, 2, 1.0999984991425418, 79.46132786938186
0, 1, 1.0999968719179, 99.78291966199251
0, 2, 1.0999984943551626, 97.1081608778168
0, 10, 1.070202026775477, 89.93262452430807
--end of bus
--Delta
contingency id,Delta(MW) 
1, 0.0020496593801406834 
--end of Delta
--line flow
contingency id,line id,origin bus id,destination bus id,circuit id,p_origin(MW),q_origin(MVar),p_destination(MW),q_destination(MVar) 
1, 'BL', 1, 2, 'BL', 86.86126752081168, -29.41830086754794, -85.54268747309288, 27.05534721883396 
1, 'BL', 2, 5, 'BL', 18.309385077408535, 6.811495730208321, -18.114281908759637, -10.314727032805763 
1, 'BL', 4, 9, 'BL', 22.013649665519793, 9.560062484574502, -22.013649665519793, -6.977202986296277 
1, 'BL', 4, 7, 'BL', -40.82402802161376, 3.646235054286876, 40.82402802161376, -0.7610446996591236 
1, 'BL', 6, 13, 'BL', 29.167332938477273, 8.999299560173199, -28.655682751908785, -7.99170062133328 
1, 'BL', 7, 8, 'BL', -40.82402802161369, 0.7610446996588962, 40.82402802161369, 1.669264601066402 
1, 'BL', 4, 5, 'BL', -25.56584501674763, 14.558612164773876, 25.66506519053746, -14.245641264526967 
0, 'BL', 12, 13, 'BL', 2.5196771442957697, 0.5716743215697875, -2.5071128672971668, -0.5603066423805672 
0, 'BL', 1, 5, 'BL', 37.65552347002544, 0.5553462859184606, -37.016799069406034, -3.7482682579297375 
0, 'BL', 10, 11, 'BL', -15.979888796784138, 1.8470731404506182, 16.165266927130972, -1.4131233842565507 
0, 'BL', 13, 14, 'BL', 13.906927317696216, 0.1157790741417557, -13.622023446765894, 0.4642960745225082 
0, 'BL', 1, 2, 'BL', 86.84281288413843, -29.413190635132423, -85.52478919261114, 27.048538385126903 
1, 'BL', 5, 6, 'BL', 21.455893432435, 26.92371249176466, -21.455893432435, -24.68566294807505 
0, 'BL', 2, 3, 'BL', 32.283895638902436, -9.371299881892242, -31.86159526293352, 5.85069140438668 
0, 'BL', 4, 5, 'BL', -25.300245104943542, 14.66521574895296, 25.398222083766996, -14.356166267435128 
1, 'BL', 9, 14, 'BL', 1.834972129822944, 7.286361024133271, -1.7724786121348473, -7.153428939226444 
0, 'BL', 2, 5, 'BL', 18.30947820066217, 6.679802595468232, -18.11546915416571, -10.187155428704045 
1, 'BL', 9, 10, 'BL', -9.525740212256494, 8.21105908440586, 9.569552108504126, -8.094677278906602 
1, 'BL', 3, 4, 'BL', -8.574448167594682, 16.14437272302348, 8.773688767704215, -17.1555949207916 
0, 'BL', 6, 13, 'BL', 21.39172879105098, 6.87907735518661, -21.11471302698311, -6.33354683991638 
0, 'BL', 2, 4, 'BL', 24.273152602303014, 3.1368319832437237, -23.97724137552825, -6.276843264238323 
1, 'BL', 1, 5, 'BL', 37.64731713018027, 0.6586532577628077, -37.008538050108044, -3.850239004258242 
1, 'BL', 10, 11, 'BL', -16.673167316889277, 1.7579353967818747, 16.87536112861673, -1.2846219852219178 
0, 'BL', 4, 9, 'BL', 21.587959571392762, 9.082237531779185, -21.587959571392762, -6.623847442518041 
1, 'BL', 6, 11, 'BL', 20.114663034079456, 1.4347880087360068, -19.79402182823594, -0.763325218229852 
1, 'BL', 12, 13, 'BL', -6.104331815540206, -1.4268802621960788, 6.182460903915114, 1.4975684850114135 
1, 'BL', 2, 4, 'BL', 24.338870441899957, 3.2931870719512517, -24.04063323297163, -6.425097069149842 
0, 'BL', 9, 10, 'BL', -8.835789942864267, 8.29135567104845, 8.876273588165247, -8.183815022575345 
0, 'BL', 3, 4, 'BL', -8.666839425742552, 15.998375892746708, 8.864238114417986, -17.014692132174105 
0, 'BL', 9, 14, 'BL', 0.7193317660726564, 6.952966421235772, -0.6654947461688607, -6.838447866900253 
0, 'BL', 6, 11, 'BL', 19.381064108239883, 1.2570647765475655, -19.08392762694612, -0.634823819195276 
1, 'BL', 13, 14, 'BL', 12.758323271619943, -0.2839422718331548, -12.515039580491546, 0.7792771468492958 
1, 'BL', 2, 3, 'BL', 32.275112731187164, -9.369721659471452, -31.853040796696803, 5.848150722586752 
0, 'BL', 4, 7, 'BL', -40.817879043479905, 3.7282998293738956, 40.817879043479905, -0.844452534296579 
0, 'BL', 6, 12, 'BL', 8.706070143556559, 2.1693468004648366, -8.624008960043511, -1.998554583765781 
0, 'BL', 7, 8, 'BL', -40.8178790434808, 0.8444525342966926, 40.8178790434808, 1.584725454551517 
0, 'BL', 5, 6, 'BL', 21.73218480385657, 26.804695144241975, -21.73218480385657, -24.55706382186804 
--end of line flow
