--contingency generator
conID,genID,busID,unitID,q(MW) 
1, '1 ', 8, '1 ', 0.18425749555796755
1, '1 ', 1, '1 ', 3.225580414062341
1, '1 ', 3, '1 ', 23.507966429299103
1, '1 ', 2, '1 ', 17.80561288265595
1, '1 ', 6, '1 ', 1.425044573819069
--end of contingency generator
--bus
contingency id,bus id,v(pu),theta(deg) 
0, 4, 1.0555337056355683, 16.438338586954785
1, 11, 1.0739774549009318, 91.80462494251424
0, 7, 1.0706134068086022, 16.00961055884982
1, 10, 1.0609127869483197, 89.31094055834971
1, 14, 1.0474957034853607, 88.85412815051315
0, 12, 1.0850108090728359, 20.46470890965309
1, 4, 1.055323951151122, 89.30772095280383
0, 13, 1.0776947799921905, 20.04267934740974
1, 12, 1.0541941793554523, 92.00647614108227
0, 14, 1.0509516252720477, 16.244555597579666
1, 8, 1.0704498576675243, 88.96508499543879
0, 6, 1.0999999997961927, 21.645561241220353
1, 5, 1.0607265968705988, 90.67428926466657
1, 6, 1.0999999997551868, 94.60201072793973
0, 5, 1.0608196291901149, 17.792659825377548
1, 7, 1.070149819409528, 88.82561852848974
0, 3, 1.0467463112368516, 13.515607749816004
0, 8, 1.0704498576370756, 16.14839122863431
1, 1, 1.087353055803425, 93.47805822123048
1, 13, 1.0706823477590661, 92.4604498928599
1, 9, 1.0653146964773528, 88.48121082902524
0, 11, 1.074480240590676, 18.916902548704496
0, 9, 1.0661915356771352, 15.694287521252507
1, 3, 1.0467463112592204, 86.39223411854147
1, 2, 1.072723355388451, 91.16511820273098
0, 1, 1.0873530557822053, 20.60010193328636
0, 2, 1.0727233553394284, 18.28828140506737
0, 10, 1.0617208790005817, 16.493311237749097
--end of bus
--Delta
contingency id,Delta(MW) 
1, 0.0023671926756616696 
--end of Delta
--line flow
contingency id,line id,origin bus id,destination bus id,circuit id,p_origin(MW),q_origin(MVar),p_destination(MW),q_destination(MVar) 
1, 'BL', 1, 2, 'BL', 80.27711924780448, -0.923926806869531, -79.2200061239422, -2.007861074726179 
1, 'BL', 2, 5, 'BL', 7.259116388013297, 3.05689737046589, -7.220428133020647, -6.876040230867261 
1, 'BL', 4, 9, 'BL', 3.0090891262435324, 4.676411778716528, -3.0090891262435324, -4.531408041585848 
1, 'BL', 4, 7, 'BL', 4.646302812922455, 4.618944483893529, -4.646302812922455, -4.541855998645133 
1, 'BL', 6, 13, 'BL', 37.1075373405464, 6.544392830501124, -36.33134176589704, -5.015821439578076 
1, 'BL', 7, 8, 'BL', -1.5829784467734107, -0.18035320761521234, 1.5829784467734107, 0.1842575208421522 
1, 'BL', 4, 5, 'BL', -61.29011835549659, 6.647059932116463, 61.745702841206594, -5.210006546853947 
0, 'BL', 12, 13, 'BL', 3.9232644119654196, -0.3490017650541404, -3.8941515260854658, 0.3753419951360115 
0, 'BL', 1, 5, 'BL', 27.028314966148315, 4.100165834159782, -26.672032425420426, -8.306284460164761 
0, 'BL', 10, 11, 'BL', -23.59630658174453, 3.558249138831627, 24.01079370448977, -2.5879805018337265 
0, 'BL', 13, 14, 'BL', 20.92781389312377, -1.2824962065573686, -20.280816711617874, 2.5998071473383106 
0, 'BL', 1, 2, 'BL', 80.24190237926467, -0.9139462248756445, -79.18570864403944, -2.0206486855076946 
1, 'BL', 5, 6, 'BL', -34.02695379223798, 18.381093720969034, 34.02695379223798, -15.47102072374031 
0, 'BL', 2, 3, 'BL', 48.27961721295287, 2.062889424539435, -47.31921422733282, -2.936333540089322 
0, 'BL', 4, 5, 'BL', -60.71061326667291, 6.739949305436312, 61.15769427369912, -5.329718503498043 
1, 'BL', 9, 14, 'BL', 0.5065276287276106, 6.791413598328916, -0.45458147472069754, -6.680917169091288 
0, 'BL', 2, 5, 'BL', 7.292161464216122, 2.9891528925261355, -7.253571430267726, -6.8089370958801965 
1, 'BL', 9, 10, 'BL', -15.08846982198014, 11.369904460841553, 15.188515648052885, -11.10414299265085 
1, 'BL', 3, 4, 'BL', -29.978836643979093, 6.630826311099327, 30.561364974487162, -6.55804332430921 
0, 'BL', 7, 9, 'BL', 5.710401177584106, 4.319062678572891, -5.710401177584106, -4.269862045319769 
0, 'BL', 6, 13, 'BL', 27.983754638221228, 4.980693296052777, -27.54208156853457, -4.110901145061689 
0, 'BL', 2, 4, 'BL', 21.908298395786005, 1.6162191627364564, -21.65947583036146, -4.711538000411338 
1, 'BL', 1, 5, 'BL', 27.00493406096396, 4.149507218512042, -26.64891166432055, -8.356214203419654 
1, 'BL', 10, 11, 'BL', -24.23133633521448, 3.696735401949695, 24.66932829479356, -2.671444534474233 
0, 'BL', 4, 9, 'BL', 2.7116653739489656, 4.543903202764568, -2.7116653739489656, -4.412659154669399 
1, 'BL', 6, 11, 'BL', 29.476275819310587, 1.0236301738225961, -28.793441321128626, 0.40631067360197903 
1, 'BL', 12, 13, 'BL', -6.331485420994852, -1.6804002661626782, 6.41678895498444, 1.7575796540580768 
1, 'BL', 2, 4, 'BL', 22.018613488218904, 1.7101118108685114, -21.76700066088992, -4.796211614222102 
0, 'BL', 9, 10, 'BL', -14.45978453607654, 11.214564770810057, 14.55348589457384, -10.965656729532839 
0, 'BL', 3, 4, 'BL', -30.097347115825016, 6.553209649822065, 30.683537311543546, -6.4713638314137825 
0, 'BL', 9, 14, 'BL', -0.9384614915962288, 6.469863811595303, 0.9862520635640237, -6.368206862113368 
0, 'BL', 6, 11, 'BL', 28.786210272587056, 1.0410644398447744, -28.134906730832597, 0.32284664096135884 
1, 'BL', 13, 14, 'BL', 19.406133609431905, -1.7598135709729945, -18.839983173313584, 2.912517454304634 
1, 'BL', 2, 3, 'BL', 48.28162133747426, 2.0625870662310035, -47.321140459879004, -2.935703021349468 
0, 'BL', 4, 7, 'BL', 4.134524308793626, 4.48721057981993, -4.134524308793626, -4.420373953151284 
0, 'BL', 6, 12, 'BL', 10.366392158679758, 1.5637573273809267, -10.254749832969196, -1.3313985010851752 
0, 'BL', 7, 8, 'BL', -1.5758768687967135, 0.1013112745778244, 1.5758768687967135, -0.0974790308930551 
1, 'BL', 7, 9, 'BL', 6.229281259695883, 4.722209206260686, -6.229281259695883, -4.663513411329404 
0, 'BL', 5, 6, 'BL', -33.382681166392885, 18.383772799369524, 33.382681166392885, -15.558502774834892 
--end of line flow
