--contingency generator
conID,genID,busID,unitID,q(MW) 
1, '1 ', 8, '1 ', 9.39880808856381
1, '1 ', 1, '1 ', 2.788825166320053
1, '1 ', 3, '1 ', 21.795810011363894
1, '1 ', 2, '1 ', 18.093816278867976
1, '1 ', 6, '1 ', -8.042734326346313
--end of contingency generator
--bus
contingency id,bus id,v(pu),theta(deg) 
0, 4, 1.069793581292104, 57.69703078844131
1, 11, 1.0781491030662949, 48.91574623061922
0, 7, 1.0856400694390511, 57.835518328739255
1, 10, 1.067751829789531, 46.27048681831706
1, 14, 1.0514963374979596, 46.33541837621382
0, 12, 1.0837314073658018, 62.13626501222593
1, 4, 1.0695645721666123, 45.90314042534317
0, 13, 1.0760304627104547, 61.77366140346926
1, 12, 1.0494878681964142, 48.77527106304353
0, 14, 1.0552609630160714, 58.4248994188342
1, 8, 1.0999999890793508, 47.07207869067124
0, 6, 1.1000000006911281, 63.496940717191336
1, 5, 1.0734271829365016, 47.13306778487346
1, 6, 1.1000000003200692, 51.799212260828725
0, 5, 1.0735305437899216, 58.913373016270285
1, 7, 1.0851456076909065, 45.98161142799333
0, 3, 1.0640479996717809, 54.75551991393085
0, 8, 1.0999999888938998, 58.92469113331829
1, 1, 1.09588953499171, 48.46918805569327
1, 13, 1.0683028991303927, 49.45362047523484
1, 9, 1.0716037520748232, 45.3246981814678
0, 11, 1.0786955910764353, 60.69068775028067
0, 9, 1.0725378301421493, 57.212217212747454
1, 3, 1.0640480004440676, 42.9711964705301
1, 2, 1.089239320824022, 47.48752571614615
0, 1, 1.0958895346003512, 60.25301806893201
0, 2, 1.0892393201928123, 59.27248313211869
0, 10, 1.0686191271580974, 58.12370878959968
--end of bus
--Delta
contingency id,Delta(MW) 
1, 0.003145768342125766 
--end of Delta
--line flow
contingency id,line id,origin bus id,destination bus id,circuit id,p_origin(MW),q_origin(MVar),p_destination(MW),q_destination(MVar) 
1, 'BL', 1, 2, 'BL', 34.94499284158758, -2.0031581029800236, -34.74771670966686, -3.697307444541593 
1, 'BL', 2, 5, 'BL', 6.690625854314192, 5.674200377565398, -6.640480982433189, -9.567028437922659 
1, 'BL', 4, 9, 'BL', 2.1470001861132335, 6.3968195465472775, -2.1470001861132335, -6.188976185021062 
1, 'BL', 4, 7, 'BL', -0.7772254885391275, 4.43459476720011, 0.7772254885391275, -4.3991536991431985 
1, 'BL', 6, 13, 'BL', 40.46099758415852, 6.975092363934891, -39.53941096147804, -5.160200612814833 
1, 'BL', 7, 8, 'BL', -12.896202105595586, -9.028092922866449, 12.896202105595586, 9.39880806135477 
1, 'BL', 4, 5, 'BL', -55.8224630261692, 8.514604400516419, 56.19457490690604, -7.3408492471207865 
0, 'BL', 12, 13, 'BL', 3.745035293686044, 0.04781675954717457, -3.718649246239977, -0.023943669000686896 
0, 'BL', 1, 5, 'BL', 14.19498814819417, 4.737047338203354, -14.077722958723186, -10.042434190541655 
0, 'BL', 10, 11, 'BL', -24.5388003666624, 5.4786681037466565, 24.993019651864756, -4.415390856838371 
0, 'BL', 13, 14, 'BL', 18.1162323022279, -1.919018255046069, -17.626283274203814, 2.916573164850945 
0, 'BL', 1, 2, 'BL', 34.90894716619289, -1.9920312852532334, -34.712073138258006, -3.709661939182979 
1, 'BL', 5, 6, 'BL', -40.894954380901254, 25.314331026381353, 40.894954380901254, -20.919550287109587 
0, 'BL', 2, 3, 'BL', 47.17012983117158, 1.8841508610452138, -46.280934562625845, -3.2157723801361726 
0, 'BL', 4, 5, 'BL', -55.16408014529986, 8.609376394971605, 55.52769829589943, -7.462413074990309 
1, 'BL', 9, 14, 'BL', -2.9272286519262423, 9.410198812521116, 3.0347320565770417, -9.181524667690041 
0, 'BL', 2, 5, 'BL', 6.721248978230392, 5.599762897778419, -6.671456462025873, -9.494050676409188 
1, 'BL', 9, 10, 'BL', -17.905328160980048, 11.8098289236641, 18.032772869924884, -11.471285135363814 
1, 'BL', 3, 4, 'BL', -30.376431196541517, 8.615910150045465, 30.974191221696287, -8.546990448450515 
0, 'BL', 7, 9, 'BL', 11.514180273829835, 12.99265091398297, -11.514180273829835, -12.711342618966455 
0, 'BL', 6, 13, 'BL', 30.059227668003643, 5.386997377933653, -29.54939326770551, -4.382974289092658 
0, 'BL', 2, 4, 'BL', 20.035052122561524, 3.6427462158486605, -19.822762517202676, -6.961138483516947 
1, 'BL', 1, 5, 'BL', 14.174671178262614, 4.79198328122618, -14.057283752527312, -10.096319632962093 
1, 'BL', 10, 11, 'BL', -25.250254270004717, 5.645239603227026, 25.732038118178252, -4.517436754735968 
0, 'BL', 4, 9, 'BL', 1.8014425639052256, 6.256468609024012, -1.8014425639052256, -6.063043894017113 
1, 'BL', 6, 11, 'BL', 29.417743838088427, -1.2083736746301952, -28.73729156102658, 2.633325853063525 
1, 'BL', 12, 13, 'BL', -7.884513366675492, -1.1252262557748054, 8.01174246183706, 1.2403382942542862 
1, 'BL', 2, 4, 'BL', 20.16731641988673, 3.743416195486134, -19.951859386137812, -7.051364825162523 
0, 'BL', 9, 10, 'BL', -17.20214452005962, 11.621288644848619, 17.3213190867408, -11.304713640618502 
0, 'BL', 3, 4, 'BL', -30.525361301859874, 8.537665008397425, 31.127628046298383, -8.457556337593473 
0, 'BL', 9, 14, 'BL', -4.5807663629935575, 9.10060063252729, 4.695468112758476, -8.856614643215323 
0, 'BL', 6, 11, 'BL', 28.64338088761562, -1.1803438217115172, -27.99827321164622, 2.531279984591265 
1, 'BL', 13, 14, 'BL', 16.375858473061157, -2.406073953204384, -15.96554728526749, 3.2414831825728356 
1, 'BL', 2, 3, 'BL', 47.16390190586594, 1.885118921247681, -46.27493588694057, -3.21770628111301 
0, 'BL', 4, 7, 'BL', -1.3725844466739014, 4.300513248045718, 1.3725844466739014, -4.264897388094596 
0, 'BL', 6, 12, 'BL', 11.772525480050177, 1.4706178770529732, -11.629548570832895, -1.1730430406127539 
0, 'BL', 7, 8, 'BL', -12.886764647736458, -8.727753374835402, 12.886764647736458, 9.089797119034301 
1, 'BL', 7, 9, 'BL', 12.118976681294763, 13.427246756584509, -12.118976681294763, -13.121601920833427 
0, 'BL', 5, 6, 'BL', -40.176662986076536, 25.309031673432855, 40.176662986076536, -21.026220086736544 
--end of line flow
