--contingency generator
conID,genID,busID,unitID,q(MW) 
1, '1 ', 8, '1 ', 17.45276265112581
1, '1 ', 1, '1 ', 4.1058818823922465
1, '1 ', 3, '1 ', 12.777273454321987
1, '1 ', 2, '1 ', 17.88211866891394
1, '1 ', 6, '1 ', -5.174078063529442
--end of contingency generator
--bus
contingency id,bus id,v(pu),theta(deg) 
0, 4, 1.0141566487652067, 65.73052863769206
1, 11, 1.030453027193054, 54.0164555393391
0, 7, 1.0450119699806282, 66.4308921895893
1, 10, 1.026573092350316, 52.27502316911506
1, 14, 1.0096131773344916, 51.851095134856486
0, 12, 1.0299528343897093, 68.21600273237233
1, 4, 1.0141020208099976, 52.299907586787384
0, 13, 1.0246336792908723, 67.86139821084801
1, 12, 1.0007658375744528, 53.46373895123265
0, 14, 1.0129130052616506, 65.53263483430247
1, 8, 1.0724142322573642, 55.312993441071136
0, 6, 1.0440941757672215, 69.3884901717687
1, 5, 1.0161241032448838, 53.3992514375101
1, 6, 1.0441102920714593, 56.04097661804609
0, 5, 1.0160661449679547, 66.81841590253295
1, 7, 1.04463492650258, 52.94914170714728
0, 3, 1.0008990148940597, 63.67622087219923
0, 8, 1.0724085631817057, 68.79331330895872
1, 1, 1.0385917102733702, 55.58382066733494
1, 13, 1.0179600519878387, 53.97933938785856
1, 9, 1.0321753842276478, 51.75875333786299
0, 11, 1.0308718536836674, 67.4313038893645
0, 9, 1.0329549385655388, 65.26936143479257
1, 3, 1.0009360470329816, 50.255734790451775
1, 2, 1.0292756873925808, 54.33718960383072
0, 1, 1.0385550255742346, 69.00502025738056
0, 2, 1.0289505969747206, 67.76415349556284
0, 10, 1.0272766028271445, 65.7566604440549
--end of bus
--Delta
contingency id,Delta(MW) 
1, 0.0024028368195257643 
--end of Delta
--line flow
contingency id,line id,origin bus id,destination bus id,circuit id,p_origin(MW),q_origin(MVar),p_destination(MW),q_destination(MVar) 
1, 'BL', 1, 2, 'BL', 40.461102027072855, 0.6797766692786809, -40.16473633215469, -5.419462785227552 
1, 'BL', 2, 5, 'BL', 11.218749070269098, 2.3584252059796427, -11.141648123651663, -5.742036020334922 
1, 'BL', 4, 9, 'BL', 1.8343744141440546, 2.712528008127066, -1.8343744141440546, -2.6580770774145606 
1, 'BL', 4, 7, 'BL', -5.869230624711843, -3.7950755381272074, 5.869230624711843, 3.8900875903154883 
1, 'BL', 6, 13, 'BL', 32.00895658025087, 5.233588591293369, -31.37063743578898, -3.9765389321997873 
1, 'BL', 7, 8, 'BL', -26.23124188704277, -15.932972220317993, 26.23124188704277, 17.453434750503106 
1, 'BL', 4, 5, 'BL', -43.93444564044023, 9.509200246855471, 44.196753498139515, -8.681800704703619 
0, 'BL', 12, 13, 'BL', 2.8394873279378317, -0.3873849641915399, -2.8223836603018526, 0.40285971110029095 
0, 'BL', 1, 5, 'BL', 19.525730130255354, 3.4328014289628754, -19.316193972189495, -7.760847937540234 
0, 'BL', 10, 11, 'BL', -14.235745151143021, 4.393927212949507, 14.408322760658308, -3.9899420641426104 
0, 'BL', 13, 14, 'BL', 11.225576625153693, -1.816370185262258, -11.015042520459033, 2.245025653090181 
0, 'BL', 1, 2, 'BL', 40.4329371040792, 1.1907423747561552, -40.13626551665743, -5.927526939605059 
1, 'BL', 5, 6, 'BL', -20.818686709191795, 20.445646339054633, 20.818686709191795, -18.640433217462203 
0, 'BL', 2, 3, 'BL', 38.68054401856456, 4.403538085555169, -37.99643721995926, -6.033958282033382 
0, 'BL', 4, 5, 'BL', -43.4144343334724, 9.605887359078224, 43.671058044928145, -8.796417359872521 
1, 'BL', 9, 14, 'BL', 2.8077050042989242, 7.293673403838625, -2.7348300991417887, -7.138658716902967 
0, 'BL', 2, 5, 'BL', 11.242245138309272, 2.192665830612441, -11.16554921844596, -5.57615195153619 
1, 'BL', 9, 10, 'BL', -7.623240961615693, 9.763923782747725, 7.669057042374902, -9.64221806680439 
1, 'BL', 3, 4, 'BL', -20.841485451424774, 0.19697942570229543, 21.132480871789255, -0.7536467396294029 
0, 'BL', 7, 9, 'BL', 19.89064241695427, 11.654893628023387, -19.89064241695427, -11.119501695908184 
0, 'BL', 6, 13, 'BL', 23.813375441973847, 3.796732192771856, -23.460522075480696, -3.101853764154157 
0, 'BL', 2, 4, 'BL', 21.621407002276527, 0.08040447869450418, -21.362882475718976, -2.844307790787184 
1, 'BL', 1, 5, 'BL', 19.509120261276394, 3.426492280970649, -19.29996097169223, -7.756571726757841 
1, 'BL', 10, 11, 'BL', -14.811241615412598, 4.507810863249517, 14.997860080193618, -4.070957620952129 
0, 'BL', 4, 9, 'BL', 1.5645100807349435, 2.5742217450808766, -1.5645100807349435, -2.528146630942331 
1, 'BL', 6, 11, 'BL', 18.480181391256394, -1.3178501495207229, -18.181123816059596, 1.944114117794527 
1, 'BL', 12, 13, 'BL', -6.337176664482428, -1.5839718220605334, 6.431296305874952, 1.6691276880823125 
1, 'BL', 2, 4, 'BL', 21.72756902121253, 0.27010870737035475, -21.46626988164701, -3.0265422897485905 
0, 'BL', 9, 10, 'BL', -7.050827301308061, 9.641078194272723, 7.093359418377361, -9.528095990803422 
0, 'BL', 3, 4, 'BL', -20.94959520903697, 0.18978888230316215, 21.243626173188375, -0.7387320278739935 
0, 'BL', 9, 14, 'BL', 1.4933348357447187, 6.958828955400861, -1.4329896982741275, -6.830466763053209 
0, 'BL', 6, 11, 'BL', 17.871348290093977, -1.2775043264796864, -17.59165567760911, 1.8632156406852687 
1, 'BL', 13, 14, 'BL', 9.882138068814186, -2.2084430281981042, -9.71300669124885, 2.5528009643140024 
1, 'BL', 2, 3, 'BL', 38.67122919763443, 4.554932102198791, -37.98695215757755, -6.1862627670581105 
0, 'BL', 4, 7, 'BL', -6.334057056896937, -3.949089772823413, 6.334057056896937, 4.057442518309699 
0, 'BL', 6, 12, 'BL', 9.275994644053327, 1.4029642612145494, -9.17676266246761, -1.196434823337654 
0, 'BL', 7, 8, 'BL', -26.224698981175813, -15.712336144933602, 26.224698981175813, 17.219885815132898 
1, 'BL', 7, 9, 'BL', 20.362011253763814, 12.042884629999548, -20.362011253763814, -11.478709646482685 
0, 'BL', 5, 6, 'BL', -20.252942353782572, 20.398863262826296, 20.252942353782572, -18.6467662449121 
--end of line flow
