--contingency generator
conID,genID,busID,unitID,q(MW) 
1, '1 ', 8, '1 ', 1.0580214391026477
1, '1 ', 1, '1 ', 1.3800845035870584
1, '1 ', 3, '1 ', 27.828524262745184
1, '1 ', 2, '1 ', 16.711931834480648
1, '1 ', 6, '1 ', -1.1818893030280562
--end of contingency generator
--bus
contingency id,bus id,v(pu),theta(deg) 
0, 4, 1.0156153577104883, 24.78134003276599
1, 11, 1.0004840363671414, 27.822954108187336
0, 7, 1.0367842952627584, 27.722782535492964
1, 10, 0.9814045988535021, 24.909299251347893
1, 14, 0.9628837361672667, 24.495546988098422
0, 12, 1.0152459380040544, 26.148567530361934
1, 4, 1.0153695180938043, 28.317531463364855
0, 13, 1.003082161009124, 25.532888212818623
1, 12, 0.9807824662164571, 28.236320286531633
0, 14, 0.9678496937658689, 21.318302436481485
1, 8, 1.037493638027882, 33.7414966973679
0, 6, 1.0325386666866414, 27.42655481701572
1, 5, 1.0171420375011075, 29.288131001232188
1, 6, 1.0325350433658638, 31.011402645926008
0, 5, 1.0172715324755432, 25.745351288785976
1, 7, 1.0366673204872487, 31.260837943101006
0, 3, 1.0228615080037313, 22.59618559713319
0, 8, 1.0374954644059986, 30.20246700571946
1, 1, 1.0421807870106425, 31.093683459015132
1, 13, 0.9947378350162517, 28.52531463542809
1, 9, 0.9808688771693929, 23.912031067194015
0, 11, 1.0016994252019877, 24.32401718762239
0, 9, 0.9833126973931523, 20.549443593091905
1, 3, 1.022859808846742, 26.138809234244786
1, 2, 1.038672478930167, 30.391503385093344
0, 1, 1.0421825973484529, 27.552545909462356
0, 2, 1.0386745061250766, 26.85089638276531
0, 10, 0.9835404272711681, 21.504256463302465
--end of bus
--Delta
contingency id,Delta(MW) 
1, 0.002609593829102639 
--end of Delta
--line flow
contingency id,line id,origin bus id,destination bus id,circuit id,p_origin(MW),q_origin(MVar),p_destination(MW),q_destination(MVar) 
1, 'BL', 1, 2, 'BL', 22.116322473932314, -3.7945062617175154, -22.028893385676838, -1.6541104913417257 
1, 'BL', 2, 5, 'BL', 14.40403673478437, 6.389799616873461, -14.258530933067362, -9.601754545061794 
1, 'BL', 4, 9, 'BL', 14.195167574350643, 13.165925390766546, -14.195167574350643, -11.267184621285423 
1, 'BL', 4, 7, 'BL', -26.42718657795113, 1.4448950924439714, 26.42718657795113, -0.0858833719521499 
1, 'BL', 6, 13, 'BL', 39.58298200551883, 10.600694523788206, -38.54109802550403, -8.548899722933697 
1, 'BL', 7, 8, 'BL', -26.427185060410093, 0.0858812318405171, 26.427185060410093, 1.0588676537070114 
1, 'BL', 4, 5, 'BL', -38.88051827767845, 8.404109824441548, 39.08541186821776, -7.757812513758836 
0, 'BL', 12, 13, 'BL', 5.552693768182138, 0.0705466852878942, -5.486598547769006, -0.010746247771265871 
0, 'BL', 1, 5, 'BL', 16.876851570808853, 5.11621273815291, -16.704991852998702, -9.624387995843165 
0, 'BL', 10, 11, 'BL', -24.47455583076163, 1.777544286313514, 24.985306112524256, -0.5819342117474093 
0, 'BL', 13, 14, 'BL', 20.833677521800013, 0.6767943490630159, -20.095543489707964, 0.8260746958599157 
0, 'BL', 1, 2, 'BL', 22.100928126330473, -3.790052344184687, -22.013622271149302, -1.6589617369511416 
1, 'BL', 5, 6, 'BL', -13.446247903327924, 25.67339351002613, 13.446247903327924, -23.8961620747815 
0, 'BL', 2, 3, 'BL', 39.88789121214711, -2.054959814530662, -39.19485728011276, 0.3207804726793029 
0, 'BL', 4, 5, 'BL', -38.55894812339341, 8.57709776273714, 38.76089972468435, -7.9400803896764955 
1, 'BL', 9, 14, 'BL', -0.3944203592266433, 6.728083410555996, 0.4544313096195651, -6.6004320788964606 
0, 'BL', 2, 5, 'BL', 14.403830104840011, 6.314200790140035, -14.258983894478831, -9.528632633177722 
1, 'BL', 9, 10, 'BL', -17.51464366159354, 6.144081171884409, 17.628549691114415, -5.841501495854118 
1, 'BL', 3, 4, 'BL', -18.342761560990425, 11.435759759847201, 18.652112463313586, -11.975620877401752 
0, 'BL', 6, 13, 'BL', 30.487405400799275, 8.300603258915999, -29.867944499287944, -7.08069136715676 
0, 'BL', 2, 4, 'BL', 23.643050665728737, 4.347937500574631, -23.321374066386994, -6.95943454344399 
1, 'BL', 1, 5, 'BL', 16.875705965454486, 5.1756815803267955, -16.703402410453165, -9.681367283370662 
1, 'BL', 10, 11, 'BL', -25.2581884893859, 1.7019835584067664, 25.80414024940336, -0.42397070591977126 
0, 'BL', 4, 9, 'BL', 13.674114608992998, 12.715471962267571, -13.674114608992998, -10.950197228223061 
1, 'BL', 6, 11, 'BL', 30.306139634874995, 2.9704154496783417, -29.4800331745395, -1.2404451931955691 
1, 'BL', 12, 13, 'BL', -4.511862492253357, -1.8546948497511266, 4.566514753816307, 1.9041421340223792 
1, 'BL', 2, 4, 'BL', 23.723004463641757, 4.466764824341453, -23.398487846535033, -7.0687885932391055 
0, 'BL', 9, 10, 'BL', -16.739930170242985, 6.195656153117966, 16.844749579842585, -5.917214150252221 
0, 'BL', 3, 4, 'BL', -18.45538501110505, 11.336583709430897, 18.76585771273912, -11.873903426721654 
0, 'BL', 9, 14, 'BL', -1.6908746103071053, 6.450153395080918, 1.7493267507966266, -6.32581786093283 
0, 'BL', 6, 11, 'BL', 29.439981011286477, 2.713225655015094, -28.661285347370693, -1.082539536328511 
1, 'BL', 13, 14, 'BL', 19.45407480072201, 0.23034962024428296, -18.80021736546142, 1.1009290588605438 
1, 'BL', 2, 3, 'BL', 39.869564778043326, -2.0521953125355594, -39.17716404411199, 0.3153651267928126 
0, 'BL', 4, 7, 'BL', -26.419840388389012, 1.511200498724179, 26.419840388389012, -0.15321936738655495 
0, 'BL', 6, 12, 'BL', 10.189888665551848, 2.1859101304883097, -10.064674772733099, -1.9253050867818615 
0, 'BL', 7, 8, 'BL', -26.419839520634827, 0.15321667100465675, 26.419839520634827, 0.990664164348118 
0, 'BL', 5, 6, 'BL', -13.11981267743537, 25.72551605837333, 13.11981267743537, -23.961414790909657 
--end of line flow
