--contingency generator
conID,genID,busID,unitID,q(MW) 
1, '1 ', 8, '1 ', 3.354633805782388
1, '1 ', 1, '1 ', 1.864198495268662
1, '1 ', 3, '1 ', 19.895574977913558
1, '1 ', 2, '1 ', 14.879100646231462
1, '1 ', 6, '1 ', 3.29187816865721
--end of contingency generator
--bus
contingency id,bus id,v(pu),theta(deg) 
0, 4, 1.0678104334488456, 91.81973348373795
1, 11, 1.064021411254317, 79.36662803031844
0, 7, 1.0954289312592, 94.26709207173708
1, 10, 1.0421710549155165, 76.421046996746
1, 14, 1.0323295007929256, 76.7634473831999
0, 12, 1.083463306350078, 96.36928981520579
1, 4, 1.0675936801848669, 76.6888598336726
0, 13, 1.0710148284196768, 95.81318698716714
1, 12, 1.050056936895152, 79.84227537600711
0, 14, 1.036911745175135, 92.22304107792048
1, 8, 1.0999999983540087, 81.18448769137699
0, 6, 1.0999999963383413, 97.58818990335772
1, 5, 1.0704580688274838, 77.70606779443942
1, 6, 1.100000008865849, 82.50828609875043
0, 5, 1.0705715633593362, 92.82991834031448
1, 7, 1.0953268501738154, 79.1376760655439
0, 3, 1.0656750566971989, 89.65648440925222
0, 8, 1.1000000003357937, 96.31310115322208
1, 1, 1.0881079704635006, 78.32050657931761
1, 13, 1.0630879440956833, 80.16968449594823
1, 9, 1.0407645360318756, 75.37284337573118
0, 11, 1.0651224793716225, 94.52764701015509
0, 9, 1.042943630352614, 90.66208590718642
1, 3, 1.0656750529992132, 74.53135458445928
1, 2, 1.083900587771621, 77.73156043606768
0, 1, 1.0881079590181697, 93.44640341812853
0, 2, 1.0839005812347273, 92.85801920235171
0, 10, 1.0440872897519702, 91.67030552565188
--end of bus
--Delta
contingency id,Delta(MW) 
1, 0.0024323420416066345 
--end of Delta
--line flow
contingency id,line id,origin bus id,destination bus id,circuit id,p_origin(MW),q_origin(MVar),p_destination(MW),q_destination(MVar) 
1, 'BL', 1, 2, 'BL', 20.823090249890697, -2.1034325554660427, -20.75194504996955, -3.9066339703672384 
1, 'BL', 2, 5, 'BL', 2.746771377794232, 5.447502227857285, -2.715992486608087, -9.368375239800343 
1, 'BL', 4, 9, 'BL', 4.734998389190737, 12.134688021524653, -4.734998389190737, -11.357263558201481 
1, 'BL', 4, 7, 'BL', -24.429615800031115, -1.4185415978333822, 24.429615800031115, 2.4694295652885785 
1, 'BL', 6, 13, 'BL', 42.0051172948335, 10.586352427871248, -40.97924521441678, -8.566090055749214 
1, 'BL', 7, 8, 'BL', -24.429615796062656, -2.469429565270957, 24.429615796062656, 3.354633827932048 
1, 'BL', 4, 5, 'BL', -45.74741255634615, 7.668900966195906, 45.999434549608964, -6.873946199432339 
0, 'BL', 12, 13, 'BL', 5.90695790512865, 0.24638487062355807, -5.8411785969015, -0.18687025841796867 
0, 'BL', 1, 5, 'BL', 7.27248391213169, 3.911119984266861, -7.227099722906473, -9.455822467593862 
0, 'BL', 10, 11, 'BL', -28.279237970921827, 1.3657192218100818, 28.882564059775888, 0.04660060617521822 
0, 'BL', 13, 14, 'BL', 20.499207486539973, 1.053114322970714, -19.871371565484466, 0.2251835606409145 
0, 'BL', 1, 2, 'BL', 20.805374027508492, -2.097839832439604, -20.73434766712171, -3.9125894248631994 
1, 'BL', 5, 6, 'BL', -41.96836971393006, 23.890694009631545, 41.96836971393006, -19.43539952000384 
0, 'BL', 2, 3, 'BL', 33.29438078762007, 0.41361545684412704, -32.84744117924623, -3.5906514531728817 
0, 'BL', 4, 5, 'BL', -45.3852741747985, 7.808704010432848, 45.63358316832387, -7.02546118516284 
1, 'BL', 9, 14, 'BL', -6.602792747518521, 6.467981352891684, 6.70304486794484, -6.254731661121809 
0, 'BL', 2, 5, 'BL', 2.7533120314776056, 5.374622020447987, -2.723041638755575, -9.297467939327248 
1, 'BL', 9, 10, 'BL', -21.067622627780622, 6.413329753709149, 21.210045099136664, -6.0349990768909265 
1, 'BL', 3, 4, 'BL', -21.956097369611115, 7.151708096854577, 22.27716894524005, -7.788503842135356 
0, 'BL', 6, 13, 'BL', 32.325749098613244, 8.494279649140367, -31.715033246876658, -7.291589490323759 
0, 'BL', 2, 4, 'BL', 13.701790309731905, 3.48600833431351, -13.594059551367764, -7.094728082699817 
1, 'BL', 1, 5, 'BL', 7.266928971420128, 3.967636377780707, -7.221228203650853, -9.510434293692413 
1, 'BL', 10, 11, 'BL', -29.096907702826627, 1.3366380543450873, 29.737836446450586, 0.16370544093643957 
0, 'BL', 4, 9, 'BL', 4.174841928616845, 11.737507909089544, -4.174841928616845, -11.026684317413384 
1, 'BL', 6, 11, 'BL', 34.34258115905055, 4.382563373396351, -33.40171420618401, -2.4122702914301044 
1, 'BL', 12, 13, 'BL', -4.837789226694213, -1.4896086267831379, 4.889127547721159, 1.5360575839027604 
1, 'BL', 2, 4, 'BL', 13.785099252886653, 3.5926983748479415, -13.675651520067674, -7.195421570608914 
0, 'BL', 9, 10, 'BL', -20.260297389671848, 6.414928163376544, 20.39237393378329, -6.064080380370569 
0, 'BL', 3, 4, 'BL', -22.063274062999227, 7.061255285129619, 22.386293256176685, -7.693376347947719 
0, 'BL', 9, 14, 'BL', -7.970276209391983, 6.222074708210414, 8.089751152872282, -5.9679354963608375 
0, 'BL', 6, 11, 'BL', 33.437682771336426, 4.161532942023939, -32.54644304898167, -2.295165488071973 
1, 'BL', 13, 14, 'BL', 19.033114706195917, 0.604687141443776, -18.484663784857133, 0.5119798546617744 
1, 'BL', 2, 3, 'BL', 33.281420991472785, 0.41594157412976074, -32.83482092603711, -3.5944080867949424 
0, 'BL', 4, 7, 'BL', -24.42231591866691, -1.3569855486980487, 24.42231591866691, 2.4065216336060757 
0, 'BL', 6, 12, 'BL', 10.868782803708143, 1.9941439650871757, -10.744748278176502, -1.7359935137305342 
0, 'BL', 7, 8, 'BL', -24.422317058123728, -2.406521641539257, 24.422317058123728, 3.290587242407696 
0, 'BL', 5, 6, 'BL', -41.589598836374805, 23.91668980303041, 41.589598836374805, -19.52041665735294 
--end of line flow
