--contingency generator
conID,genID,busID,unitID,q(MW) 
1, '1 ', 8, '1 ', 10.08346061402093
1, '1 ', 1, '1 ', 0.851334358334524
1, '1 ', 3, '1 ', 23.095480474532568
1, '1 ', 2, '1 ', 16.873427655644527
1, '1 ', 6, '1 ', -4.834249475705929
--end of contingency generator
--bus
contingency id,bus id,v(pu),theta(deg) 
0, 4, 1.063669561261617, -27.35070177667436
1, 11, 1.0778357038210693, -40.75218787276037
0, 7, 1.0836105269162133, -27.01631740826553
1, 10, 1.0675888533813163, -43.35283384162534
1, 14, 1.0548847502454348, -43.01922927306633
0, 12, 1.0856259987844008, -22.43472905366202
1, 4, 1.063474197122304, -44.02160682936482
0, 13, 1.0789217786816614, -22.870019291961317
1, 12, 1.0560190454965137, -40.39386359770426
0, 14, 1.0581519926024268, -26.102708001469228
1, 8, 1.0991553846772102, -42.67365591233202
0, 6, 1.0999775290919818, -21.289044106665322
1, 5, 1.0678372650164436, -42.65844403355572
1, 6, 1.099977528632364, -37.875200581867425
0, 5, 1.0679248101665173, -25.999393109426997
1, 7, 1.083182386221571, -43.73746201372148
0, 3, 1.0575111499222827, -30.037358322772114
0, 8, 1.0991553848778823, -25.95349153061113
1, 1, 1.0883432398344477, -41.11199482749487
1, 13, 1.0722109116996932, -39.97774954766979
1, 9, 1.071160919283424, -44.267423875026715
0, 11, 1.078308997799443, -24.099768719698982
0, 9, 1.0719744166286393, -27.518406657592024
1, 3, 1.0575111501408256, -46.70149177913924
1, 2, 1.083961122383926, -41.78471466816778
0, 1, 1.0883432381976925, -24.449307578354595
0, 2, 1.0839611228766803, -25.120957264603053
0, 10, 1.0683421841757168, -26.633239895673984
--end of bus
--Delta
contingency id,Delta(MW) 
1, 0.002201953879760799 
--end of Delta
--line flow
contingency id,line id,origin bus id,destination bus id,circuit id,p_origin(MW),q_origin(MVar),p_destination(MW),q_destination(MVar) 
1, 'BL', 1, 2, 'BL', 23.565765320118203, -2.6478995081331504, -23.47486516784295, -3.3035504998849774 
1, 'BL', 2, 5, 'BL', 12.163609497065522, 4.112365379647031, -12.073594710758186, -7.842911104296945 
1, 'BL', 4, 9, 'BL', 0.90683977754746, 5.1987000456976205, -0.90683977754746, -5.070107401655804 
1, 'BL', 4, 7, 'BL', -2.7932476711737446, 2.1984342242770936, 2.7932476711737446, -2.1760878797450687 
1, 'BL', 6, 13, 'BL', 36.11782284690844, 5.71485098996834, -35.386777174444944, -4.275193850863047 
1, 'BL', 7, 8, 'BL', -12.548532081336123, -9.705626384519974, 12.548532081336123, 10.083461236398875 
1, 'BL', 4, 5, 'BL', -61.25032395426956, 9.162426165144552, 61.70307061238202, -7.734324159668176 
0, 'BL', 12, 13, 'BL', 3.8239393008190063, -0.5682251410531762, -3.795924866176449, 0.5935715343011907 
0, 'BL', 1, 5, 'BL', 15.638322860053293, 3.4519127842917214, -15.508284935920543, -8.634494055875393 
0, 'BL', 10, 11, 'BL', -24.21163983184084, 5.385373027002345, 24.653900394624486, -4.350089830246077 
0, 'BL', 13, 14, 'BL', 17.658102471985572, -1.7117846877114289, -17.19594642084337, 2.6527520364419956 
0, 'BL', 1, 2, 'BL', 23.532005758740638, -2.637283006016787, -23.44136407034796, -3.3149561237919443 
1, 'BL', 5, 6, 'BL', -41.69972924275024, 22.55013180079976, 41.69972924275024, -18.235612671412298 
0, 'BL', 2, 3, 'BL', 50.71010410193222, 2.0030253957885407, -49.673317224392264, -2.6573477387826188 
0, 'BL', 4, 5, 'BL', -60.6847064085988, 9.240413074141998, 61.12931808807832, -7.837971289656707 
1, 'BL', 9, 14, 'BL', -4.934905504674191, 8.867252102421503, 5.048990700406392, -8.624577606142168 
0, 'BL', 2, 5, 'BL', 12.197849822599864, 4.047418326605907, -12.107815573775696, -7.77822809786619 
1, 'BL', 9, 10, 'BL', -17.37051130604027, 11.239652292997107, 17.489187439719956, -10.924401324876044 
1, 'BL', 3, 4, 'BL', -27.661552735020422, 7.154218260841162, 28.157147225368277, -7.3288662632938895 
0, 'BL', 7, 9, 'BL', 9.252907126500642, 11.502238229233626, -9.252907126500642, -11.298074594438049 
0, 'BL', 6, 13, 'BL', 27.29975383145728, 4.263329218911167, -26.882361694202416, -3.4413538036401405 
0, 'BL', 2, 4, 'BL', 26.804466351874964, 2.1383018463665167, -26.440672241494184, -4.955281149097573 
1, 'BL', 1, 5, 'BL', 15.615573066698445, 3.4992338627861272, -15.485583636200019, -8.681555368586032 
1, 'BL', 10, 11, 'BL', -24.823092598818334, 5.52562244726613, 25.288663427908546, -4.4357724881758145 
0, 'BL', 4, 9, 'BL', 0.6192620374670539, 5.077852070774952, -0.6192620374670539, -4.9570648178109025 
1, 'BL', 6, 11, 'BL', 29.4163879018424, -1.0507029246045931, -28.736250051261635, 2.4749966546584687 
1, 'BL', 12, 13, 'BL', -6.100361805008333, -1.7971478496924647, 6.180482977127269, 1.8696384339905308 
1, 'BL', 2, 4, 'BL', 26.91038736855424, 2.226584266746272, -26.543414413782045, -5.033211708763588 
0, 'BL', 9, 10, 'BL', -16.76593100352062, 11.081146875083277, 16.87773467244108, -10.784151904200371 
0, 'BL', 3, 4, 'BL', -27.77351011534762, 7.0810569587663394, 28.272136642429842, -7.248232239777963 
0, 'BL', 9, 14, 'BL', -6.329440832183479, 8.583799389969613, 6.455257219290047, -8.316171077910212 
0, 'BL', 6, 11, 'BL', 28.75121654057375, -1.0286991091808204, -28.10148701804212, 2.389313996857652 
1, 'BL', 13, 14, 'BL', 16.18611010910348, -2.1540115402862057, -15.789679901624254, 2.961158564254589 
1, 'BL', 2, 3, 'BL', 50.71376162660175, 2.002482566349272, -49.67682837880095, -2.656188246587476 
0, 'BL', 4, 7, 'BL', -3.2890190662099226, 2.0827307094948537, 3.2890190662099226, -2.0559373228721824 
0, 'BL', 6, 12, 'BL', 10.028589372507355, 1.4459756861389792, -9.9243011059489, -1.2289227086081382 
0, 'BL', 7, 8, 'BL', -12.541926192710125, -9.44630090635519, 12.541926192710125, 9.816137959618118 
1, 'BL', 7, 9, 'BL', 9.755284410161977, 11.88171426425879, -9.755284410161977, -11.66011540626846 
0, 'BL', 5, 6, 'BL', -41.06905455580585, 22.542034611890074, 41.06905455580585, -18.329121309380355 
--end of line flow
