--generation dispatch
bus id,unit id,pg(MW),qg(MVar) 
101, 1, 16.46581773268859, -5.418041841720018
101, 2, 15.32368128553948, -4.062047763532284
101, 3, 13.286236991687852, -38.14626113300962
101, 4, 26.284281152125033, -24.79468471928797
102, 5, 18.621986485781704, 0.515763578601627
102, 6, 14.08342023508759, -0.5617338630407716
102, 7, 31.19869565557155, -12.089123238885799
102, 8, 31.19869477005194, -38.874392761825845
107, 10, 32.79234337363576, -5.44609218312537
107, 11, 37.36738939458619, 27.021650619889012
107, 9, 21.657410666991463, 6.253632974368133
113, 12, 34.489796375745776, 23.758455753200813
113, 13, 53.303439592945765, -30.763758638489787
113, 14, 108.4380652153825, -24.041362418165402
114, 15, 3.3493896331896777e-15, 36.39893910323569
115, 16, 0.46627252694601073, 3.1123028445138887
115, 17, 1.9209090716408879, 3.6245754480880192
115, 18, 3.5950567310670456, 1.1317248485279843
115, 19, 4.728558743221564, 2.3442673900303577
115, 20, 2.504523965844895, 3.3981743305946033
115, 21, 82.20965512241841, 50.39737215822972
116, 22, 64.93490440316708, -25.89618867201693
118, 23, 411.24507669988765, 33.34176416236302
121, 24, 488.4198273594189, 161.36331851234607
122, 25, 58.20102252474751, 2.0533759493919175
122, 26, 40.43956298556874, 2.238695337721341
122, 27, 62.403126337460684, -1.8508723233625544
122, 28, 37.6305814361083, 2.055393489304876
122, 29, 52.838672701630244, -0.001739396265994465
122, 30, 43.72563262180189, 3.7106567224276956
123, 31, 75.3491785955057, 12.277012063901585
123, 32, 75.34918824479182, -20.47051248202511
123, 33, 86.91796093842562, 31.63561198132722
201, 34, 15.431817822009071, 0.9150434620837284
201, 35, 19.40092325298644, 1.4180269025546048
201, 36, 40.1076471744847, -28.340241852532007
201, 37, 13.506797875697231, -24.482465988005668
202, 38, 10.146859950149707, 0.5769749767007369
202, 39, 15.193949543917547, 3.0729638236095442
202, 40, 10.50897096919926, -42.40775743555593
202, 41, 47.6754950320216, -12.125452543261549
207, 42, 56.62129301711676, 1.7120156645319604
207, 43, 26.25115472142755, -18.58243304972091
207, 44, 23.749023914748996, 15.38251880636169
213, 45, 30.511061724309872, -7.235485506245273
213, 46, 118.38418364346987, 26.297044209995033
213, 47, 105.25560772145487, 34.4749401348261
214, 48, 6.103757352359269e-15, -61.30817557964834
215, 49, 4.2838497890892375, 3.870863381096432
215, 50, 3.9381429516888833, 2.031916314616397
215, 51, 0.4077453663613935, 2.7819499784637984
215, 52, 6.958398807305179, 4.650826359330431
215, 53, 0.5609857378193929, 4.689834408396804
215, 54, 80.64888594395516, 93.40692950847192
216, 55, 84.65354090363032, 56.464248292417686
218, 56, 326.0794056272166, 82.97062555152466
221, 57, 461.1898797255429, 51.40659994634273
222, 58, 54.77954695877845, -0.7917883694120186
222, 59, 60.02777776393334, 4.512147874364364
222, 60, 38.49851112990865, 3.3180506055725236
222, 61, 48.07902123025845, -1.5908447871534244
222, 62, 44.3401829497073, 7.190467699370834
222, 63, 60.2671421686303, 6.59465812015781
223, 64, 98.0240063195952, -15.853913437985835
223, 65, 90.9642853918491, -55.259677681213006
223, 66, 116.50920972281267, -15.625320010259335
301, 67, 18.128741351624004, 5.183493210822721
301, 68, 18.415412854130107, 3.1016176338048966
301, 69, 50.74249242590606, -16.241855972055035
301, 70, 22.73449661160274, -6.510671291019951
302, 71, 12.737823415652821, 3.1980164485253404
302, 72, 16.942677254209475, 0.04457634102089771
302, 73, 30.63882997975198, -40.54372147220018
302, 74, 18.606036053042814, -33.53275614721404
307, 75, 11.619817788195421, 21.92439731772702
307, 76, 54.19876626887422, 8.80872912471345
307, 77, 0.8817724261674044, -10.523890816236008
313, 78, 14.097898122249436, 1.6736537221522765
313, 79, 12.328716622170226, 23.17039442635925
313, 80, 33.97050366535976, -5.5733852480065105
314, 81, 4.7120510614430786e-15, 53.80309218306467
315, 82, 7.061612612167666, 3.572901908505657
315, 83, 4.970030102280556, 3.3200135112936717
315, 84, 4.440872700883387, 1.242227179889949
315, 85, 7.5892811501346396, 3.8426197551579984
315, 86, 1.6907762700712905, 4.057558301318866
315, 87, 105.66383992932248, 54.955551030935545
316, 88, 111.2563591830682, 57.9610368289068
318, 89, 350.63945290371737, 54.328496103196045
321, 90, 347.8150475837111, 51.03701618775021
322, 91, 38.456520176926034, 3.388527388912005
322, 92, 43.57989237128324, 1.9444314859934877
322, 93, 61.90709005060173, -1.239754267002497
322, 94, 51.306802937263036, 2.731001503147039
322, 95, 39.02357780324794, 0.4365153734871853
322, 96, 37.47048837781452, 3.364689868899519
323, 97, 112.7906021179468, 38.02966538507615
323, 98, 112.79060057681735, 2.5432845117452136
323, 99, 208.15210794983545, 14.23889413419134
--end of generation dispatch
