--contingency generator
conID,genID,busID,unitID,q(MW) 
1, '1 ', 8, '1 ', 6.4546647459316935
1, '1 ', 1, '1 ', 0.16159479806073085
1, '1 ', 3, '1 ', 23.567083978919612
1, '1 ', 2, '1 ', 18.25821099525583
1, '1 ', 6, '1 ', -0.16349963103624726
--end of contingency generator
--bus
contingency id,bus id,v(pu),theta(deg) 
0, 4, 1.0700886387231503, 81.14457485590006
1, 11, 1.0901840142099648, 77.0172569958946
0, 7, 1.093878875009674, 82.02433027412735
1, 10, 1.0858957945711234, 76.76154853094106
1, 14, 1.0646292310403505, 75.26203695293587
0, 12, 1.084768372828489, 78.89204440419213
1, 4, 1.0698827293938404, 78.67137265756982
0, 13, 1.080702278975429, 78.80052910924125
1, 12, 1.055012109527398, 75.38711615111359
0, 14, 1.0684034896942647, 77.94490464137569
1, 8, 1.1000000000394747, 84.21420634948339
0, 6, 1.1000000000429826, 79.85702324853753
1, 5, 1.0698662909440135, 79.3734376335102
1, 6, 1.1000000000432235, 77.45005068648966
0, 5, 1.0699515769214967, 81.83761092728454
1, 7, 1.0933481293816874, 79.50916431089993
0, 3, 1.069615298643957, 79.93384656342232
0, 8, 1.1000000000394783, 86.72646420587571
1, 1, 1.1000000000423578, 83.10154345132656
1, 13, 1.07350268826224, 75.9523620887094
1, 9, 1.0923062922620999, 76.99394740038971
0, 11, 1.0906592446316168, 79.48037279392092
0, 9, 1.0933194447083339, 79.53546454142312
1, 3, 1.0696152986439034, 77.46738903823768
1, 2, 1.0876232789256415, 80.8932939296487
0, 1, 1.1000000000425463, 85.56797145874562
0, 2, 1.0876232789253337, 83.36050153580986
0, 10, 1.0867649204132805, 79.27956695452289
--end of bus
--Delta
contingency id,Delta(MW) 
1, 0.0024560161634741657 
--end of Delta
--line flow
contingency id,line id,origin bus id,destination bus id,circuit id,p_origin(MW),q_origin(MVar),p_destination(MW),q_destination(MVar) 
1, 'BL', 1, 2, 'BL', 77.61109180824565, -4.103940644027716, -76.64620664105723, 0.7325570442492335 
1, 'BL', 2, 5, 'BL', 19.385009888566373, 2.9469367476547177, -19.192093221300894, -6.384563918247636 
1, 'BL', 4, 9, 'BL', 6.347459974681477, 2.436184224661531, -6.347459974681477, -2.225287537063565 
1, 'BL', 4, 7, 'BL', -8.362923785835623, 0.3757959918692677, 8.362923785835623, -0.2533362712000553 
1, 'BL', 6, 13, 'BL', 27.992711329835174, 8.469538027466342, -27.52511012131066, -7.548685277134155 
1, 'BL', 7, 8, 'BL', -56.00427288804384, -1.8279739508660668, 56.00427288804384, 6.4546647459318365 
1, 'BL', 4, 5, 'BL', -30.193567967834156, 9.817994553627614, 30.311135836085555, -9.447149390176946 
0, 'BL', 12, 13, 'BL', 1.5198983074192256, 0.527569573820017, -1.5150387598294515, -0.5231728402864633 
0, 'BL', 1, 5, 'BL', 36.075469381661335, 4.221797731398567, -35.47120124594633, -7.520131429531659 
0, 'BL', 10, 11, 'BL', -2.623690912410808, -1.0788759585650496, 2.629281798145513, 1.0919636054031798 
0, 'BL', 13, 14, 'BL', 5.51729742054512, 1.1463008910053532, -5.470823160482212, -1.0516775247905912 
0, 'BL', 1, 2, 'BL', 77.58595042214893, -4.096765950469035, -76.621692281028, 0.7234679475734538 
1, 'BL', 5, 6, 'BL', 16.816427155449226, 22.111723857239383, -16.816427155449226, -20.635786615534016 
0, 'BL', 2, 3, 'BL', 35.70914098641853, -0.12251748875917201, -35.20018880515471, -2.829387544320184 
0, 'BL', 4, 5, 'BL', -29.725686376680528, 9.971035927284447, 29.840293618372016, -9.60952948925933 
1, 'BL', 9, 14, 'BL', 15.026665293327966, 4.313435627835645, -14.76628781528541, -3.7595778470698633 
0, 'BL', 2, 5, 'BL', 19.402790047941807, 2.8887265109881355, -19.209819600564543, -6.3265051987704055 
1, 'BL', 9, 10, 'BL', 7.722987249660093, 5.390889834390691, -7.69933737206668, -5.328066362003256 
1, 'BL', 3, 4, 'BL', -12.194743742060496, 4.026193703843774, 12.295108003203296, -5.234818038196067 
0, 'BL', 7, 9, 'BL', 47.209172593596925, 1.5817852585598757, -47.209172593596925, 0.4695363583780363 
0, 'BL', 6, 13, 'BL', 20.017436234741183, 6.285445122053943, -19.776778940904705, -5.811515784668018 
0, 'BL', 2, 4, 'BL', 26.384000798337865, 0.6034008788369647, -26.038683293425265, -3.5132467848630995 
1, 'BL', 1, 5, 'BL', 36.06260807648107, 4.265535442088606, -35.45847219993978, -7.563966174985069 
1, 'BL', 10, 11, 'BL', -3.1998549015464164, -1.0513297446884735, 3.2077486357374028, 1.0698081057616946 
0, 'BL', 4, 9, 'BL', 6.095843030493064, 2.2703427383491714, -6.095843030493064, -2.0773659751644686 
1, 'BL', 6, 11, 'BL', 5.826182080134771, 2.663694601749796, -5.793967637739911, -2.596233530025927 
1, 'BL', 12, 13, 'BL', -7.357940551638762, -1.5997142660616532, 7.470476365646618, 1.7015323834974083 
1, 'BL', 2, 4, 'BL', 26.48033255431139, 0.7012455009838732, -26.13225737821162, -3.6019748677887264 
0, 'BL', 9, 10, 'BL', 8.301513562966079, 5.369618892202425, -8.275501361202373, -5.300520148127362 
0, 'BL', 3, 4, 'BL', -12.308536225615143, 3.9436913382089642, 12.410077731589581, -5.149592993598503 
0, 'BL', 9, 14, 'BL', 13.764345527222162, 3.770732925392508, -13.54776238381723, -3.310031561897631 
0, 'BL', 6, 11, 'BL', 5.242694331142957, 2.6753356857084896, -5.215500799753357, -2.6183890296399 
1, 'BL', 13, 14, 'BL', 4.280113475475005, 0.6587651596873911, -4.252297729304615, -0.602131239473124 
1, 'BL', 2, 3, 'BL', 35.70176805685057, -0.12122721845582873, -35.19302249263578, -2.8315482972213886 
0, 'BL', 4, 7, 'BL', -8.787732245956478, 0.21464297699060353, 8.787732245956478, -0.07967012455321765 
0, 'BL', 6, 12, 'BL', 8.964889860035868, 2.308461258807313, -8.877838859057988, -2.127283839881727 
0, 'BL', 7, 8, 'BL', -55.99690483955339, -1.502115134005976, 55.99690483955339, 6.121505016106084 
1, 'BL', 7, 9, 'BL', 47.64134910220826, 2.081310222066122, -47.64134910220826, 0.01141120646843774 
0, 'BL', 5, 6, 'BL', 17.31772479890653, 22.172210491525902, -17.31772479890653, -20.65866572136423 
--end of line flow
