--generation dispatch
bus id,unit id,pg(MW),qg(MVar) 
101, 1, 9.860627371220215, 7.7133319473972035
101, 2, 20.514459168946846, 4.805280929306775
101, 3, 35.97845660145381, 4.441000686308783
101, 4, 35.978457234552685, 5.355452318305444
102, 5, 18.04732027083686, 3.3478696869743474
102, 6, 18.79390677329148, 7.7299525837462895
102, 7, 62.65198664185418, -0.8148048692681688
102, 8, 58.402922436984866, -6.702004421657756
107, 10, 6.31483431203137, 20.582383493707585
107, 11, 40.75932222530635, -2.994903595381791
107, 9, 40.03574357596623, -0.18464908441498026
113, 12, 78.93148152247706, -5.118104600615648
113, 13, 24.88870130061075, -11.768436549314314
113, 14, 124.80378478465614, 11.250207162768792
114, 15, 1.3266857907194432e-12, -28.12436104998757
115, 16, 2.7861213149723083, 4.058689749954607
115, 17, 3.5766275549519424, 3.474970551593259
115, 18, 4.389602046629299, 2.045281548671593
115, 19, 3.8096913417638287, 2.328407670994385
115, 20, 1.5036798538501837, 4.090463280392245
115, 21, 71.41000555775994, 44.616894101034624
116, 22, 118.37152522883856, -24.628668840985206
118, 23, 369.53714515386224, 140.52715007292488
121, 24, 309.59052196075464, 66.1157960548974
122, 25, 37.582373141317085, 0.566727525375689
122, 26, 37.94037078461277, -12.729469856181387
122, 27, 52.019573954871326, -4.252583665164835
122, 28, 54.75424400251957, -2.1603993738077047
122, 29, 54.68476219522434, -16.73977671465178
122, 30, 52.44671073929074, -14.12109225784418
123, 31, 58.35672889277505, -52.42117672588051
123, 32, 92.20620633458729, 0.41491073940115464
123, 33, 170.78487657478874, -58.42282252370554
201, 34, 18.886101085888402, 3.29181512654159
201, 35, 16.96455108971494, 2.466481964426744
201, 36, 9.831163747379344, -0.5513688485461314
201, 37, 41.284254482606414, -23.093833502294594
202, 38, 12.449176267605093, 2.748962854985274
202, 39, 19.00271163778392, 4.28656261799946
202, 40, 34.6219611953758, -24.740604112274493
202, 41, 12.889713925361715, -12.212258438603866
207, 42, 23.62785532950162, 3.320820833317019
207, 43, 21.706739250763718, 23.32495861592059
207, 44, 39.58957905062037, 32.61189587469544
213, 45, 75.2129114965886, 19.65313579922709
213, 46, 82.68136920845355, -7.8506599954192335
213, 47, 134.58683034763715, 29.484854705255813
214, 48, 1.3812194453396048e-12, 22.505585601414467
215, 49, 1.782029060558887, -0.13552972943340713
215, 50, 2.872550605111042, 1.6793235847892642
215, 51, 8.626955189871104, 3.0561685938466447
215, 52, 1.3346632996071541, 1.189970581810829
215, 53, 4.655064613653619, 3.8292013647581613
215, 54, 50.050729362126965, -20.998518608833518
216, 55, 107.48182264545638, 56.12219960404703
218, 56, 224.6992349289192, 68.64780341080713
221, 57, 261.88859128534716, 33.22958535414538
222, 58, 54.890613390055364, 1.8535957262610747
222, 59, 56.83463556870527, 0.8030280254362215
222, 60, 61.208375270401, 4.773787897500149
222, 61, 62.91731992682151, 5.0662246668200375
222, 62, 37.34351290102752, 7.382479044595801
222, 63, 36.60980877645022, 8.292958356113685
223, 64, 29.685932994667272, -19.002652212714864
223, 65, 82.12336312567888, -17.769656738075707
223, 66, 96.09793861901242, 10.531913262277113
301, 67, 20.033364116715948, -1.2777379331780627
301, 68, 16.40082046679367, 2.7869677079261055
301, 69, 19.20084620502453, -32.17059972977917
301, 70, 23.138179431202122, -10.375955342784868
302, 71, 9.542808715410796, -4.839031416364484
302, 72, 12.659388032029385, -1.5001578770155284
302, 73, 24.216326822139102, -26.968303363173384
302, 74, 25.94110390180221, -17.58377551340282
307, 75, 36.308384661054966, 8.311436829697689
307, 76, 38.84797216039569, -1.6060816571990058
307, 77, 35.7984238257211, 22.69898079230524
313, 78, 136.5961012504573, 34.0756922667801
313, 79, 121.76343243075321, -22.25130442234044
313, 80, 75.88585552189676, 7.961641357581053
314, 81, 1.3337687879093835e-12, 19.700687699404337
315, 82, 9.075349203564349, 4.50657752783564
315, 83, 0.4838927576567561, 4.070547129076516
315, 84, 3.1063612640996414, 4.058689804447579
315, 85, 3.830188015608876, 1.8422916764889954
315, 86, 0.031133235664965717, 5.28314711493748
315, 87, 37.47935414755761, 63.62139559259564
316, 88, 89.16083462124632, 72.23636969364351
318, 89, 287.04715911368055, 44.40008911321315
321, 90, 399.6855594203227, 43.02922228501085
322, 91, 40.98366141042024, 2.2511189621600254
322, 92, 58.677800290308, 7.581699592730343
322, 93, 61.722924492343374, 1.8902503552730194
322, 94, 56.62529486885578, 0.8019685153750464
322, 95, 38.453949996757366, 3.6268619320991675
322, 96, 55.38629229368926, 2.250831811202006
323, 97, 29.0254551619885, -16.041272573728484
323, 98, 64.69586518738744, -7.491990805943789
323, 99, 213.5367437694929, 40.88660491247979
--end of generation dispatch
