--generation dispatch
bus id,unit id,pg(MW),qg(MVar) 
101, 1, 14.70875787472075, -3.19216153533437
101, 2, 18.565094168628697, 1.2118851021925567
101, 3, 43.49613741983564, -8.395859328303095
101, 4, 43.49613826123364, -32.2410708664697
102, 5, 14.35419812642712, -0.3259420660173063
102, 6, 12.815644349817275, 3.6129697727177263
102, 7, 51.05107785880699, -31.1159906385347
102, 8, 51.05107218156143, -25.238161464655768
107, 10, 1.2700925475726639, 4.555477578686498
107, 11, 13.705629229013374, 13.692649081723015
107, 9, 17.604349724648756, 1.7785653395032157
113, 12, 57.318868097892974, 23.85081799977602
113, 13, 46.70200674202732, 3.9622713762162234
113, 14, 93.32581556007614, 0.003512597660377793
114, 15, -1.178677844732986e-13, -38.263038290137224
115, 16, 6.640723821929042, 2.729596797997773
115, 17, 1.652765294165779, 4.266247238344033
115, 18, 4.990559723153055, 2.825288056803331
115, 19, 2.973730443269539, 3.5663282778716545
115, 20, 2.2537686400982726, 1.8720150702184037
115, 21, 34.645797211377385, 49.01874640249069
116, 22, 80.67219419364811, -21.09699513611035
118, 23, 440.05813576853586, 108.75302704323761
121, 24, 389.0078350959029, 135.89505779989125
122, 25, 43.15308098495176, 2.8951552351767775
122, 26, 60.520642428194954, 0.004645381196346757
122, 27, 43.57438234426252, 6.169885350035395
122, 28, 63.058114080225884, 7.101786803919962
122, 29, 45.99767705938018, 7.217658847182749
122, 30, 59.87931520259177, 2.7355591865293682
123, 31, 71.0183127794947, 12.08640880147175
123, 32, 122.75936454174091, -13.652107899729124
123, 33, 65.80833041174058, -36.129226442005496
201, 34, 13.054357169333601, 0.5301260253290754
201, 35, 17.77359792720092, -2.03325994056795
201, 36, 66.1531824282999, -19.565763487342707
201, 37, 35.93282168814478, -24.737883323497982
202, 38, 21.037358138015428, -1.735319916247236
202, 39, 13.97533825671974, 0.5012830551028133
202, 40, 16.244636578936376, -5.079757055786735
202, 41, 27.19700888823737, -20.458082570831603
207, 42, 5.984031888590478, 2.00167278533009
207, 43, 26.03317732048169, 2.9164686785080747
207, 44, 25.05284620209402, 32.12245499480935
213, 45, 94.39279998413168, 3.7580924429701197
213, 46, 47.43492727729002, 37.71566358003606
213, 47, 76.43877104147258, -0.29678216786995715
214, 48, -1.246393014023831e-13, 14.621965974076556
215, 49, 1.9822347650688572, 2.3378249554299613
215, 50, 7.896028750164125, 4.770965061520814
215, 51, 5.601751285733065, 4.004597298884169
215, 52, 6.366166544965008, 4.590156721113316
215, 53, 5.99289576936394, 3.472447554704076
215, 54, 61.15701585917615, 96.50966258410652
216, 55, 68.04516757377657, 58.81470567103454
218, 56, 309.42015456619635, 70.74431637882411
221, 57, 503.45941322503126, 56.34181006680016
222, 58, 61.45358257509355, 1.1078528985626512
222, 59, 41.005366286743026, 6.581821445554884
222, 60, 50.39446417290305, -0.9096749158445254
222, 61, 56.571853189278, 7.5550433342033365
222, 62, 53.5201927581947, 5.415511178804687
222, 63, 60.69004209527335, 3.3991797806421604
223, 64, 79.59910464981748, -3.8778264201572252
223, 65, 79.59911039776965, -15.320000695917624
223, 66, 232.24565163610154, 42.75119631942012
301, 67, 15.331602669252597, 0.9933688723502534
301, 68, 14.720272896333473, -0.1330916828894
301, 69, 19.383623020243565, -27.4860473733306
301, 70, 45.711001634020434, -13.770170973991547
302, 71, 17.75216618413607, 1.1177941555603885
302, 72, 18.05077045096573, 2.0564290092358277
302, 73, 11.797760045038101, -35.061155723024235
302, 74, 35.057482666055925, -35.32448911339411
307, 75, 63.34879309630515, -0.7465858975651775
307, 76, 34.76253964000113, 2.4368676976231978
307, 77, 43.067118032999865, 2.501346241631495
313, 78, 40.60672384661844, -6.446116034840032
313, 79, 19.25941812522984, 5.6690047784472855
313, 80, 121.70985642836264, 28.783681113273573
314, 81, -1.203493793792826e-13, -39.39660270637985
315, 82, 3.8293230508640668, 3.8385276081141746
315, 83, 3.7243667446077757, 5.4656504231631535
315, 84, 5.771640583424689, 2.795955381238379
315, 85, 5.440389907470947, 2.307127714409261
315, 86, 1.4226834384739793, 2.8867017255986847
315, 87, 77.68278080287284, 81.30299423989156
316, 88, 77.46053139241295, 39.12405921435549
318, 89, 342.4295222817891, 61.495549887938715
321, 90, 371.73247807312936, 29.376158321516975
322, 91, 48.75927276958077, 5.426176687638527
322, 92, 42.7032544305764, -2.0758796277223923
322, 93, 55.82821445588319, -0.722508829179847
322, 94, 51.53380478781013, 6.1999626851389475
322, 95, 46.76844178980513, 1.0471039805494315
322, 96, 58.7236113315664, 6.470599178489305
323, 97, 79.00802379502139, -34.64337609293987
323, 98, 79.008017695571, -14.915234666345354
323, 99, 140.55605968934282, 34.79013854594431
--end of generation dispatch
