--contingency generator
conID,genID,busID,unitID,q(MW) 
1, '1 ', 8, '1 ', 5.350149932193005
1, '1 ', 1, '1 ', -5.673677787225578
1, '1 ', 3, '1 ', 26.183820060743
1, '1 ', 2, '1 ', 26.986408495832553
1, '1 ', 6, '1 ', 4.430395885435347
--end of contingency generator
--bus
contingency id,bus id,v(pu),theta(deg) 
0, 4, 1.0668436380404736, 89.94259064344888
1, 11, 1.0907896635149352, 98.16975168222204
0, 7, 1.0942568473918977, 90.2692969874585
1, 10, 1.0875455083321877, 98.33172829415149
1, 14, 1.0717901609996194, 97.34758038626602
0, 12, 1.085683403776784, 86.95254827428019
1, 4, 1.066658067536618, 100.48493964144305
0, 13, 1.081394859906432, 86.89953807191594
1, 12, 1.0592492736957342, 96.7845070895253
0, 14, 1.0752862185124572, 86.9593877098626
1, 8, 1.1000000019748466, 104.51612751603786
0, 6, 1.1000000020462029, 87.67946279793745
1, 5, 1.0668577574613909, 101.39575860239243
1, 6, 1.1000000028686894, 98.27432486882498
0, 5, 1.0669369895976477, 90.84644662444904
1, 7, 1.09375814865559, 100.77907538896464
0, 3, 1.0606195061248747, 87.4018553204536
0, 8, 1.100000002015389, 94.00421627472855
1, 1, 1.100000002748819, 106.42736092102672
1, 13, 1.0747235681830942, 97.16263267393609
1, 9, 1.0937622305195145, 98.58730661701779
0, 11, 1.0912252280384505, 87.61898427238988
0, 9, 1.09472089636127, 88.09789747050493
1, 3, 1.0606195070903253, 97.94828488331135
1, 2, 1.087977055163353, 103.69051812669221
0, 1, 1.1000000020647203, 95.88023815850025
0, 2, 1.0879770541553506, 93.14407950424622
0, 10, 1.0883592423417778, 87.82382638640689
--end of bus
--Delta
contingency id,Delta(MW) 
1, 0.0016950072164757515 
--end of Delta
--line flow
contingency id,line id,origin bus id,destination bus id,circuit id,p_origin(MW),q_origin(MVar),p_destination(MW),q_destination(MVar) 
1, 'BL', 1, 2, 'BL', 94.51404083172599, -9.492373194910897, -93.07694682887382, 7.560680896977601 
1, 'BL', 2, 5, 'BL', 28.206179352122717, 2.4637779235491735, -27.813612185906806, -5.282041676115455 
1, 'BL', 4, 9, 'BL', 7.168349901411612, 1.508122993837759, -7.168349901411612, -1.2618252026089465 
1, 'BL', 4, 7, 'BL', -2.928433513312138, -1.6122563754342991, 2.928433513312138, 1.631902369066097 
1, 'BL', 6, 13, 'BL', 22.682727324978828, 9.996142186922611, -22.34682255926822, -9.334640844078763 
1, 'BL', 7, 8, 'BL', -44.51741045981261, -2.423404720971348, 44.51741045981261, 5.350149973413181 
1, 'BL', 4, 5, 'BL', -39.081545182570494, 12.225527690903164, 39.278297582161144, -11.60491019676374 
0, 'BL', 12, 13, 'BL', 1.4036327789451661, 0.7782658922632208, -1.3988049182340205, -0.7738978278102309 
0, 'BL', 1, 5, 'BL', 47.8065870305591, 3.7782262041745867, -46.76568459875136, -5.258253001169862 
0, 'BL', 10, 11, 'BL', 1.2842380174972448, -2.168662040274853, -1.279837848995669, 2.1789623494045145 
0, 'BL', 13, 14, 'BL', 0.46996932650603185, 1.6674815310551026, -0.4655823165120978, -1.658549411368142 
0, 'BL', 1, 2, 'BL', 94.49191359559507, -9.486278285162825, -93.05550172104051, 7.552503358636159 
1, 'BL', 5, 6, 'BL', 27.206014266648108, 21.043112426051096, -27.206014266648108, -18.767851967758645 
0, 'BL', 2, 3, 'BL', 59.244124588751404, 1.305203167892273, -57.84475611260201, -0.4654812239629109 
0, 'BL', 4, 5, 'BL', -38.71667078491407, 12.374052585456411, 38.910453692685564, -11.762801780492737 
1, 'BL', 9, 14, 'BL', 11.143881023885342, 3.750883062963851, -10.996983196038883, -3.438411701992095 
0, 'BL', 2, 5, 'BL', 28.223927604990138, 2.4097694116643424, -27.83111163767373, -5.22756600243099 
1, 'BL', 9, 10, 'BL', 8.15777849243409, 4.9898945364243446, -8.133462392281444, -4.9253013121899585 
1, 'BL', 3, 4, 'BL', -26.431587986646633, 6.539458591252696, 26.879146522618072, -6.84526325190825 
0, 'BL', 7, 9, 'BL', 41.257570989096415, 0.3203005758830386, -41.257570989096415, 1.243664693661458 
0, 'BL', 6, 13, 'BL', 16.257735453913313, 7.539240930814799, -16.08216235731919, -7.193482695088164 
0, 'BL', 2, 4, 'BL', 37.34406043332052, -0.2521111732528425, -36.65791174811184, -1.61308934850058 
1, 'BL', 1, 5, 'BL', 47.792935304268966, 3.818695380349368, -46.75237077835811, -5.299701182420449 
1, 'BL', 10, 11, 'BL', 0.8138767883177422, -2.182127284050466, -0.8101140034736147, 2.1909355483408035 
0, 'BL', 4, 9, 'BL', 6.9757596778367095, 1.350090373286207, -6.9757596778367095, -1.1184496813897908 
1, 'BL', 6, 11, 'BL', 2.8776786842066713, 3.7205392546994744, -2.860312692629435, -3.6841726962164785 
1, 'BL', 12, 13, 'BL', -5.765500100799045, -1.8156902098122885, 5.83744171134083, 1.8807802383977332 
1, 'BL', 2, 4, 'BL', 37.41537012050435, -0.1586598372256276, -36.72643851228915, -1.6974235614578674 
0, 'BL', 9, 10, 'BL', 8.63025316513432, 5.008973971104069, -8.603823594123526, -4.93876652846302 
0, 'BL', 3, 4, 'BL', -26.515151640478223, 6.459319214172297, 26.964656485838162, -6.760409682706381 
0, 'BL', 9, 14, 'BL', 10.147410326624737, 3.1842449470926795, -10.027440669485884, -2.929053413010422 
0, 'BL', 6, 11, 'BL', 2.4059033673905503, 3.704270041489167, -2.3905888334158476, -3.6721994918201517 
1, 'BL', 13, 14, 'BL', -0.5016171642932363, 1.15396159012829, 0.5039601705947518, -1.149191139926188 
1, 'BL', 2, 3, 'BL', 59.24421358335715, 1.305191303477386, -57.844840960441346, -0.465451898409583 
0, 'BL', 4, 7, 'BL', -3.254754240352282, -1.77193645218631, 3.254754240352282, 1.7960712115956312 
0, 'BL', 6, 12, 'BL', 7.229742865029834, 2.720102430787051, -7.169132857153926, -2.593956095137173 
0, 'BL', 7, 8, 'BL', -44.51232527622298, -2.1163717951699255, 44.51232527622298, 5.037733438892701 
1, 'BL', 7, 9, 'BL', 41.58897690100262, 0.7915023429259236, -41.58897690100262, 0.7996190237001883 
0, 'BL', 5, 6, 'BL', 27.60467145650852, 21.105080166569792, -27.60467145650852, -18.783115148024763 
--end of line flow
