--generation dispatch
bus id,unit id,pg(MW),qg(MVar) 
101, 1, 9.66715080930361, 2.6960454063781425
101, 2, 20.23350925669208, 2.5961230249680796
101, 3, 34.90926476390358, -40.423123426511125
101, 4, 34.90926875836613, -4.275536447106074
102, 5, 20.756325874124602, 3.417786442370507
102, 6, 12.227513940158277, 0.5131137162319386
102, 7, 40.50771508116377, -30.783568408058628
102, 8, 40.507717851294785, -12.911620337550733
107, 10, 19.874198601090818, 6.498545585106041
107, 11, 52.84904934579488, 17.606301502506355
107, 9, 42.953592851964146, -3.570485325482288
113, 12, 81.56690117567227, 0.001034964644935434
113, 13, 62.949549422464386, 17.18143810848893
113, 14, 65.33009030725337, 4.564290509335069
114, 15, -1.7018405151491253e-13, -0.20329783070776097
115, 16, 5.730643004913752, 3.8335403299209405
115, 17, 4.378595814584608, 4.6104534159244706
115, 18, 2.239381235944217, 1.4938605286477447
115, 19, 5.016710071224336, 3.872254945528556
115, 20, 0.21409617345550816, 3.302324785610035
115, 21, 63.72455701807607, 24.496302088510372
116, 22, 98.78766590318607, -8.474654361336261
118, 23, 428.8642947412961, 57.88443779394389
121, 24, 410.0196752362238, 95.39438004928938
122, 25, 40.24762525816237, 5.231437923204123
122, 26, 51.2905740052161, 2.349037558772142
122, 27, 63.38344838131939, 2.1651730915357317
122, 28, 51.29105029987894, 2.7880240821062445
122, 29, 38.88932640093167, 2.301073558954112
122, 30, 56.4837532875759, 8.091528635972967
123, 31, 61.71111624597927, -8.126613695935871
123, 32, 61.71111168008022, -24.20876081842401
123, 33, 61.07304970168781, -4.968894173613783
201, 34, 21.657715608393655, 3.8458530459380857
201, 35, 13.579105361289228, 0.4710936895803149
201, 36, 20.23526503813388, -36.151729925669024
201, 37, 14.965482863875783, -15.529742054233934
202, 38, 11.635476622247637, 5.444780330506532
202, 39, 20.51200693803, 3.257601038482942
202, 40, 11.521864327475841, -40.619504272420606
202, 41, 18.536999692802404, -1.6253486592590736
207, 42, 27.754813811019094, 8.294528055660978
207, 43, 16.697607363244465, 2.299095939132013
207, 44, 68.0273924092462, 0.5644396421809874
213, 45, 23.931517913297085, 6.804379706771257
213, 46, 125.13264976896284, 32.026177140713635
213, 47, 136.10286145955914, 24.1175353275235
214, 48, -1.7344225408037473e-13, -22.560499649716263
215, 49, 3.005480692003746, 3.3532442705997845
215, 50, 2.6347583390339366, 3.763221200288219
215, 51, 0.4723015810894832, 1.5067654571660887
215, 52, 2.1909440377300773, 1.2626153785189544
215, 53, 4.4791326644930205, 3.9177500480913565
215, 54, 65.81490147608683, 50.2409692080078
216, 55, 77.69244995473355, 58.29913126016631
218, 56, 380.0403526093042, 55.893990440543384
221, 57, 352.5938692915375, 38.61954058100683
222, 58, 41.913706615021745, 5.183197261308542
222, 59, 53.50220378852853, 2.625879164373539
222, 60, 55.86199001773666, 2.633246954098707
222, 61, 46.856676085306646, 9.769900382747368
222, 62, 41.4986891964584, 2.904304099706416
222, 63, 59.31399060312132, -4.643694975620601
223, 64, 56.68470755981515, -26.918713355357458
223, 65, 56.684707988432685, 20.563047741680347
223, 66, 230.41193987468367, 20.28007275945243
301, 67, 11.891988573159217, 0.3365922698096398
301, 68, 16.740478110206293, -2.9299714531667362
301, 69, 9.299985284571118, -20.02129728914386
301, 70, 14.543308355157926, -40.02782701675119
302, 71, 8.822062016581913, 2.5947579696839105
302, 72, 9.595755040267996, -4.079126088910058
302, 73, 10.317754607036195, -33.88064383164799
302, 74, 15.477365123759327, -1.182498630268937
307, 75, 24.060329247707877, 1.645413956613383
307, 76, 57.463472925667446, -2.555148310806447
307, 77, 44.784699892891645, 15.16444314307125
313, 78, 44.94986935482805, -15.005478945645383
313, 79, 86.33097320097625, -3.9919454783661372
313, 80, 53.39645551074118, 39.36529538385607
314, 81, -1.693440047066759e-13, -12.614117764992434
315, 82, 2.889657102965806, 2.360621960386095
315, 83, 4.276124067707889, 4.834997650982851
315, 84, 1.2730106400658174, 3.9664073360349503
315, 85, 0.09010471898850511, 4.548887782382692
315, 86, 5.8164808450327214, 5.671660704233225
315, 87, 53.47486700702809, 80.56861050690155
316, 88, 77.68141764122812, 47.31241688648156
318, 89, 360.91320217033325, 99.9233745347347
321, 90, 510.2364227211186, 79.36725412396183
322, 91, 56.666645814064346, 0.6091999725761081
322, 92, 52.65218856870701, 0.6546451056820995
322, 93, 61.422287131525025, 5.217275487556565
322, 94, 58.54623130881731, 7.342195868900089
322, 95, 64.06901093326083, 7.6293847322925705
322, 96, 41.285169321443334, 3.011554940665604
323, 97, 45.031221265683804, 8.058859284717645
323, 98, 45.03122319349216, -26.66934009723044
323, 99, 155.35641375410103, 13.151417105694842
--end of generation dispatch
