--contingency generator
conID,genID,busID,unitID,q(MW) 
1, '1 ', 8, '1 ', 21.434556837271938
1, '1 ', 1, '1 ', 34.74026849051231
1, '1 ', 3, '1 ', 36.27105592749013
1, '1 ', 2, '1 ', -28.07414819408701
1, '1 ', 6, '1 ', -12.626636098728838
--end of contingency generator
--bus
contingency id,bus id,v(pu),theta(deg) 
0, 4, 1.0289398241572132, 56.152839516393584
1, 11, 1.0451249656269963, 24.177526596276113
0, 7, 1.0677787244341488, 56.689205181820626
1, 10, 1.047007620434112, 23.06710043119377
1, 14, 1.0243608336770127, 22.06641228459776
0, 12, 1.0391406917716672, 56.41136539364766
1, 4, 1.0287648857721328, 24.288679487337966
0, 13, 1.034849606820439, 56.195570885890824
1, 12, 1.0152291377859688, 23.51482285925335
0, 14, 1.0271819666484199, 54.12787899440497
1, 8, 1.0999999919970551, 28.03189443592914
0, 6, 1.0508805502830687, 57.34276346418466
1, 5, 1.0292935946427115, 25.461791161526556
1, 6, 1.050880550283618, 25.545631120712383
0, 5, 1.0293723026659776, 57.316773109914
1, 7, 1.0673880266358258, 24.785832613998643
0, 3, 1.0207759833554793, 53.01578064447411
0, 8, 1.0999999919979258, 59.933636306978876
1, 1, 1.070110012225529, 29.70817224415929
1, 13, 1.02933864261101, 23.976542375655654
1, 9, 1.0568383696794237, 22.93691117194661
0, 11, 1.0455001322096018, 56.028683019758724
0, 9, 1.05757363155345, 54.863202869153554
1, 3, 1.0207750526915516, 21.15675059026157
1, 2, 1.0377928079678858, 27.08714293174057
0, 1, 1.0701100122226335, 61.56590493137441
0, 2, 1.037834620369738, 58.94507873131215
0, 10, 1.0476566075009208, 54.970934970364965
--end of bus
--Delta
contingency id,Delta(MW) 
1, 0.0017107106853389196 
--end of Delta
--line flow
contingency id,line id,origin bus id,destination bus id,circuit id,p_origin(MW),q_origin(MVar),p_destination(MW),q_destination(MVar) 
1, 'BL', 1, 2, 'BL', 95.3831115738273, 26.14621556783368, -93.69940194778621, -26.872075891799568 
1, 'BL', 2, 5, 'BL', 17.310237713701667, -2.2128911745267033, -17.151728087275842, -0.9992209545079049 
1, 'BL', 4, 9, 'BL', 4.759100760685544, 0.9797507922100124, -4.759100760685544, -0.8632557722098966 
1, 'BL', 4, 7, 'BL', -4.658714829789202, -7.767072987867209, 4.658714829789202, 7.922104244783441 
1, 'BL', 6, 13, 'BL', 25.21728107634368, 4.883968862557026, -24.822085541457113, -4.10570548644705 
1, 'BL', 7, 8, 'BL', -37.742804100988145, -18.691916607894996, 37.742804100988145, 21.43455684541152 
1, 'BL', 4, 5, 'BL', -47.00068158515069, 14.135877490194162, 47.30453592759784, -13.177427575553793 
0, 'BL', 12, 13, 'BL', 2.0238423014209843, -0.0022035109414275666, -2.0154623754099816, 0.009785348760914303 
0, 'BL', 1, 5, 'BL', 39.34754206781017, 8.554089752770665, -38.55604593464348, -10.710400002754795 
0, 'BL', 10, 11, 'BL', -8.442643130819192, 4.880033741059947, 8.513729937200964, -4.713627368095217 
0, 'BL', 13, 14, 'BL', 9.859341555141967, -2.3635452231579848, -9.6952723043878, 2.6975964759951694 
0, 'BL', 1, 2, 'BL', 95.35779707566263, 26.078662505023885, -93.67557080180404, -26.80928083968729 
1, 'BL', 5, 6, 'BL', -0.6738604622870893, 23.45019081440148, 0.6738604622870893, -22.312983817706595 
0, 'BL', 2, 3, 'BL', 54.983961984315954, -3.604129741449583, -53.66435712624302, 4.522862108653669 
0, 'BL', 4, 5, 'BL', -46.58083502933164, 14.229603352140202, 46.879966998874465, -13.286049251957593 
1, 'BL', 9, 14, 'BL', 9.887400181686587, 8.092527379721844, -9.701613354880863, -7.697333907676182 
0, 'BL', 2, 5, 'BL', 17.33449101363928, -2.2418742167305936, -17.175538790105065, -0.9693170322423157 
1, 'BL', 9, 10, 'BL', 1.4490222186137771, 11.753178143385867, -1.4090821589730353, -11.647081474425022 
1, 'BL', 3, 4, 'BL', -30.390323997863504, 7.388584670688601, 31.026005467269925, -7.110348174935211 
0, 'BL', 7, 9, 'BL', 32.70882050111833, 10.426519247310807, -32.70882050111833, -9.289341308152643 
0, 'BL', 6, 13, 'BL', 18.575628658497408, 3.6668509560190614, -18.360889113386122, -3.243961756598651 
0, 'BL', 2, 4, 'BL', 28.38314287467233, -5.230732917567366, -27.942281619556837, 2.93752378781096 
1, 'BL', 1, 5, 'BL', 39.33078112329366, 8.59405292277836, -38.539477622619685, -10.750759772072058 
1, 'BL', 10, 11, 'BL', -8.927461529510936, 4.946964429821776, 9.005431974465182, -4.764444218214749 
0, 'BL', 4, 9, 'BL', 4.544326297388097, 0.8690015832405606, -4.544326297388097, -0.7634123068301619 
1, 'BL', 6, 11, 'BL', 11.979452140149988, -2.522154472217778, -11.850557183738687, 2.792076632990643 
1, 'BL', 12, 13, 'BL', -5.453357584283708, -1.1221190153110854, 5.5197998148433385, 1.1822334143888042 
1, 'BL', 2, 4, 'BL', 28.460949756160915, -5.175026534495146, -28.01786878804512, 2.88931204815367 
0, 'BL', 9, 10, 'BL', 1.9338046934877298, 11.686152026676837, -1.8939005576669956, -11.58015078565677 
0, 'BL', 3, 4, 'BL', -30.477094216336326, 7.3218844210607585, 31.115482844658914, -7.036970026158656 
0, 'BL', 9, 14, 'BL', 8.812574473258564, 7.777654073779786, -8.655567124783857, -7.4436784079738345 
0, 'BL', 6, 11, 'BL', 11.477496972332773, -2.492808959949741, -11.35885514647893, 2.741259782884299 
1, 'BL', 13, 14, 'BL', 8.785275792961528, -2.6742495589579676, -8.649226074290269, 2.951251975689786 
1, 'BL', 2, 3, 'BL', 54.98674305176513, -3.6254531373238024, -53.66687484352866, 4.545489229555415 
0, 'BL', 4, 7, 'BL', -5.028851468168436, -7.871639529263916, 5.028851468168436, 8.036481954736018 
0, 'BL', 6, 12, 'BL', 7.542265490098373, 1.255335179436372, -7.477199885681813, -1.1199155043424298 
0, 'BL', 7, 8, 'BL', -37.73767196916881, -18.463001201865268, 37.73767196916881, 21.18989578435037 
1, 'BL', 7, 9, 'BL', 33.08408927131944, 10.769812363300389, -33.08408927131944, -9.60093554948935 
0, 'BL', 5, 6, 'BL', -0.2089125187393835, 23.488548799229363, 0.2089125187393835, -22.34864395223252 
--end of line flow
