--generation dispatch
bus id,unit id,pg(MW),qg(MVar) 
101, 1, 12.928955920421117, 3.7270180796794525
101, 2, 16.193971857580127, 3.5631806712933765
101, 3, 60.3720100480295, -19.428144582848248
101, 4, 34.443374139467494, -28.304851658277023
102, 5, 16.101241501908373, 1.2337456314287039
102, 6, 20.251561065629303, 0.7941985212738014
102, 7, 49.33477429833874, -31.563821871836463
102, 8, 49.33477236497455, -12.485421528881952
107, 10, 20.989296420826413, -0.35071098689270275
107, 11, 21.515963786061484, 4.812531704855402
107, 9, 72.25068318504907, 17.74043370512945
113, 12, 14.92473244507868, 36.31464414535475
113, 13, 108.85274843040328, -24.20647831112406
113, 14, 45.11515026594845, -0.8416526578528943
114, 15, 2.281694288319305e-12, 100.67151055949925
115, 16, 6.912994213645609, 3.314219545211025
115, 17, 3.953494349825259, 0.8953580292248176
115, 18, 0.3445931295511746, 1.6945719159285928
115, 19, 4.461830506615897, 2.566488038870781
115, 20, 1.6967466925972996, 3.478719029436406
115, 21, 86.65005166046015, -15.672131580283365
116, 22, 51.525134347000076, 7.25626735424135
118, 23, 372.2814188693819, 36.757320046215426
121, 24, 441.17213753777406, 42.46508304538462
122, 25, 42.39278770527408, 4.813680746573036
122, 26, 53.85963291870964, -1.1943009679661836
122, 27, 47.240148626832045, 11.033057977616549
122, 28, 47.140075464365765, 1.176090005766032
122, 29, 60.922712776908405, 1.7878135234723396
122, 30, 57.2710067477132, -3.9857799096052138
123, 31, 73.36334325336159, -44.96918378734097
123, 32, 50.52510387714655, -7.028061286014919
123, 33, 180.65236083221797, -65.33332944604079
201, 34, 9.236383859218938, -0.15099634523852304
201, 35, 13.812169368385028, 2.2121359758209262
201, 36, 15.41062708645015, -30.871558799688817
201, 37, 15.410633036399272, -13.733487067922143
202, 38, 11.4587377346856, -0.9396721254405
202, 39, 20.933986291537014, 3.028327757932119
202, 40, 28.866138767119615, -9.842432885753226
202, 41, 26.34910954531641, -24.490201944593057
207, 42, 0.534839644932564, 28.31624015347912
207, 43, 15.525516286386084, -15.40966612805111
207, 44, 16.28053607967247, 23.641980629581152
213, 45, 63.68755794602802, -7.113634676674586
213, 46, 105.42158750364747, 2.2856893368705897
213, 47, 41.99831121734, 17.546630447713518
214, 48, 2.3896627966449523e-12, 70.31242141116611
215, 49, 4.688044598803776, 3.972948263695322
215, 50, 9.67170524452999, 2.3163070415946945
215, 51, 5.157890803097445, 5.550928978437982
215, 52, 6.184823301756684, 4.435511444555574
215, 53, 0.7459013721471374, 1.1280032983633057
215, 54, 114.36061195055653, 49.098249984591
216, 55, 109.8371411493922, 48.430985125232596
218, 56, 312.6339470782049, 44.08185507334979
221, 57, 331.71872945494454, 31.09652407768988
222, 58, 46.87709370672357, 6.4331143718655115
222, 59, 37.06100300231602, -1.469585213815635
222, 60, 51.152454375267276, -0.1934104743035307
222, 61, 46.02034212600096, 1.8040272947259286
222, 62, 39.79128848340016, 3.8207971347400482
222, 63, 36.60122355956239, -2.103757964454001
223, 64, 102.61031354854921, 10.69859856121677
223, 65, 102.61051121019396, -19.291427955037225
223, 66, 138.57947647415935, 50.27901345930693
301, 67, 9.926110770578108, 1.7077229153510012
301, 68, 20.70781692364786, 1.7007730138086705
301, 69, 22.41650192011906, -10.166963015676817
301, 70, 15.66532627292994, -24.393953707782767
302, 71, 15.251926960999702, 1.9948511843698953
302, 72, 18.75907953222593, -0.804081205341624
302, 73, 44.826000570553575, -22.73282638343146
302, 74, 12.623978003378642, -29.481454119536846
307, 75, 2.7365576740292252, 1.125357674146356
307, 76, 10.110043633857432, 1.4818894696011216
307, 77, 61.63741480172836, 20.59835709892636
313, 78, 3.916510026916318, 4.260226168923395
313, 79, 126.77036285714, -25.045521204193957
313, 80, 17.0694598688356, 26.576576110538454
314, 81, 2.370894745823499e-12, 32.40531340162737
315, 82, 2.0969413326364847, 4.400417412781606
315, 83, 5.9791562086577175, 1.904550685068575
315, 84, 2.856437776016181, 5.51008344315722
315, 85, 4.826649263419548, 1.8065852960512117
315, 86, 8.00944051885797, 3.5761285192381984
315, 87, 113.5548990288483, 67.10171182211091
316, 88, 115.41213197192128, 38.651190022207075
318, 89, 307.47423473879695, 64.94434529633584
321, 90, 300.5124685926179, 55.86341016961677
322, 91, 47.630360264575245, 1.06825143457328
322, 92, 38.24326308282292, -0.12083120418628265
322, 93, 44.04062135914541, 4.421494412652142
322, 94, 44.624905661458314, 5.462058085302408
322, 95, 58.1782638009285, -4.176859671881633
322, 96, 36.21542878752775, 0.6940988934736163
323, 97, 103.36354388424598, 9.092062482083831
323, 98, 103.36368103822994, 15.214815481860935
323, 99, 285.2762197955701, 92.25636123435584
--end of generation dispatch
