--generation dispatch
bus id,unit id,pg(MW),qg(MVar) 
101, 1, 15.344762383025133, 5.639742744064079
101, 2, 17.508827291127112, 3.141468326009787
101, 3, 56.574557231972314, 14.814962770732564
101, 4, 90.82616018806594, 10.254874824516863
102, 5, 18.207885418334875, 1.9784697861671043
102, 6, 11.617827729095309, 7.121716573800327
102, 7, 86.80721212574444, -18.12462658844453
102, 8, 93.20826141671436, -7.590696711297777
107, 10, 5.373352187356275, 14.551100622933529
107, 11, 21.79791479827482, 4.845800177695659
107, 9, 28.733852717463066, 12.239842212947767
113, 12, 110.6788376497347, 12.610206644095593
113, 13, 43.38222359377298, -28.41108789117417
113, 14, 26.00167793602093, 6.73526102398179
114, 15, -2.1738605165413964e-17, -12.951955600277213
115, 16, 5.419420947223433, 1.1740758940506402
115, 17, 2.6219931524020477, 2.4943342362894616
115, 18, 4.5565667130197856, 1.7387731432387958
115, 19, 0.3489108605830488, 4.322532460870563
115, 20, 10.68657519073844, 2.941148383057837
115, 21, 182.8883959021992, 30.108609415399126
116, 22, 118.01129325666773, -31.33448309508472
118, 23, 509.5788065105282, 104.15166086134592
121, 24, 395.87923099694723, 94.47969857385472
122, 25, 52.5906150502281, 6.617123609812485
122, 26, 44.577513858036866, 12.926746745034844
122, 27, 53.20436473871934, 14.164040838143245
122, 28, 49.453493740236176, 12.03982377608915
122, 29, 48.55586210201846, 7.79818458076807
122, 30, 53.83090197044776, 10.625287418994358
123, 31, 25.903906896486976, -31.99178390239638
123, 32, 54.05118551362844, 7.030333675935275
123, 33, 86.57302520906345, 15.718442976280679
201, 34, 17.06635887891529, 1.886352743528688
201, 35, 21.663385386154886, 2.816777440473301
201, 36, 7.6816786887565, 2.6146732502020993
201, 37, 3.283913586866814, -2.0045311718332943
202, 38, 9.434763806579202, 3.302151617537312
202, 39, 19.291770856366483, 0.9796043692635134
202, 40, 10.095819583462754, -6.046914318065706
202, 41, 18.611060427334973, -30.692211452107472
207, 42, 30.593832451753496, 7.967883441486299
207, 43, 30.565478628171775, 27.474908711999543
207, 44, 33.205286360947575, 30.30213298472279
213, 45, 35.129510387530246, 24.73815087359517
213, 46, 102.3113717801995, -17.05534111600842
213, 47, 77.55409497575239, -13.220173980693012
214, 48, -5.422236713232489e-17, 131.33159659430996
215, 49, 1.5176282027510024, 3.233287344538737
215, 50, 0.3969083310810721, 1.5752828828803052
215, 51, 4.626739305644752, 3.5761746022490923
215, 52, 1.9178382746648728, 3.081540736096469
215, 53, 0.8740792917979409, 3.023040538810792
215, 54, 76.19616578024412, 37.27345023271336
216, 55, 64.31046359156436, 35.20624109235081
218, 56, 405.7677719472121, 138.4654820442433
221, 57, 300.5332625394835, -9.137516920613564
222, 58, 49.05252692683776, 10.737334534026036
222, 59, 62.81467520094652, 6.431306110462604
222, 60, 50.231666103221364, 11.741646020335693
222, 61, 62.153185097716644, 2.668919031736624
222, 62, 50.14857353803877, 5.876571624069757
222, 63, 63.981405633252, 5.325704813202687
223, 64, 42.9461856327287, -11.773074916612824
223, 65, 85.47702392099193, -14.055714292590022
223, 66, 161.98154421777375, 9.460097354795096
301, 67, 19.012181358072002, 4.045577664274806
301, 68, 16.672568559614138, -1.6685025654512018
301, 69, 6.960025245649361, -27.00739008435422
301, 70, 10.314701500787212, -35.98216892946234
302, 71, 10.49157302460214, 1.8394342780047916
302, 72, 12.988838699669895, 3.033410685353255
302, 73, 8.808953222327151, -17.738669331507605
302, 74, 27.36105061707694, -12.952404183111172
307, 75, 42.19949305280682, 9.350172081378629
307, 76, 23.852710997356354, -0.13209595069241123
307, 77, 35.410656951038334, -7.002314264531034
313, 78, 51.59044708757076, -9.748935426012242
313, 79, 11.41930128266394, 25.056339881071523
313, 80, 123.46050084474842, 2.2984084504276914
314, 81, -3.112780210607627e-17, 44.018857198823255
315, 82, 5.780062881983304, 5.582797338026809
315, 83, 7.75668380254445, 4.384589384285438
315, 84, 6.86144398637123, 2.884654001407888
315, 85, 5.971816713787234, 3.4157043869037227
315, 86, 1.1899090257806373, 2.6884977704269173
315, 87, 98.99738252614354, 87.04291989678612
316, 88, 102.62673298338798, 29.098551651398832
318, 89, 437.5379075056743, -65.17735390982826
321, 90, 349.5155065826117, 109.36293570178636
322, 91, 46.62834123643325, 2.808097365446093
322, 92, 39.258639436962326, 1.7026435181036597
322, 93, 51.55611495888072, 2.7927228289670345
322, 94, 40.82652150355489, 8.090163804841755
322, 95, 52.50371375521854, 2.23095304990328
322, 96, 59.241322036182744, 5.610925495381968
323, 97, 68.5424136038478, 23.029028011605934
323, 98, 57.82899376386093, 12.75300956700407
323, 99, 53.71619452291971, 46.57141633406818
--end of generation dispatch
