--generation dispatch
bus id,unit id,pg(MW),qg(MVar) 
101, 1, 17.55914965759663, -1.040899383172412
101, 2, 16.56137750290042, 2.094965114003179
101, 3, 47.67314703971415, -11.566543204743521
101, 4, 7.867051232841767, -31.724034515403385
102, 5, 12.961778282902463, 3.6854311862273144
102, 6, 19.5815703626505, -3.508269341923707
102, 7, 32.7472237733206, -28.528931461356265
102, 8, 32.7472244093997, -45.55756299630344
107, 10, 32.10556783005472, -2.8738198310023364
107, 11, 47.542320019470985, -3.8353001887074547
107, 9, 43.842639842674636, 10.118540353716936
113, 12, 39.99545717063233, 13.373811785869993
113, 13, 102.59975639452546, -21.933253832111227
113, 14, 135.27391903880363, -4.053709738631622
114, 15, -1.973548527205129e-16, 11.096246861829986
115, 16, 1.5583024004268162, 2.140785605680253
115, 17, 2.4638626928047818, 2.9427551846183806
115, 18, 1.4661734788286296, 4.241376543829914
115, 19, 5.902320001998334, 2.4165737028181398
115, 20, 1.5517771079185114, 3.9982378000982717
115, 21, 42.63502022787262, 51.66608244113073
116, 22, 68.92800298271099, -30.293457100761447
118, 23, 328.79149370807096, 35.8101792041978
121, 24, 355.8979971673769, 52.73136944426746
122, 25, 59.16845922741633, 0.21611543734551072
122, 26, 52.44268928804961, 0.8660092215544253
122, 27, 52.80880620155078, 7.004637450477106
122, 28, 52.67454484162447, 7.462072336079445
122, 29, 59.98211446368661, 3.7213632397142553
122, 30, 41.94168090039458, -1.0955023425270738
123, 31, 82.48279383606157, -19.709557101369736
123, 32, 62.11371543857892, -56.43906609114837
123, 33, 74.85689015619663, 56.37538750579136
201, 34, 19.808437026819785, -1.1782559363813416
201, 35, 16.47091504351877, 1.8518463274733272
201, 36, 35.47120147136141, -15.985709122814352
201, 37, 16.647480533965382, -37.2249780442855
202, 38, 18.303177041101016, 3.571792061873979
202, 39, 14.126473068992693, -0.667628979272671
202, 40, 37.76090259221026, -28.841385557535553
202, 41, 18.63223400959607, -34.10112683055722
207, 42, 5.780063401813646, 13.158786518944364
207, 43, 60.38671024949137, -1.5464811058901475
207, 44, 28.120570253719336, 19.269045295663496
213, 45, 66.01248811478364, 25.687822032334115
213, 46, 124.7661626535616, -4.760357842363468
213, 47, 139.92866862309248, -1.2591844960710443
214, 48, -9.562069878227372e-17, 22.735038261687986
215, 49, 0.10485944947046812, 2.0660523857469926
215, 50, 2.825144736746061, 0.8239988914377865
215, 51, 0.8658119414168939, 3.7440725432789734
215, 52, 4.113248260633618, 1.7026974682757923
215, 53, 0.42278907114454667, 4.845640287588672
215, 54, 57.543812812742466, 22.17289004944783
216, 55, 115.01840997300695, 57.86840641236572
218, 56, 281.88015933238006, 20.3308537537441
221, 57, 354.88486573658025, 34.34413462233529
222, 58, 43.426324263323906, 5.790898475467921
222, 59, 49.83165482675365, 6.770311985107236
222, 60, 62.01431874802044, -0.9486103941519285
222, 61, 63.315910656579646, 6.362929355272624
222, 62, 38.641055558451335, -2.728819812789275
222, 63, 39.75353182444057, -2.7535897034101042
223, 64, 22.20303676635516, 26.197705438374076
223, 65, 63.6032940972158, 16.63790008773633
223, 66, 227.98710774652665, -29.66436845336439
301, 67, 14.116867429527542, 3.0945177118399747
301, 68, 12.131584892493946, 4.2399917134621425
301, 69, 12.29973959268103, -35.13590894165627
301, 70, 49.69832262093781, -30.856474078428246
302, 71, 14.59855739982524, 2.936322957534448
302, 72, 16.599683425432886, 2.1574086825558876
302, 73, 19.986205008312734, -37.36447534061581
302, 74, 26.567434483024194, -6.093460912461857
307, 75, 18.896584282534977, 5.602561956379369
307, 76, 71.3190638389422, 7.469983119610805
307, 77, 54.201368802272086, -1.519458114907319
313, 78, 15.408862941939205, 5.3701584346802935
313, 79, 59.74931602535875, -21.085598496887684
313, 80, 115.70281864263669, 16.239261061260784
314, 81, -1.1691274600478482e-16, 9.711010797884732
315, 82, 3.4220686068922714, 4.08143130466537
315, 83, 1.517244137914733, 2.3768824680001486
315, 84, 1.6187545743750993, 3.0815011230199247
315, 85, 4.055543512941876, 2.449192946724087
315, 86, 6.200718058587377, 3.6192001622719667
315, 87, 58.54661350703089, 53.73663540532415
316, 88, 75.37951365899407, 31.649704430911342
318, 89, 430.5215092274975, 115.58455827439484
321, 90, 418.2193068842238, 116.26672375123536
322, 91, 56.28668656956433, 6.5103274835535565
322, 92, 60.74191827710747, 6.732979100925894
322, 93, 44.6475391267988, -0.3448995936401226
322, 94, 39.68819749459653, 6.202760433743145
322, 95, 58.348533894513096, 2.1343247766930813
322, 96, 45.27750587707414, 0.5035657512095318
323, 97, 67.38100885367344, 24.156321754744216
323, 98, 32.29966195613863, 0.244804480289916
323, 99, 78.10535405138609, 6.532253710458068
--end of generation dispatch
