--generation dispatch
bus id,unit id,pg(MW),qg(MVar) 
101, 1, 16.30057067190464, 5.01791883950155
101, 2, 20.661072225696262, 3.1832065285028155
101, 3, 28.424082347413197, 1.9066990950192266
101, 4, 28.424082520954755, -11.69805581768601
102, 5, 19.3379545900291, 2.343607998473743
102, 6, 10.255365544058648, 6.246752735430987
102, 7, 47.894743775437455, -2.0352947597939575
102, 8, 53.03079361242302, 1.9019339023766322
107, 10, 2.945866059716865, 7.284188679545362
107, 11, 15.224091790120626, 2.1417500628812625
107, 9, 43.90827793973699, 22.368275166838096
113, 12, 125.7246060601849, 19.956634312406674
113, 13, 102.95054583181202, 13.454290332464952
113, 14, 54.89901662379067, -5.332633921206669
114, 15, -2.529938507508097e-13, -61.61504629130945
115, 16, 7.102472132160929, 4.249905113590066
115, 17, 3.9822714552121607, 2.3783664424400737
115, 18, 0.9106037139060247, 2.246269912660253
115, 19, 3.5138725776074273, 3.073511905355077
115, 20, 1.4326670345563284, 4.218202544194911
115, 21, 61.54436107485403, 73.55823724640656
116, 22, 124.49500033913131, -30.76215705667286
118, 23, 399.16282903836964, 53.28861183594568
121, 24, 365.62983575181505, 183.26750005736997
122, 25, 35.72784137757195, 1.4855710744740143
122, 26, 41.39895849007816, 7.0692722137840835
122, 27, 35.0642198751092, 1.856632835687995
122, 28, 56.27775637278036, 1.668829162016571
122, 29, 37.15698981502728, -0.566859004089826
122, 30, 50.789031652581706, -3.3375401419651314
123, 31, 42.068034054730276, -15.134947800288527
123, 32, 43.679195665828914, -93.02396847168826
123, 33, 180.7483094584845, 54.02987964956049
201, 34, 16.61755628916434, 5.35794483888032
201, 35, 12.149194261774653, 5.123446502534642
201, 36, 15.259893497052866, -14.243251169399597
201, 37, 52.03317909541301, -2.8402540780396435
202, 38, 16.202911318485317, 3.6384416208950303
202, 39, 21.51473740848022, 3.4933587296371647
202, 40, 19.08721139108987, -30.932811202000284
202, 41, 49.589164672850956, -14.373145455602824
207, 42, 48.373497351968155, -1.2196070576226443
207, 43, 48.590644608894905, 19.5038940206147
207, 44, 38.02453928623654, 14.059490555448615
213, 45, 58.051699330264476, -4.809869545857615
213, 46, 118.54048728021073, 9.135944498307806
213, 47, 151.38015537650165, 35.14636001163672
214, 48, -2.5739806076399123e-13, 51.16958157931638
215, 49, 1.545265575897647, 0.0023458392470815494
215, 50, 4.958288056906533, 1.7153266662275475
215, 51, 3.9241027074890877, 3.1077208649867987
215, 52, 0.3985996523797089, 0.6701930213756959
215, 53, 2.381672309550021, 2.081712185591624
215, 54, 49.975205159743055, -26.38467974988163
216, 55, 87.34935027143399, 28.835472361534475
218, 56, 315.83921077164075, 3.707845964308673
221, 57, 279.7274365167329, 19.674416264827947
222, 58, 60.7634277997687, 5.255803460360116
222, 59, 51.88698122111702, 3.1120378943436022
222, 60, 38.973222999568975, 9.510728628557704
222, 61, 61.522240082934445, 0.30561825541987964
222, 62, 46.55783030038322, 4.298730766573192
222, 63, 35.80602857350925, -4.8301736381073725
223, 64, 70.36688093394766, -2.750532304857617
223, 65, 6.181370488881191, -5.008615450089231
223, 66, 270.276219697046, 6.3203734041581505
301, 67, 19.480827376065324, 2.5533133467209597
301, 68, 12.291017230700708, 3.6869167372402503
301, 69, 40.05055435581592, -27.57646596121623
301, 70, 20.834066292074997, -36.299466656355264
302, 71, 18.11088343319261, -1.0893463051053793
302, 72, 10.932218568800826, 2.553220619706081
302, 73, 6.577482662830533, -11.0616156722137
302, 74, 41.99685758249095, -19.1473887197853
307, 75, 14.43899877948497, 13.030885116942862
307, 76, 46.15038727057351, -7.708120231420385
307, 77, 17.718685180849683, 18.69308397834473
313, 78, 48.42636040234776, 5.202351915899438
313, 79, 46.87212086229199, 32.30960464618396
313, 80, 123.98686892065642, 14.592289688416855
314, 81, -2.581681762641239e-13, 27.45929222814054
315, 82, 0.6926677520686526, 1.4636435539665933
315, 83, 8.533885774587015, 3.9519894126943504
315, 84, 6.820315975003124, 2.3060410562063867
315, 85, 3.0968122782416305, 2.0578564597476006
315, 86, 7.037628761283809, 2.7392131898451755
315, 87, 80.22265319568275, 92.98125687513655
316, 88, 89.33829977411594, 53.09385704364131
318, 89, 315.66948720220336, 62.94740364171985
321, 90, 427.4249034453183, 47.22133975782575
322, 91, 35.07635025614258, -2.178848368837907
322, 92, 37.35510683925208, -1.7333140288536222
322, 93, 48.677794074912924, -3.259194529426067
322, 94, 56.6937958316816, 5.995783205708233
322, 95, 46.141180087154176, 6.052326745824346
322, 96, 38.88814084305745, 6.2998483426907566
323, 97, 94.70760467976422, -22.669712844340687
323, 98, 74.97849878100612, -20.38102594893549
323, 99, 163.5200968794093, 16.102869904043576
--end of generation dispatch
