--generation dispatch
bus id,unit id,pg(MW),qg(MVar) 
101, 1, 20.480251464407342, -2.4906066033552805
101, 2, 19.05546475422725, 3.9296772797698805
101, 3, 30.531909255905497, -21.17417206248968
101, 4, 30.531911487546903, -37.97304758890288
102, 5, 20.151449303386247, 4.844907679253451
102, 6, 12.627451859342964, -2.0546948445927233
102, 7, 39.536886295864775, -24.072836596200688
102, 8, 39.53688617842405, -17.605460002739242
107, 10, 5.308331906474283, -1.8453512701217114
107, 11, 56.217240685472945, -11.145889546853766
107, 9, 37.497708124485015, 20.112077256959534
113, 12, 89.34663413398195, 4.72229660917651
113, 13, 85.647750123986, 5.460747748600718
113, 14, 6.382542304041001, 12.255136788425224
114, 15, -3.037763674463271e-14, -4.48149161436524
115, 16, 0.3489125855875436, 5.666902849830117
115, 17, 1.7404176096621697, 5.135052576393143
115, 18, 3.0286536114518516, 5.738620111208192
115, 19, 3.9793944600822666, 2.6726691237586553
115, 20, 2.8472672859062906, 5.012664109746607
115, 21, 46.898548698417216, 75.16629873457316
116, 22, 46.809439896066394, 8.923538139509919
118, 23, 290.09885042020306, 80.3407453716595
121, 24, 324.2113098413582, 62.790761470128935
122, 25, 56.474282332973495, 2.626886380363925
122, 26, 38.547000292500414, 0.3959546348513219
122, 27, 37.89267614371882, 4.405965271959627
122, 28, 53.08409276539267, 3.593561164476072
122, 29, 61.72930630044819, 4.294847005274983
122, 30, 61.80262784361647, 3.2718561216449586
123, 31, 55.953430292561755, -23.64882977603586
123, 32, 35.718520418888474, -37.86930900342101
123, 33, 279.12013025484134, 70.2452993998569
201, 34, 18.860597572076774, 0.0668441187336846
201, 35, 15.329272007441537, 2.768418544842731
201, 36, 14.5384438109213, -12.78033883038944
201, 37, 14.538444020702693, -10.106454601072956
202, 38, 11.857690125073542, 0.8045076031434789
202, 39, 20.46060732731725, 4.640626186548603
202, 40, 18.821141402479864, -30.67436992565434
202, 41, 14.836172258386307, -30.290831334263103
207, 42, 64.63973742784323, 6.925653483908343
207, 43, 16.731854258016458, 27.774945666152206
207, 44, 16.287252905224236, -1.1023529784060322
213, 45, 83.11940397016237, -12.186355913188928
213, 46, 95.69596175036145, -1.1534114124973212
213, 47, 22.90058432610749, -11.079241512268492
214, 48, -3.072469263899877e-14, -54.74451859809824
215, 49, 0.17922056595365188, 5.171789725751536
215, 50, 4.591126444618171, 6.1821017795119415
215, 51, 1.3864931986578752, 5.779060728772047
215, 52, 4.735226539917314, 4.337517736856535
215, 53, 2.248198927611297, 6.641119415262274
215, 54, 46.9981732298396, 79.64093117994206
216, 55, 61.259003424647005, 58.46383905334483
218, 56, 423.55885664977535, 91.55381553501519
221, 57, 393.8801270075946, 86.38152103501545
222, 58, 64.8165957152821, 7.636277969366524
222, 59, 46.25268912296519, 5.581389222918185
222, 60, 63.13279925500752, 5.1621685845339496
222, 61, 64.31286000069008, 4.180563685682436
222, 62, 61.356237303742766, 6.526873339990724
222, 63, 56.77680240832045, 4.48743236703127
223, 64, 37.00998335007456, 9.800033721357838
223, 65, 37.00998137480934, 22.139039651352405
223, 66, 186.63594040758545, 14.159483935188192
301, 67, 20.71186287353869, -1.9296430137957805
301, 68, 15.050018603627052, 3.9681474941288806
301, 69, 23.426602883559394, -27.556249148773748
301, 70, 4.450800321112851, -20.83099495264929
302, 71, 16.6062895955165, 1.0544578481207552
302, 72, 13.610166705765554, 4.196315430872776
302, 73, 34.45130616673068, -23.13417334922927
302, 74, 49.1592919571955, -15.507284730531554
307, 75, 9.410295700565875, 0.6636822819937129
307, 76, 12.292967080006987, 18.97402474582967
307, 77, 54.56198196150705, -8.588661771723675
313, 78, 142.79019210392102, -2.9860783361324503
313, 79, 82.39747721942605, -30.37511074451736
313, 80, 151.6856712765451, 13.568040230065858
314, 81, -3.099797171118336e-14, -47.68498063982796
315, 82, 6.076897929891636, 5.374556947869696
315, 83, 3.4617717859003387, 2.3819349612171554
315, 84, 2.196410845354885, 3.0370574666583687
315, 85, 1.0825916674966725, 3.012640982955015
315, 86, 3.656075950122518, 1.1051972891294857
315, 87, 29.678574145211645, 86.82570632635681
316, 88, 95.91301212521472, 49.62673855443567
318, 89, 511.74534590024786, 131.9585220713289
321, 90, 407.5064384103278, 35.77170583174829
322, 91, 35.77459810189226, -0.48851383107744434
322, 92, 54.77939118751579, 4.317162196822158
322, 93, 37.26024418491192, 2.0802177368504586
322, 94, 51.626589508999814, 1.8461647651853754
322, 95, 46.469382358521905, 5.127305724042981
322, 96, 58.82383019318127, -0.152127153619776
323, 97, 34.36628834853071, -23.365587503034114
323, 98, 22.449471941327094, -8.773700188120866
323, 99, 178.67326758946606, 9.292187007061
--end of generation dispatch
