--generation dispatch
bus id,unit id,pg(MW),qg(MVar) 
101, 1, 11.099221180325426, 0.35338689327406003
101, 2, 14.310516653832007, 0.07038141648580798
101, 3, 24.363266001368608, -24.92763677135471
101, 4, 24.36326910322315, -23.528290997315956
102, 5, 16.839797452050384, 1.4058090880580423
102, 6, 20.86162974317666, 3.8691682051333354
102, 7, 27.174830065866825, -13.560257238478036
102, 8, 27.174830042292506, -33.048506526698446
107, 10, 48.63096121578992, -20.256121290967663
107, 11, 50.1850587397025, 7.132320947335164
107, 9, 40.51437309752785, 22.651290084676045
113, 12, 11.994552903431257, -31.93996327289086
113, 13, 56.73175604697072, 25.767915945180803
113, 14, 81.60469774081942, -16.7581113755353
114, 15, -1.2950066893267604e-16, -36.400034498936705
115, 16, 3.205194645147199, 3.674773389852224
115, 17, 3.038782798830071, 3.5763102058117178
115, 18, 1.5589710855836647, 4.808656538865515
115, 19, 5.389511527598249, 1.1591169833783672
115, 20, 0.3353284519164238, 1.5060207262339274
115, 21, 88.22061986358013, 65.85606316296119
116, 22, 92.09757127730775, 2.0073201182104254
118, 23, 506.1439566131863, 84.45374521320937
121, 24, 378.7116721650275, 109.19593962277241
122, 25, 58.19252471308303, 1.995870940255975
122, 26, 43.236798358700106, 2.0434719777736854
122, 27, 43.2946112366308, -0.5579052547018809
122, 28, 48.35481666130093, 1.344242613097778
122, 29, 39.084621142680625, 6.813647848271761
122, 30, 36.86112784416495, -0.7695351186168784
123, 31, 94.16546310045854, -27.805147841727674
123, 32, 94.16546215692276, -45.79583221362068
123, 33, 122.57566618705015, 47.111767122916476
201, 34, 8.930754982731367, 0.5884813708178397
201, 35, 20.8175367958854, 2.0833945373932106
201, 36, 12.63169553625478, -40.31792462830364
201, 37, 37.00879490151748, -6.804843790043165
202, 38, 20.548929354801174, -2.5871299317248244
202, 39, 16.43836024830626, 5.229462396840514
202, 40, 12.969071413527884, -42.11565185691864
202, 41, 48.08417716996396, -24.336949960376568
207, 42, 22.504361651343956, 34.905181243358335
207, 43, 33.76887363145868, 14.255613917881389
207, 44, 14.780741279219242, -10.508831843823845
213, 45, 34.69682765291405, -8.269941127554027
213, 46, 144.79021988630825, 8.689510188463224
213, 47, 89.71055421204144, 3.2483257442841595
214, 48, -2.374542920360594e-16, 34.714884264292195
215, 49, 7.208063517179107, 1.8823414638689544
215, 50, 1.3310068228451997, 2.847474232279017
215, 51, 2.490961875651462, 5.455108669539526
215, 52, 6.0846053175549, 2.8217030958329294
215, 53, 0.5216926224525623, 3.8492451735534905
215, 54, 104.90541524597644, 62.013970432222244
216, 55, 107.99003210672898, 72.17997546161598
218, 56, 296.313022841584, 53.22395448327755
221, 57, 301.82620054189294, 20.919118756861415
222, 58, 37.53208337922899, 0.4868604603519092
222, 59, 41.69017173688246, 3.650696959501548
222, 60, 57.067050050137034, 3.7416018954093917
222, 61, 60.16781876667722, -6.031463988348344
222, 62, 37.80391879485308, 3.490930639929971
222, 63, 52.1368469029045, 6.293237020012383
223, 64, 102.51839365658812, -3.00125482955621
223, 65, 102.51839408001243, -48.01531856569166
223, 66, 158.77641778328785, 83.57959553152993
301, 67, 15.450555059487504, 3.659750651179793
301, 68, 22.283167925663115, -0.11257842353046857
301, 69, 42.197621506831446, -30.397998413176566
301, 70, 9.884420985437854, -6.907464013391673
302, 71, 11.513822449325936, -2.2089833250727953
302, 72, 18.526592332938026, 3.0135671944371145
302, 73, 26.932510305401962, -31.17856829345172
302, 74, 25.634955499736687, -34.00840038932615
307, 75, 61.631454854471365, -1.5689661568003364
307, 76, 33.63087590897247, 2.5106792236978706
307, 77, 31.28019309716125, 16.3649876428305
313, 78, 7.038383076114157, -1.9440173406482273
313, 79, 98.29868932946387, 4.1907430046207645
313, 80, 46.748322201571845, 7.170733712479228
314, 81, 1.6049942779963604e-16, 0.4989045052142441
315, 82, 1.641100102996217, 4.374426199903999
315, 83, 7.497994751589539, 2.7943490834910336
315, 84, 5.478635042712341, 2.544645286907217
315, 85, 2.367908321615895, 5.240701522493369
315, 86, 3.2423187021495226, 1.3107223807062485
315, 87, 92.2601207119478, 79.2099009744951
316, 88, 95.11802699610091, 62.06634311781399
318, 89, 410.35765744806474, 62.542819387610805
321, 90, 362.8926683037163, 36.98232400797729
322, 91, 42.325769715103625, -0.073542914293799
322, 92, 41.52614378007066, 9.796604185775669
322, 93, 61.92652220707325, 5.389405577504577
322, 94, 55.91572539517594, 6.64112047508899
322, 95, 61.81090263985034, 1.41635301993557
322, 96, 62.92410271810305, -1.3916884214289795
323, 97, 93.35024599359163, -23.545539052088476
323, 98, 93.35024886297373, 6.468157436007018
323, 99, 121.03079223327283, -21.241364371102577
--end of generation dispatch
