--generation dispatch
bus id,unit id,pg(MW),qg(MVar) 
101, 1, 10.542438883086916, 4.942785504930135
101, 2, 11.005347022408406, 4.513951612247297
101, 3, 60.077779551787515, 11.437552869300958
101, 4, 60.0777795460987, -6.386983861776995
102, 5, 14.668327303919225, 6.11961640854852
102, 6, 17.31668475836772, 5.856545090286203
102, 7, 76.93289498295646, 6.897600909720522
102, 8, 56.94787485059373, -11.387071807730093
107, 10, 58.48823060430876, 5.986436532664323
107, 11, 28.00530990540111, -1.0160936715358606
107, 9, 10.487793755729385, 22.769271585488266
113, 12, 3.874371106104235, -15.970787054856912
113, 13, 43.68870992983432, 29.45876237258345
113, 14, 104.85135154976969, -13.16312975653859
114, 15, 3.3769569500565957e-14, -13.30710119767851
115, 16, 1.7994249764337586, 2.150888473545951
115, 17, 3.6287154224003446, 5.334990103366762
115, 18, 0.5876382946862017, 3.801330156429375
115, 19, 6.027294490097662, 3.9715490047905804
115, 20, 3.1053659925848702, 3.2057102427253032
115, 21, 18.96150744102169, 2.5845366424380254
116, 22, 69.25496534227297, 2.2016814476130024
118, 23, 456.5469099173261, 68.10447087705195
121, 24, 483.2258979013383, 154.8748580447105
122, 25, 61.025091240526685, -0.6727213246356215
122, 26, 63.990633344156244, 0.6063922693348408
122, 27, 58.131883850665325, -2.8268172082214424
122, 28, 41.8195561001725, 3.804386750471185
122, 29, 35.92006521380464, -3.2824269938459087
122, 30, 51.51114760280544, 4.095575506171324
123, 31, 72.07894530302441, -34.08563008340775
123, 32, 62.255607340996065, -37.39701757593669
123, 33, 129.5228256462271, -19.539735861387065
201, 34, 13.591594139803506, 6.323959841155749
201, 35, 19.389524581456225, 3.243849645902445
201, 36, 64.40775736991431, -7.212038237838131
201, 37, 53.99090776215181, -21.293439121081978
202, 38, 16.239352162133958, 2.9943047306474715
202, 39, 15.370235020843127, 3.8054734034571425
202, 40, 4.805714960195206, -22.467877130102487
202, 41, 46.28238928400897, -9.865930882608254
207, 42, 50.15243334649973, 14.741561438733122
207, 43, 68.57677343488409, 11.621816749415427
207, 44, 32.66590140830814, -4.021112671473058
213, 45, 82.71204861125315, -9.219385377096854
213, 46, 65.98330953154642, -5.276763914224223
213, 47, 71.2694283124306, 32.1765570273116
214, 48, 3.463835518381382e-14, 17.218816369535364
215, 49, 4.475188397569966, 3.1847602782925946
215, 50, 4.278933411709828, 2.0944118171441892
215, 51, 5.324434586896379, 2.4257511417249957
215, 52, 3.642458467953386, 3.4655219125817043
215, 53, 4.938831926196057, 1.844313447052639
215, 54, 24.364230231785136, 28.368513374172146
216, 55, 58.368118129874894, 80.12392767979554
218, 56, 286.9409219808158, 64.81360573530414
221, 57, 288.9286783019945, -2.7291041737388344
222, 58, 37.45532302648218, 2.401341099853155
222, 59, 38.86518758951144, -3.3982476842087923
222, 60, 35.6189389712775, 3.083311305486833
222, 61, 51.19333618317188, 7.575216178179
222, 62, 35.619380802348424, 5.8041487145180035
222, 63, 44.127781700775195, -1.5202246327531388
223, 64, 120.00501543006777, -62.661453254171356
223, 65, 75.05447079338907, -32.847490148013556
223, 66, 135.74093410341723, 12.278332205735186
301, 67, 18.4903809315586, 0.7653870447336263
301, 68, 13.56750688903095, 1.316491663657523
301, 69, 7.2760548092942985, -23.190545688706635
301, 70, 18.0850029044775, -35.355835848818316
302, 71, 14.224401783971173, -2.8424050468985045
302, 72, 20.53504977436277, -1.1888497326369647
302, 73, 28.46073783745352, -19.56554683263883
302, 74, 14.047453861197122, -15.648080581939158
307, 75, 32.659948748314356, 8.97756421309579
307, 76, 6.286263460772831, 13.36628049320463
307, 77, 18.16924101162075, -3.977631470575512
313, 78, 157.09243979497012, 2.449433768885091
313, 79, 38.777231422491084, 10.145755867540602
313, 80, 61.03416778251048, 1.6404060783034513
314, 81, 3.315033477175241e-14, 14.168824827300027
315, 82, 7.363132607295615, 4.043255472849965
315, 83, 4.5871910731716286, 4.8232814727489846
315, 84, 2.529265781702505, 4.688400272190344
315, 85, 3.6675386452738317, 5.798937266487131
315, 86, 0.40467172725922596, 2.572682256662303
315, 87, 24.33624645531842, 87.14705818301533
316, 88, 109.04710748453118, 76.2950909410646
318, 89, 482.56059254909184, 50.402626187740154
321, 90, 317.33870865313037, 127.87821156371665
322, 91, 51.637808811637335, 4.5793535310489
322, 92, 37.30050229073571, 8.696492136768606
322, 93, 41.83605334793286, 5.825343289913376
322, 94, 60.7755852986786, 0.5113860225333821
322, 95, 55.66843910680222, -4.585624229241023
322, 96, 50.967041541143075, 6.417869221017148
323, 97, 54.48147404668675, 14.5553151697916
323, 98, 40.26167110377823, -11.18720639806493
323, 99, 171.22595683863977, 85.94513196850859
--end of generation dispatch
