--contingency generator
conID,genID,busID,unitID,q(MW) 
1, '1 ', 8, '1 ', 2.1161459001726186
1, '1 ', 1, '1 ', 1.8530136961763202
1, '1 ', 3, '1 ', 25.78747168604834
1, '1 ', 2, '1 ', 22.130122418479722
1, '1 ', 6, '1 ', -5.836311814754649
--end of contingency generator
--bus
contingency id,bus id,v(pu),theta(deg) 
0, 4, 1.0666579304719117, 54.39698755164089
1, 11, 1.082237288805931, 73.06651768327434
0, 7, 1.083745476283685, 53.96088038754008
1, 10, 1.072404700161504, 71.49067946016761
1, 14, 1.0619069809397732, 71.34664108465229
0, 12, 1.0860106042625655, 55.787733738249365
1, 4, 1.0664718269603044, 72.54836301880935
0, 13, 1.0797949232987505, 55.486576469587376
1, 12, 1.0588875674368488, 72.99855169580776
0, 14, 1.06519271829173, 53.38695665519155
1, 8, 1.0865384866111896, 73.12549601411911
0, 6, 1.1000000002080406, 56.680773936308114
1, 5, 1.0698991000951537, 73.73681562562781
1, 6, 1.0999999999544272, 74.89946842804213
0, 5, 1.0699789179349455, 55.57630949819927
1, 7, 1.083290970911055, 72.0717878783441
0, 3, 1.058146434334502, 51.11400025837957
0, 8, 1.086538486903841, 55.01370755545233
1, 1, 1.0994307978762918, 76.91963057870458
1, 13, 1.0732980019589209, 73.29924546383839
1, 9, 1.0777630693331683, 71.1547024113885
0, 11, 1.082683071526799, 54.90128098821904
0, 9, 1.0786303358058116, 53.06657024791983
1, 3, 1.0581464340717828, 69.26997042816485
1, 2, 1.0905456257592459, 75.45619259431322
0, 1, 1.099430798077593, 58.76218842641314
0, 2, 1.0905456260133093, 57.299637774244076
0, 10, 1.073172449138225, 53.37921549997726
--end of bus
--Delta
contingency id,Delta(MW) 
1, 0.0017070884443718163 
--end of Delta
--line flow
contingency id,line id,origin bus id,destination bus id,circuit id,p_origin(MW),q_origin(MVar),p_destination(MW),q_destination(MVar) 
1, 'BL', 1, 2, 'BL', 51.81572876010944, -2.9919738362693806, -51.38525408149201, -2.024543343408368 
1, 'BL', 2, 5, 'BL', 22.10265804111569, 3.9546238175398685, -21.851414687464654, -7.225301217151014 
1, 'BL', 4, 9, 'BL', 5.187105799866351, 4.580192279123452, -5.187105799866351, -4.360327007535915 
1, 'BL', 4, 7, 'BL', 4.698549751138088, 3.7588889425576326, -4.698549751138088, -3.695216656242451 
1, 'BL', 6, 13, 'BL', 29.365491538235233, 7.98907074185945, -28.859166675835183, -6.991959028709857 
1, 'BL', 7, 8, 'BL', -12.287988880956775, -1.884168630440513, 12.287988880956775, 2.116146572465027 
1, 'BL', 4, 5, 'BL', -53.39979733325356, 8.832186834247295, 53.74365823302628, -7.747543951143598 
0, 'BL', 12, 13, 'BL', 3.072254901381257, -0.010371812563619187, -3.054574735152528, 0.026368153437204 
0, 'BL', 1, 5, 'BL', 31.19551758038908, 4.802417780681935, -30.73349585469869, -8.6850198168936 
0, 'BL', 10, 11, 'BL', -15.431190086487135, 1.4914921974818753, 15.602418870836033, -1.0906644996159685 
0, 'BL', 13, 14, 'BL', 11.635701719095934, -0.9623938865085506, -11.435862010340145, 1.3692751562750232 
0, 'BL', 1, 2, 'BL', 51.78715982640654, -2.9834179356755612, -51.35715914197908, -2.0345464208448902 
1, 'BL', 5, 6, 'BL', -10.166751133081965, 21.94929892179539, 10.166751133081965, -20.830281285946853 
0, 'BL', 2, 3, 'BL', 64.23010700385612, 3.391010767130524, -62.58587615163236, -1.52045701600764 
0, 'BL', 4, 5, 'BL', -52.94554549893337, 8.947108058056074, 53.283857950673564, -7.879966684065039 
1, 'BL', 9, 14, 'BL', 1.2730834693184647, 5.7242813561529715, -1.2354528131842812, -5.644235908858718 
0, 'BL', 2, 5, 'BL', 22.131401890855187, 3.896561986917959, -21.879882389041768, -7.166691735420386 
1, 'BL', 9, 10, 'BL', -4.7638889407590455, 8.651262373866302, 4.790600256208734, -8.580306506041552 
1, 'BL', 3, 4, 'BL', -34.09446769271656, 8.570687393630806, 34.84177875277757, -8.107824232174835 
0, 'BL', 7, 9, 'BL', 16.585006691146617, 5.168534230984051, -16.585006691146617, -4.885875408860784 
0, 'BL', 6, 13, 'BL', 22.074626392544644, 6.049900001963692, -21.78821853058895, -5.48587351402773 
0, 'BL', 2, 4, 'BL', 34.77891075053196, 2.137131027754208, -34.17944898739921, -4.274200067688412 
1, 'BL', 1, 5, 'BL', 31.175484151261486, 4.844987815373372, -30.71372420544617, -8.72825032889159 
1, 'BL', 10, 11, 'BL', -15.95340411271465, 1.5536993951634486, 16.136706312152285, -1.1246091642556166 
0, 'BL', 4, 9, 'BL', 4.956611464138343, 4.441804899346266, -4.956611464138343, -4.238478832349415 
1, 'BL', 6, 11, 'BL', 19.528253493190107, 0.8045094777563122, -19.22839934109055, -0.17657737781314609 
1, 'BL', 12, 13, 'BL', -5.1372921683184245, -1.9482054603634538, 5.196770564872111, 2.0020192477215346 
1, 'BL', 2, 4, 'BL', 34.86244232296701, 2.227581448087335, -34.259766581398566, -4.354223616810373 
0, 'BL', 9, 10, 'BL', -4.243313524232747, 8.584702369401612, 4.268386225165159, -8.518099312853565 
0, 'BL', 3, 4, 'BL', -34.18399569277983, 8.493841385983842, 34.93411442686582, -8.024066251754107 
0, 'BL', 9, 14, 'BL', 0.12048176546852574, 5.310688756526588, -0.08965275225017422, -5.245111314987923 
0, 'BL', 6, 11, 'BL', 18.977312535615994, 0.8035795942644768, -18.69411190113584, -0.21052204322108992 
1, 'BL', 13, 14, 'BL', 10.455304570296647, -1.431959462867269, -10.290061944090183, 1.7683997528829423 
1, 'BL', 2, 3, 'BL', 64.23584887691905, 3.3902887983641676, -62.59132999739995, -1.5185215788884534 
0, 'BL', 4, 7, 'BL', 4.302138963641416, 3.618573573920685, -4.302138963641416, -3.563015902574193 
0, 'BL', 6, 12, 'BL', 8.2836960823266, 2.092158425772652, -8.209547071980722, -1.9378336488092032 
0, 'BL', 7, 8, 'BL', -12.282867727597857, -1.605518328461926, 12.282867727597857, 1.8356546252349517 
1, 'BL', 7, 9, 'BL', 16.986538631993938, 5.579385286632714, -16.986538631993938, -5.27971301258026 
0, 'BL', 5, 6, 'BL', -9.65871150421927, 21.97988166096104, 9.65871150421927, -20.87772123740922 
--end of line flow
