--generation dispatch
bus id,unit id,pg(MW),qg(MVar) 
101, 1, 11.230159586084142, 6.420861303943659
101, 2, 20.455627621936028, 2.6883930694021076
101, 3, 54.40155465163295, -13.609654878199859
101, 4, 47.04371563260032, -31.39950235250804
102, 5, 11.260814835758163, 1.7981944553483387
102, 6, 16.061185786150162, 3.8315858232262108
102, 7, 79.36538429291654, -20.15609254879682
102, 8, 64.44148308672966, -23.85931015666857
107, 10, 65.99756711889741, 26.512548781348983
107, 11, 43.302040655166365, -7.718502292947546
107, 9, 26.96554913021954, 13.910564256938937
113, 12, 79.6387083023928, 62.08053036814268
113, 13, 62.92682329038241, 19.463830412594515
113, 14, 93.4127237730667, 13.342255478239695
114, 15, 2.5973435043733304e-8, 0.4645907446746521
115, 16, 1.7259767997144717, 4.470443515936718
115, 17, 5.498855466126535, 1.9141554930688474
115, 18, 3.7920502380495367, 1.5826472791513957
115, 19, 9.699411399670577, 4.44712340419072
115, 20, 2.146030536463487, 3.6915563590864635
115, 21, 113.66624774307614, -13.679978560515217
116, 22, 81.83658497684554, -1.1653558882671198
118, 23, 357.4798252848733, 92.72562506246716
121, 24, 331.84248674378733, 0.5118299745671389
122, 25, 39.58899211901694, 6.991340387244193
122, 26, 39.098930648478955, 6.115145688525214
122, 27, 26.60112967728742, 2.6663531459890417
122, 28, 44.00916304968283, 5.530552312399772
122, 29, 37.75972705433006, 1.0147639615315847
122, 30, 29.492025062472447, 1.7137333832439687
123, 31, 135.7277356006039, -3.9188532946392423
123, 32, 85.31829051270013, -1.060591587058883
123, 33, 62.69215933561043, 41.41697198930376
201, 34, 18.474208382342038, 4.618391875594485
201, 35, 12.911255234550804, 0.4067112727943514
201, 36, 28.449735279493403, -12.66741505635616
201, 37, 34.18716766552715, -21.684106854705757
202, 38, 18.04747799792438, 3.6158872771517547
202, 39, 18.481627140569962, 3.8746074698318327
202, 40, 29.501082849812256, -33.300639044485216
202, 41, 58.84639073078053, -17.648438831736403
207, 42, 26.26269824068746, -7.828444272718489
207, 43, 48.06248887268929, 9.439787103049946
207, 44, 23.47008486250598, 29.163336300101818
213, 45, 147.0542832508057, 26.026242961774464
213, 46, 126.58697424669548, 9.489120136429907
213, 47, 3.5725791998219774, 13.437748546574744
214, 48, 2.6555909598815455e-8, 29.625372909829704
215, 49, 2.0336888381142804, 0.8163171395204443
215, 50, 0.20611118192238517, 3.4090819241830155
215, 51, 3.6254128426255896, 2.114703681792883
215, 52, 0.7727011074822976, 5.227668283289434
215, 53, 3.9163667604316066, 1.9432352549180545
215, 54, 58.07907981038397, 32.934965337435294
216, 55, 87.13620085226687, 12.026744838236862
218, 56, 351.96425396456067, 14.272890192638773
221, 57, 330.87312325119, -50.97282239256997
222, 58, 50.49892597763899, 2.002005614867183
222, 59, 24.006100170951786, 1.880261512286541
222, 60, 31.13332644158681, 2.468629680955298
222, 61, 36.840704043303745, 5.416397499417146
222, 62, 50.94907276575695, 3.702761615044258
222, 63, 30.342871327895338, -2.3390831016700924
223, 64, 70.62658290666323, -6.367243792004466
223, 65, 87.97487567682983, -45.53927612065896
223, 66, 137.78243669964246, 68.90422557418616
301, 67, 10.16561879371149, 0.9847499585499988
301, 68, 16.491299124971615, -0.500859492449476
301, 69, 63.42676092072461, -5.514486178264723
301, 70, 34.75879137224572, -11.866709203527051
302, 71, 13.876779619072355, 6.573052475629484
302, 72, 18.02952948201665, 1.9150669811210814
302, 73, 24.722093444703997, -19.086844392713562
302, 74, 37.070169274218635, -20.985245109532926
307, 75, 74.25389480625745, 17.455670537110834
307, 76, 16.73066969293123, 9.587488463417099
307, 77, 36.59480338469042, 15.129803813881278
313, 78, 146.22575964644588, -26.406602446019
313, 79, 130.17765378590133, 18.30530182519964
313, 80, 131.3493392871922, 15.115700837278771
314, 81, 2.5158842715365722e-8, -35.26424001444406
315, 82, 1.1414218554861175, 5.221666893810838
315, 83, 4.306923199235032, 3.477742819723807
315, 84, 6.517722348807712, 4.394024545577229
315, 85, 3.703231930037041, 4.725528455256877
315, 86, 10.797593424637675, 4.2197124657328375
315, 87, 92.73093157821658, 29.04972961944062
316, 88, 134.11231026578423, 5.940291639143765
318, 89, 391.9705152515461, 37.31192289105122
321, 90, 406.51739141219144, 33.24898017686139
322, 91, 37.12250789879866, 1.5037692368872744
322, 92, 45.402022802603476, 7.372331552936556
322, 93, 32.35410002187023, -3.5143946943385806
322, 94, 37.57013915237623, 4.594512974925887
322, 95, 29.961151016617954, 0.6234168696736787
322, 96, 26.892940289953604, 0.4448718890658805
323, 97, 84.48999375735212, -25.458682738141736
323, 98, 65.13016841958289, -25.409447788957063
323, 99, 69.4556448813428, 22.045698085462142
--end of generation dispatch
