--generation dispatch
bus id,unit id,pg(MW),qg(MVar) 
101, 1, 9.965470854850416, 6.708603650542629
101, 2, 13.502953199356185, 6.005565422902407
101, 3, 43.38501202631942, 12.68090346232549
101, 4, 43.38503112831882, -3.5404832827556127
102, 5, 17.854723334592535, 6.0654791667797605
102, 6, 12.086270107966309, 4.656140784916672
102, 7, 63.683613528643825, -10.944312323606283
102, 8, 63.68362566615231, 7.559532488498666
107, 10, 35.920624837682126, -1.3297317066631518
107, 11, 40.46870707062278, 8.232357567511267
107, 9, 41.9699121731632, 5.725375489172983
113, 12, 39.489398633470294, -8.807970315153582
113, 13, 132.02634695741406, -31.65839986688608
113, 14, 91.64327745102499, 13.48904363255783
114, 15, -5.72902179343771e-16, -50.91877724027966
115, 16, 0.1819444739528108, 3.9433200754371773
115, 17, 4.2865076306886145, 3.6521528327329333
115, 18, 5.513274964433755, 3.7307289607899095
115, 19, 3.638798199487837, 2.4447807320861066
115, 20, 10.00024520139641, 1.7850050092274312
115, 21, 49.00545929616652, 88.69432448446432
116, 22, 97.30245533993863, -56.23015403954672
118, 23, 297.85927679807367, 21.995358968065325
121, 24, 292.2651144230389, 125.36149996818861
122, 25, 51.43386829674489, 5.688828818869357
122, 26, 54.94859908737487, -3.1542287834539433
122, 27, 57.84663268627844, 4.052062276585808
122, 28, 60.30878191611044, 3.662345642682953
122, 29, 51.048495015429914, 5.944408599639254
122, 30, 38.24501349155105, 4.7405407339120735
123, 31, 72.14650100431714, -55.44478972571382
123, 32, 102.16189738101335, -30.44750783391193
123, 33, 243.79352997056645, -20.36156395703404
201, 34, 16.967718904736177, 2.6037477796352753
201, 35, 17.94231190804408, 4.252564282703345
201, 36, 30.719519607431355, -10.394531143328182
201, 37, 15.143832653013328, -0.9025041995358359
202, 38, 11.401128187686412, 2.952907982891493
202, 39, 15.330084831036306, -0.6614479568684495
202, 40, 31.337778024895012, -12.9347920584137
202, 41, 40.55800112853422, -16.738361923771585
207, 42, 44.89279793685483, -3.7550300924459377
207, 43, 39.00422759464234, 38.58459316653684
207, 44, 58.03758606657476, 1.8990227199040712
213, 45, 45.818180718017175, -2.3105343877722926
213, 46, 71.50001038074232, 21.908631480880114
213, 47, 117.72806566169818, 27.794035928912354
214, 48, -9.286412726098365e-16, 78.2982564181118
215, 49, 6.251973622147089, 3.8083929048541125
215, 50, 0.6833133075582456, 2.1637148181547383
215, 51, 1.957748602709979, 5.536588582266387
215, 52, 0.3499877393698488, 1.8578824742773763
215, 53, 2.6982856129544555, 3.628049463146952
215, 54, 80.00825652038996, -44.9278707882071
216, 55, 106.40208677137396, 25.36024777074488
218, 56, 69.4346633542, 50.320392027530545
221, 57, 198.8936130175692, -21.910680380760205
222, 58, 59.01932702418728, 3.917923948300757
222, 59, 43.9934197349505, 7.141987227050603
222, 60, 62.0124774195285, 4.3232192378962315
222, 61, 53.79027812062143, -0.3203268012567593
222, 62, 40.099368186391274, 2.5897078916273033
222, 63, 55.13717574552014, 1.703286089574155
223, 64, 81.42973190274488, -16.253927592801986
223, 65, 91.74659965349747, 7.273650895384386
223, 66, 149.92857838541386, 23.644551552211038
301, 67, 11.429871704666128, 0.23432300272578188
301, 68, 15.108529962051456, 5.727336668410978
301, 69, 51.6676477687424, -23.04659967776423
301, 70, 26.42114022144963, -23.699240788776816
302, 71, 21.748031735874935, -4.114957855903604
302, 72, 9.451519848541981, 1.7057922423477783
302, 73, 35.32158516651774, -38.04907822335807
302, 74, 21.650724504062914, -37.546083362398875
307, 75, 13.030875787310844, 6.805299267344767
307, 76, 2.19412405154253, 17.92073720973796
307, 77, 56.933284167834636, -1.977930043883191
313, 78, 55.15544628526568, 5.738379861780235
313, 79, 130.08894103769288, 6.8944359599203935
313, 80, 101.94141694220848, 6.31349106633033
314, 81, -1.4119534537928217e-15, 35.43340169388099
315, 82, 1.6911209900374626, 3.2770195967513507
315, 83, 1.0555499842465308, 2.4439412945550356
315, 84, 0.8179535069393402, 2.994394555853579
315, 85, 5.5614209773434276, 5.131420169266203
315, 86, 5.844260602262241, 1.3679727598021783
315, 87, 117.03564490758946, 98.2166569585805
316, 88, 81.73294408419765, 52.36816177868353
318, 89, 357.8325274936869, 55.059274331924236
321, 90, 338.1663178407919, 47.84981945083583
322, 91, 59.21870655177197, 6.537596521741244
322, 92, 48.71235280793197, 3.2123639808227114
322, 93, 53.7917626186464, 3.2294093666874315
322, 94, 61.425286035817486, 2.816545523546795
322, 95, 64.4965258732628, 0.060039279369219066
322, 96, 47.8849108217474, 6.847511431555318
323, 97, 14.092032354285303, 18.807474688554645
323, 98, 71.32715645092752, 24.221869463695707
323, 99, 206.11535974010928, -16.311044763680872
--end of generation dispatch
