--contingency generator
conID,genID,busID,unitID,q(MW) 
1, '1 ', 8, '1 ', 5.096854050013976
1, '1 ', 1, '1 ', -12.786714653186008
1, '1 ', 3, '1 ', 22.960295236162672
1, '1 ', 2, '1 ', 47.54546600161102
1, '1 ', 6, '1 ', -11.390796590885081
--end of contingency generator
--bus
contingency id,bus id,v(pu),theta(deg) 
0, 4, 1.0714192977998251, 88.13232782216548
1, 11, 1.0799377387433884, 49.41882292495985
0, 7, 1.087866389219415, 88.64963300152623
1, 10, 1.0720309936009493, 46.76704362899775
1, 14, 1.0619431113282263, 47.1206462589458
0, 12, 1.0873753806986368, 92.97738815780583
1, 4, 1.0712512286898195, 46.42772860874936
0, 13, 1.080233719081303, 92.4642997953121
1, 12, 1.0612631382593882, 50.11153946983555
0, 14, 1.0647774501067615, 89.04491979628197
1, 8, 1.0951326289302155, 48.74218153919888
0, 6, 1.1000000000521113, 94.0123737376284
1, 5, 1.0752393491700438, 47.81684551728099
1, 6, 1.1000000000265882, 52.38575575018618
0, 5, 1.0753121391434188, 89.51073168877487
1, 7, 1.0874960326956937, 46.90075370763182
0, 3, 1.0589227433891988, 84.44794480315961
0, 8, 1.0951326289466328, 90.4900111049
1, 1, 1.1000000000345629, 50.514862355465496
1, 13, 1.0743800969830728, 50.36846165296385
1, 9, 1.079105933614898, 45.98640213390116
0, 11, 1.080354007018727, 91.10566697399295
0, 9, 1.0798081562561441, 87.76021538305562
1, 3, 1.0589227433636632, 42.748433350492476
1, 2, 1.0937521093743858, 48.12490614793636
0, 1, 1.1000000000499452, 92.21238604875242
0, 2, 1.0937525664706782, 89.82346533110153
0, 10, 1.0726858508415995, 88.5146152928108
--end of bus
--Delta
contingency id,Delta(MW) 
1, 0.0016620051010470057 
--end of Delta
--line flow
contingency id,line id,origin bus id,destination bus id,circuit id,p_origin(MW),q_origin(MVar),p_destination(MW),q_destination(MVar) 
1, 'BL', 1, 2, 'BL', 80.53538458995149, -16.188390275716074, -79.46951791171296, 13.090023232610747 
1, 'BL', 2, 5, 'BL', 6.731636033053036, 7.38043648296582, -6.667550693094967, -11.254480499572423 
1, 'BL', 4, 9, 'BL', 1.6521494235294922, 5.257185042756362, -1.6521494235294922, -5.118990588292576 
1, 'BL', 4, 7, 'BL', -4.702634314748758, 4.132665199542316, 4.702634314748758, -4.064351661317801 
1, 'BL', 6, 13, 'BL', 34.34863097185507, 4.753748926299295, -33.691271317610415, -3.4592025595802625 
1, 'BL', 7, 8, 'BL', -21.72546374615653, -4.365452957317643, 21.72546374615653, 5.096854064386662 
1, 'BL', 4, 5, 'BL', -62.94599003143185, 10.613928789428883, 63.42002519806192, -9.118676290043368 
0, 'BL', 12, 13, 'BL', 4.31339490974824, -0.8587086823179106, -4.277254389354596, 0.8914072483884183 
0, 'BL', 1, 5, 'BL', 26.532456875874757, 3.361220081868396, -26.20017718445719, -7.810632575946727 
0, 'BL', 10, 11, 'BL', -24.391071703439394, 6.753861648528527, 24.847822250488235, -5.684658996832354 
0, 'BL', 13, 14, 'BL', 18.012549210186805, -3.4609400634124086, -17.519741385734477, 4.464315591791944 
0, 'BL', 1, 2, 'BL', 80.50155341484742, -16.179690597052968, -79.43659552734255, 13.078546241897584 
1, 'BL', 5, 6, 'BL', -40.112205345444394, 26.178366435685177, 40.112205345444394, -21.83420496096528 
0, 'BL', 2, 3, 'BL', 56.78693154830819, 5.717083081529836, -55.492958496681595, -5.341113894340765 
0, 'BL', 4, 5, 'BL', -62.428945339696725, 10.678668924158956, 62.895453328318695, -9.207159455929286 
1, 'BL', 9, 14, 'BL', -4.201813461365589, 8.908190694872985, 4.307707857190934, -8.682939127386135 
0, 'BL', 2, 5, 'BL', 6.768312896822806, 7.32322721802484, -6.704505062243726, -11.198391056902324 
1, 'BL', 9, 10, 'BL', -13.316058873252928, 14.174935489220616, 13.419384989233151, -13.900460267582048 
1, 'BL', 3, 4, 'BL', -39.02658060755263, 8.307021347148634, 39.98544195356209, -7.311807944834754 
0, 'BL', 7, 9, 'BL', 16.57508069118737, 8.097274034798147, -16.57508069118737, -7.780942923654493 
0, 'BL', 6, 13, 'BL', 26.463190690342515, 3.5857919213581226, -26.073311137825044, -2.8179973740194555 
0, 'BL', 2, 4, 'BL', 21.897018817404074, 4.892986066913181, -21.640805948283486, -8.100771128429301 
1, 'BL', 1, 5, 'BL', 26.50693572576995, 3.401675622527023, -26.175030756851356, -7.852249914928791 
1, 'BL', 10, 11, 'BL', -24.944644225058596, 6.888393474204406, 25.42276171369332, -5.769173168999487 
0, 'BL', 4, 9, 'BL', 1.3941690125045112, 5.151051421213907, -1.3941690125045112, -5.021501006502433 
1, 'BL', 6, 11, 'BL', 29.79893960423692, -2.3339417424529643, -29.097638615430128, 3.802553731015621 
1, 'BL', 12, 13, 'BL', -4.613393499474114, -1.8597021200531572, 4.661924782623146, 1.9036113762356308 
1, 'BL', 2, 4, 'BL', 21.98890755716988, 4.968697075435216, -21.730223372923916, -8.168369662139526 
0, 'BL', 9, 10, 'BL', -12.767664001904166, 14.02664976697838, 12.865812467604314, -13.76592844187121 
0, 'BL', 3, 4, 'BL', -39.11731765626442, 8.242510470706861, 40.07972297152338, -7.238482250479592 
0, 'BL', 9, 14, 'BL', -5.455937483969535, 8.67458204257315, 5.5704203367796765, -8.431061676411503 
0, 'BL', 6, 11, 'BL', 29.195983949145187, -2.3080969803397124, -28.522699152225528, 3.7180395588542865 
1, 'BL', 13, 14, 'BL', 16.691330217994178, -3.831939005706431, -16.257028906143574, 4.716193042740542 
1, 'BL', 2, 3, 'BL', 56.796220153594334, 5.715529897337888, -55.50184179458954, -5.337850950517918 
0, 'BL', 4, 7, 'BL', -5.145397038028061, 4.033134458340555, 5.145397038028061, -3.958660932008115 
0, 'BL', 6, 12, 'BL', 9.01066590619439, 1.1755659094625344, -8.926788409222723, -1.0009934377325749 
0, 'BL', 7, 8, 'BL', -21.72047772921542, -4.138613102790032, 21.72047772921542, 4.866322571508022 
1, 'BL', 7, 9, 'BL', 17.02282943140759, 8.429804618635671, -17.02282943140759, -8.094152445261443 
0, 'BL', 5, 6, 'BL', -39.52553267894322, 26.169142819926435, 39.52553267894322, -21.91493654488852 
--end of line flow
