--generation dispatch
bus id,unit id,pg(MW),qg(MVar) 
101, 1, 18.95322682788453, 3.1640914098277793
101, 2, 12.31309447803493, 5.694670904522532
101, 3, 41.83765444620497, 19.41541012059062
101, 4, 43.53608272798819, 11.644248834859729
102, 5, 20.100090830361772, 2.428233632023955
102, 6, 20.232093769822562, 4.164014211009408
102, 7, 60.54094057477265, -12.336431514933004
102, 8, 60.5409405848534, -15.380476808652176
107, 10, 57.424835965412214, 13.355494957029654
107, 11, 13.942813497179579, -1.7525975306290682
107, 9, 52.605975009410265, -7.260837327097377
113, 12, 24.996977214052635, 1.2338950935924946
113, 13, 135.66742806327537, 0.7774973311310615
113, 14, 117.39674006529167, -8.39736524883485
114, 15, -1.6111866734172876e-14, -42.622930715558276
115, 16, 2.139933389666854, 2.893046294539944
115, 17, 4.605016812559722, 3.690402802457596
115, 18, 3.889776009674215, 3.7222829065182115
115, 19, 0.9668981928933854, 2.9878315853162714
115, 20, 1.766613491083935, 1.75892160130704
115, 21, 56.46401276709799, 27.229623763770345
116, 22, 107.76457543524873, -63.98944454161504
118, 23, 362.35366263822556, 86.35731651188719
121, 24, 409.87714737229305, 173.5526608277613
122, 25, 53.03994429743829, 7.106073275410061
122, 26, 39.94482281365413, 2.458556374250198
122, 27, 52.338906426252606, -1.3901959263513133
122, 28, 41.11729037229883, 1.565765894099656
122, 29, 52.76201253504473, -4.209172384099749
122, 30, 46.318954187249574, 9.117118433195333
123, 31, 43.69431068826924, -63.00190379316797
123, 32, 66.96781726033042, -59.45182724531023
123, 33, 126.98277071866909, 37.83355250616998
201, 34, 21.147076877214086, 4.183831523524268
201, 35, 11.802864655581779, 5.55871300273019
201, 36, 29.48427108944443, -23.090560138971554
201, 37, 16.84987487986419, -27.483276525009284
202, 38, 18.371202893516468, 7.286997721901009
202, 39, 9.537051319116681, 3.356949511139167
202, 40, 15.784994358649058, -10.778004494201264
202, 41, 15.125244424128553, -12.805870371406096
207, 42, 31.279982864999273, -1.6280369163580437
207, 43, 52.08519284954919, 0.9036825235677444
207, 44, 48.061120954717246, 26.438176401059447
213, 45, 78.14977313263148, 3.170113109146679
213, 46, 89.27732159405282, 8.912576866103311
213, 47, 56.98288926367703, 26.298376724520708
214, 48, -1.700909798994617e-14, 85.28956059123854
215, 49, 1.6734276560875465, 3.9504753373831965
215, 50, 4.997133415768682, 1.9432538152091399
215, 51, 7.2201173113830555, 3.7938687734575463
215, 52, 0.7783897451395625, 0.8585714518085827
215, 53, 4.812019583116145, 2.5825897985666297
215, 54, 113.4958454694267, -12.955682329578327
216, 55, 94.10476388190948, 28.564544686116466
218, 56, 307.20942040175555, 50.42100231205037
221, 57, 280.13634051516897, 18.770993843112993
222, 58, 36.025833713153375, 3.467035947852893
222, 59, 37.66654948217981, 1.9248798667104987
222, 60, 45.095324183145536, 4.651148455091004
222, 61, 43.19523649735562, -0.500553294252182
222, 62, 48.92307226525805, 2.086730154690134
222, 63, 36.808294795716186, 0.5091763193022796
223, 64, 52.19100058920465, -3.7763908304756035
223, 65, 81.74806640683917, 7.325390522044165
223, 66, 167.86008311113264, 53.025542433255644
301, 67, 14.250274091175797, -0.304789571091986
301, 68, 16.37983183287895, 3.994231015411545
301, 69, 58.54317743715252, -15.447020992601457
301, 70, 25.730164584085202, -22.999465949319738
302, 71, 13.787768740886007, -1.107585176779153
302, 72, 11.605257736201875, 0.7598087471861616
302, 73, 39.778319814389064, -24.83095336178849
302, 74, 6.14711709291806, -31.517268914168483
307, 75, 36.42994733867506, -9.418373874204166
307, 76, 6.499202038304501, 18.672834665467864
307, 77, 50.81309693623581, 20.824712260060494
313, 78, 58.52431434143386, -20.648486127649495
313, 79, 80.67917300275795, -11.202013215723005
313, 80, 118.04460000610227, 7.157762943166869
314, 81, -1.7538714192792416e-14, -20.976037781710005
315, 82, 0.8870526610497913, 4.526292684397735
315, 83, 3.9313774014068903, 2.2392790583327575
315, 84, 4.67917718021094, 2.6103682035219724
315, 85, 8.634520415410154, 5.37846810292263
315, 86, 4.084234583432772, 3.324365403250268
315, 87, 79.05153403006517, 65.4777399639962
316, 88, 63.590964390568196, 65.92975226992007
318, 89, 331.43483858342273, 67.73236728178686
321, 90, 308.0946725662895, 16.86657539647398
322, 91, 58.86241921902079, 3.5319368862328218
322, 92, 45.240954889249096, 3.777079931393176
322, 93, 57.82007535666604, 1.8830053222969723
322, 94, 45.91093843782697, -1.6551109510499893
322, 95, 34.967856756210374, 3.667264132859841
322, 96, 44.180233746100264, 0.8520258495084371
323, 97, 36.326782959937944, 2.787086180992586
323, 98, 105.11736223694459, -33.00183424667967
323, 99, 206.852633645766, 41.475835646647866
--end of generation dispatch
