--contingency generator
conID,genID,busID,unitID,q(MW) 
1, '1 ', 8, '1 ', 7.1863023373337045
1, '1 ', 1, '1 ', 2.1161582634566836
1, '1 ', 3, '1 ', 23.16789554793711
1, '1 ', 2, '1 ', 18.385497577880912
1, '1 ', 6, '1 ', -11.30798329681719
--end of contingency generator
--bus
contingency id,bus id,v(pu),theta(deg) 
0, 4, 1.0699552926831173, 50.783942497238655
1, 11, 1.0816391668958218, 86.94120671320519
0, 7, 1.0889900032403559, 50.22036730450835
1, 10, 1.0734268821793562, 84.36586829150939
1, 14, 1.060642074730401, 84.44145961540298
0, 12, 1.084958210245041, 54.49553459198634
1, 4, 1.0697410662718403, 84.67859602385042
0, 13, 1.0785872303807038, 54.02800642859232
1, 12, 1.053274490219319, 86.93470340240597
0, 14, 1.0640951143140047, 50.82016254616428
1, 8, 1.0999999181589026, 84.5482868381464
0, 6, 1.1000000014298705, 55.76690379848896
1, 5, 1.073863543622408, 86.01003681598294
1, 6, 1.0999999998007057, 89.75225327214191
0, 5, 1.0739571740761393, 52.102642304482494
1, 7, 1.088531716727888, 84.05904302239539
0, 3, 1.0672750564980158, 48.61394716695899
0, 8, 1.0999999192626204, 50.70870531611029
1, 1, 1.0999999981937536, 88.27571243222646
1, 13, 1.0714751394053577, 87.43385472096332
1, 9, 1.0787220053036037, 83.41698801440857
0, 11, 1.0821418388125714, 53.02839495724834
0, 9, 1.0795801607348037, 49.60917491287139
1, 3, 1.0672750559644926, 82.51707571814912
1, 2, 1.0921342509424927, 87.02266025498633
0, 1, 1.0999999997522223, 54.37173875228453
0, 2, 1.0921342511674152, 53.119777226114316
0, 10, 1.0742245238729973, 50.52611278636546
--end of bus
--Delta
contingency id,Delta(MW) 
1, 0.0027689666668269837 
--end of Delta
--line flow
contingency id,line id,origin bus id,destination bus id,circuit id,p_origin(MW),q_origin(MVar),p_destination(MW),q_destination(MVar) 
1, 'BL', 1, 2, 'BL', 44.56705250699292, -2.683138912027516, -44.248886792430426, -2.6887332639710166 
1, 'BL', 2, 5, 'BL', 14.190864002057054, 4.869776980411643, -14.071760066317154, -8.56460472910942 
1, 'BL', 4, 9, 'BL', 4.714284324386274, 5.06218814217732, -4.714284324386274, -4.843819851818523 
1, 'BL', 4, 7, 'BL', 6.156483223281763, 2.791363835385482, -6.156483223281763, -2.7114954142595025 
1, 'BL', 6, 13, 'BL', 39.11954736711135, 4.962400830251113, -38.26945732049802, -3.2883081564444865 
1, 'BL', 7, 8, 'BL', -5.804282310794852, -7.062077066053007, 5.804282310794852, 7.186303079862 
1, 'BL', 4, 5, 'BL', -60.403062383311976, 9.413391135193251, 60.8390393194818, -8.038185982975392 
0, 'BL', 12, 13, 'BL', 3.880536812130458, -0.8113248752169397, -3.851040105623781, 0.8380123715801346 
0, 'BL', 1, 5, 'BL', 22.84227339493239, 4.749248241756163, -22.58263549622687, -9.491367672834372 
0, 'BL', 10, 11, 'BL', -23.737111202431095, 6.289245567821013, 24.165866416771962, -5.285576902148364 
0, 'BL', 13, 14, 'BL', 16.84939948939234, -3.2674330055024257, -16.41657819857062, 4.1486736632673455 
0, 'BL', 1, 2, 'BL', 44.53190783525588, -2.6724702551550763, -44.21424189030347, -2.7009278015648306 
1, 'BL', 5, 6, 'BL', -32.8237589619017, 24.94415242245924, 32.8237589619017, -21.717754833636207 
0, 'BL', 2, 3, 'BL', 47.27830343789378, 1.6996231547759635, -46.39038228292506, -3.065504835120919 
0, 'BL', 4, 5, 'BL', -59.78469679204875, 9.507852164020278, 60.21204085356044, -8.159877749769294 
1, 'BL', 9, 14, 'BL', -3.393081514667273, 8.876046854806134, 3.4917174060625484, -8.666235098725167 
0, 'BL', 2, 5, 'BL', 14.222649218083518, 4.801507660403672, -14.103563839431388, -8.496739974007482 
1, 'BL', 9, 10, 'BL', -17.585558191426117, 13.567716709354954, 17.72041918002327, -13.20947233536981 
1, 'BL', 3, 4, 'BL', -22.188422166142004, 6.900592775248697, 22.512294111199907, -7.535362663895171 
0, 'BL', 7, 9, 'BL', 11.399707122034645, 9.375614499288076, -11.399707122034645, -9.173520765911007 
0, 'BL', 6, 13, 'BL', 29.439987384261656, 3.5509841546731877, -28.959266946132175, -2.6042955458276538 
0, 'BL', 2, 4, 'BL', 28.612187640493573, 2.8309751968864703, -28.20184466966117, -5.55974856313901 
1, 'BL', 1, 5, 'BL', 22.820973414095718, 4.799297179850271, -22.561423382847323, -9.541284616608607 
1, 'BL', 10, 11, 'BL', -24.407617749845656, 6.4475614475240945, 24.861433446679342, -5.385228956471792 
0, 'BL', 4, 9, 'BL', 4.394204594901952, 4.9298582821487, -4.394204594901952, -4.730908711123789 
1, 'BL', 6, 11, 'BL', 28.1176745387217, -2.5528213919481004, -27.491967870317524, 3.8631294183284126 
1, 'BL', 12, 13, 'BL', -6.974939664973419, -1.8603244595747697, 7.078711117694354, 1.9542129167986104 
1, 'BL', 2, 4, 'BL', 28.73365369144082, 2.9274115978018926, -28.319456080471042, -5.643709794024176 
0, 'BL', 9, 10, 'BL', -16.92282450946351, 13.388752909018194, 17.049912586013704, -13.051156478068833 
0, 'BL', 3, 4, 'BL', -22.322457398853118, 6.823252564763152, 22.64914831588183, -7.451120938979898 
0, 'BL', 9, 14, 'BL', -4.936953407002164, 8.598746465627471, 5.044173514383658, -8.370674932043812 
0, 'BL', 6, 11, 'BL', 27.39028253308561, -2.5198147601188907, -26.79640081886467, 3.763477351806955 
1, 'BL', 13, 14, 'BL', 15.229838637780986, -3.6996209151081416, -14.864122048049552, 4.444233841793448 
1, 'BL', 2, 3, 'BL', 47.27587782981465, 1.700000857659461, -46.388045746779596, -3.06625779663284 
0, 'BL', 4, 7, 'BL', 5.6037316798500525, 2.6610297170366266, -5.6037316798500525, -2.5937925088139764 
0, 'BL', 6, 12, 'BL', 10.979669044387919, 1.3074789666051174, -10.855476480310926, -1.048999592945222 
0, 'BL', 7, 8, 'BL', -5.795975470296195, -6.781821982989982, 5.795975470296195, 6.90003735299706 
1, 'BL', 7, 9, 'BL', 11.960765538196442, 9.773572497696478, -11.960765538196442, -9.552064804671545 
0, 'BL', 5, 6, 'BL', -32.143744591748295, 24.94806248662593, 32.143744591748295, -21.80570797583283 
--end of line flow
