--generation dispatch
bus id,unit id,pg(MW),qg(MVar) 
101, 1, 12.635214192000532, 1.678323169330391
101, 2, 14.339362598673082, 2.0439826592133
101, 3, 18.170951081007185, -19.653667467518805
101, 4, 18.170820448207376, -40.21269767920729
102, 5, 20.130292984472415, -0.16146703652344926
102, 6, 21.857232605318796, 1.766862581376529
102, 7, 24.080596633205527, -16.879691534636727
102, 8, 24.080596364081316, -37.1550038544976
107, 10, 4.906025819718664, 14.017616031624163
107, 11, 33.1196609776799, -15.549131878462653
107, 9, 22.89430442937661, 5.881632629515845
113, 12, 48.36970006143891, 19.333138956204095
113, 13, 60.498322740763506, -2.9263068099897827
113, 14, 77.58676521276155, 5.712073017107643
114, 15, -8.078399650058202e-13, 45.23498451341028
115, 16, 10.395456589981128, 2.8290297002611777
115, 17, 7.2264529520737755, 2.7341588799426937
115, 18, 1.9851782606930357, 0.6267085167810771
115, 19, 1.3045409546618127, 3.3485946850542803
115, 20, 2.5898870235564053, 3.5455223543701844
115, 21, 106.98323927838469, 31.26263243220546
116, 22, 34.5566879545881, -39.61780580328277
118, 23, 441.93296461938496, 115.54454617541813
121, 24, 368.1991695583737, 136.51334612865858
122, 25, 53.99027148915157, 6.857089863971314
122, 26, 52.06991038240195, -4.261084575795753
122, 27, 54.66181685171724, -0.35860505227448414
122, 28, 38.82783302759454, 4.097122875921381
122, 29, 51.692078900073476, -2.7509908013472173
122, 30, 61.89603423189075, 0.3043550662080424
123, 31, 36.98469615884341, 3.908081685303115
123, 32, 119.91747269604546, 7.466691393107395
123, 33, 118.94051431165833, 16.246574124447022
201, 34, 9.329729466903323, 1.4532634724573987
201, 35, 19.19419649821172, -2.1677177519409887
201, 36, 12.889138587074068, -27.254328549881993
201, 37, 11.164912180516547, -4.163813124818132
202, 38, 11.621101973009232, 1.8458889400364142
202, 39, 18.067934027790745, 4.879090266468861
202, 40, 19.719765732341344, -8.60408763008786
202, 41, 10.446255946789721, -11.011961301048755
207, 42, 14.728273953992808, -4.520424975323774
207, 43, 31.092792546555234, 2.433499332206107
207, 44, 52.3054271933098, 5.977282423209298
213, 45, 8.731508304397533, -7.956100550916413
213, 46, 95.18938838923222, -15.859048956480684
213, 47, 93.0311162237941, 0.4718590378908911
214, 48, -8.288784521587669e-13, -45.2350340315863
215, 49, 2.8900849714698644, 4.731504700124295
215, 50, 4.36032248328282, 1.3525875791226343
215, 51, 2.7319838217130825, 2.6915825707428858
215, 52, 2.9793785071177274, 3.9446671323723943
215, 53, 2.9309157844532083, 2.2105926674155105
215, 54, 95.48527775572319, 100.03022633019529
216, 55, 56.90213944788694, 75.58335568820114
218, 56, 325.40486028406474, 73.2880476207363
221, 57, 431.1638546909839, 55.12384360225851
222, 58, 36.39475172144464, 3.902429967490441
222, 59, 63.217434603638125, 8.42531471560027
222, 60, 55.81959527210435, 3.0659754579594054
222, 61, 60.00104750731132, 1.9888089782770024
222, 62, 63.63937474778957, 4.250248547975844
222, 63, 44.438787514726734, 2.539176502864508
223, 64, 68.82138138342357, -69.98418317209922
223, 65, 89.31957302832629, -7.001087775564583
223, 66, 74.54738879427562, 61.9633069368369
301, 67, 14.387715379888306, -1.214130641590474
301, 68, 21.829755150197027, 1.5601100207864536
301, 69, 37.00666899661165, -35.2008820508161
301, 70, 5.02714467960381, -16.512140056275253
302, 71, 12.345097809381267, -0.5136940165742104
302, 72, 15.957392157182271, 3.8638526733465217
302, 73, 19.768439798338232, -23.449295443027005
302, 74, 32.72168200413542, -14.286635205941602
307, 75, 31.189170931177003, -16.864966497915237
307, 76, 62.40269476279669, 24.601508285421804
307, 77, 67.25351661058193, 2.5924239000846567
313, 78, 91.34855709039266, 4.049696273135879
313, 79, 69.48791689492518, -11.588861789883493
313, 80, 64.97625372591503, -10.238627970278818
314, 81, -8.162989198064783e-13, -15.799418511466564
315, 82, 9.391550883015391, 3.2439486497176326
315, 83, 8.989169728021347, 1.9492636941792987
315, 84, 7.242712094420754, 4.360703838165335
315, 85, 3.6931782000912907, 3.094548636998847
315, 86, 2.210562123020286, 1.715985149693503
315, 87, 53.99037036109841, 71.5742336455465
316, 88, 58.349806304105975, 46.29647079870824
318, 89, 298.4251999114936, 79.32715235533189
321, 90, 484.2854761319798, 66.0240103711198
322, 91, 46.005417576559374, 4.308058880429509
322, 92, 46.513419693835566, -4.148992007461186
322, 93, 62.48280294475752, 3.744872968700601
322, 94, 47.65411064730632, 3.7099617773384415
322, 95, 41.53589331315506, 6.466013188331994
322, 96, 41.63001072130773, 1.87716237309861
323, 97, 118.84862316836762, 16.653647309306862
323, 98, 59.16599027900321, -20.09648514313979
323, 99, 111.96142175836665, 7.584098924771496
--end of generation dispatch
