--generation dispatch
bus id,unit id,pg(MW),qg(MVar) 
101, 1, 19.052529132831385, 2.7516827246817313
101, 2, 20.186802633601125, 8.030478342941363
101, 3, 49.51373694843937, -22.765667301097693
101, 4, 49.513738642008896, -35.879869848381894
102, 5, 13.426116970089199, 1.824151742098825
102, 6, 17.417761617331312, 4.012482875392013
102, 7, 59.33017884554503, -3.6704514843648783
102, 8, 59.3301777991679, -11.455186212694365
107, 10, 44.173797839366706, -1.453868164696671
107, 11, 34.36240218119237, 4.391154170526069
107, 9, 19.36713671666738, -17.088536384382333
113, 12, 8.898785775636368, -34.78900473061225
113, 13, 142.24521047279214, 20.435845735118384
113, 14, 100.14167916500045, -1.3060595178846515
114, 15, -4.2783499402813873e-13, 11.302578427963459
115, 16, 2.8498641132974694, 3.0714940724904416
115, 17, 3.765156437978616, 3.533946194087741
115, 18, 2.1338917414902925, 4.31324092137227
115, 19, 1.4682213824340378, 2.659151942069153
115, 20, 8.814578147355688, 3.70475896806783
115, 21, 80.09581409944256, 50.998180591677574
116, 22, 74.58356656916543, 7.159316943182588
118, 23, 304.3411707798494, 59.7617381956109
121, 24, 465.7311796315817, 69.60113962309391
122, 25, 52.172173910715955, 4.737155940403833
122, 26, 42.965485900174095, 0.7437845175838969
122, 27, 44.20172107822177, 0.022380994754797705
122, 28, 40.450461362031156, -2.230765766907443
122, 29, 40.51361999426637, 0.5215881225056433
122, 30, 39.656854122353245, 4.501903414046843
123, 31, 60.73325232573734, -15.448696834696864
123, 32, 95.05516155979693, -37.750847844273956
123, 33, 268.1351281459994, -77.86579405380498
201, 34, 11.534570548833312, -3.5855626768174322
201, 35, 17.042346190765187, -2.7523331058659166
201, 36, 26.395820937058065, -13.747134989546346
201, 37, 40.97528997678157, -38.99528018338101
202, 38, 10.442891105156685, 1.4101512795975857
202, 39, 16.585601475645486, 3.2893022874155458
202, 40, 31.652174458657445, -29.445512997164798
202, 41, 25.47769870260805, -14.749271245277937
207, 42, 45.82339631281434, 22.933900850437425
207, 43, 7.510393897597307, -23.988716491217893
207, 44, 49.24600529022935, 16.19983104054935
213, 45, 6.792564081053644, 18.756788661180373
213, 46, 103.41155688322306, -10.95071853316751
213, 47, 59.37234841198624, 31.872605748884578
214, 48, -4.377736325359544e-13, 59.90488278814422
215, 49, 0.27626417571159656, 1.729234049658489
215, 50, 2.2756290441802944, 2.012382532704603
215, 51, 4.406276294849302, 3.7334056230537986
215, 52, 3.478842174226727, 1.7927231741238667
215, 53, 5.975363321148487, 5.492696962798038
215, 54, 110.53261060001661, 83.0210709835962
216, 55, 94.05819146269961, 37.30176543990842
218, 56, 416.93268495736226, 88.31518352490984
221, 57, 375.6485665322663, 69.95541589611203
222, 58, 51.617863210279076, 5.157690684568511
222, 59, 45.00646684727412, 8.43364847223564
222, 60, 61.42367963622097, -1.4964092131968736
222, 61, 61.45263749117738, 1.1735985427707885
222, 62, 37.666730847574755, 7.437165313328547
222, 63, 60.26767522505341, 3.9807695710595317
223, 64, 101.47019267206561, -31.044713233519264
223, 65, 101.47022909139626, 28.23479331118664
223, 66, 136.41854472795168, 31.696591806350032
301, 67, 12.579482630674875, -1.7092144783078544
301, 68, 18.217859795263454, 1.9422396698610314
301, 69, 17.114218652547873, -34.0332048529135
301, 70, 17.114215863529, -11.34626293015616
302, 71, 14.811428988391816, -0.28236156608008406
302, 72, 12.198026580118063, -2.0253086787813537
302, 73, 19.866657557433673, -28.283439144791057
302, 74, 17.380924457556844, -39.17067361436644
307, 75, 52.038858828640585, -8.844205599659029
307, 76, 51.67325516002317, 17.163355658899647
307, 77, 13.490797038007171, 6.263794864353671
313, 78, 44.62753464452808, 7.553788030109582
313, 79, 84.60638461265063, -38.68927999160151
313, 80, 18.617817745033307, 15.733405932006368
314, 81, -4.4153598739924336e-13, 30.962657653247277
315, 82, 0.655809159888012, 3.694820730603051
315, 83, 1.4501601811958145, 3.0478118827901564
315, 84, 0.2379496688546278, 3.9530186890477097
315, 85, 3.795214170405091, 2.1473780664953885
315, 86, 7.3540791765869375, 1.2434769288475958
315, 87, 120.66523232256121, 78.19810026790927
316, 88, 125.43026812779297, 63.872627590807305
318, 89, 296.46725659422395, 52.72024631813694
321, 90, 458.0968809236103, 67.87525350626419
322, 91, 52.24120986372542, 2.4153841083993433
322, 92, 60.53432343019408, 6.051328076306743
322, 93, 42.83783911917674, 2.264801368573323
322, 94, 38.964681182563254, 2.1233749477243293
322, 95, 40.18431929830721, -3.977358660020959
322, 96, 44.21954430830052, 1.9239944969834561
323, 97, 127.60352543039279, 20.084504822260207
323, 98, 120.49348516790765, 35.80887175727744
323, 99, 185.94253582724818, 15.191673395411415
--end of generation dispatch
