--generation dispatch
bus id,unit id,pg(MW),qg(MVar) 
101, 1, 10.52593519304898, -1.2939441836912515
101, 2, 13.47365571217423, -0.009184715078860402
101, 3, 55.00060160310135, -12.558302702916604
101, 4, 55.000601239164304, -2.5158748179126937
102, 5, 14.103958322766792, -1.5138873029119173
102, 6, 15.28434328420721, -1.8994674158940024
102, 7, 66.2818692270713, -17.253244844438928
102, 8, 66.28186928781761, -12.934114276049222
107, 10, 28.055179960747363, -16.534072952232144
107, 11, 7.291948779614, 27.536032947971112
107, 9, 28.492595556845036, -14.29643689312904
113, 12, 95.75478639329255, 46.4937394773771
113, 13, 97.47704140555516, 7.612881577351048
113, 14, 36.68887526178576, -8.184046268845243
114, 15, 1.6082827964072449e-13, -15.846130186056978
115, 16, 6.741664222933008, 4.003242779108035
115, 17, 5.042391230397739, 0.7230119572246829
115, 18, 4.500723164611762, 4.593504770434208
115, 19, 4.9616589066096894, 2.1545535200155963
115, 20, 2.8836273354763056, 2.9519874055322473
115, 21, 73.9375103673161, 29.085370104661358
116, 22, 68.27399440886573, 2.0030702968990943
118, 23, 392.62094396150286, 52.52081946398796
121, 24, 317.9549349191136, 131.48571147410468
122, 25, 62.30376742861323, 6.596569206221561
122, 26, 57.80875697580254, 5.779724445343725
122, 27, 62.24572492844513, 1.3880449685728824
122, 28, 46.37099274748093, -2.517575530873269
122, 29, 55.102558402224396, 4.451225020496655
122, 30, 49.55264670389792, 8.051792288796161
123, 31, 55.66780742324836, -41.128979057441505
123, 32, 83.34574867964574, -46.68543966995631
123, 33, 148.8984446359384, -33.3473570021395
201, 34, 18.773337914389163, 0.5730674872378968
201, 35, 20.882376625364124, 2.4596275189120087
201, 36, 37.90508315883088, -31.680741715584727
201, 37, 18.652845733559392, -19.56988891712475
202, 38, 14.287759486546125, 0.999896758898156
202, 39, 16.02601741741059, 4.277074113619431
202, 40, 19.090629356355127, -18.860892740408428
202, 41, 19.090629603318614, -29.991755444066193
207, 42, 16.063904962458146, 26.98184104539457
207, 43, 24.6230381994524, 6.5350776958470025
207, 44, 2.8464453655329356, -5.249830628990562
213, 45, 81.09364812177358, 18.337332951105964
213, 46, 117.43732862933204, 7.118020417872578
213, 47, 5.052978689446423, 3.249417474387756
214, 48, 1.702509913501709e-13, 78.05798440662409
215, 49, 2.474119309569682, 4.368081763743737
215, 50, 6.219355607897086, 3.147317379319187
215, 51, 1.1932790709027026, 3.765695480081057
215, 52, 2.6158130625736455, 2.6878106394743146
215, 53, 0.010879796643922439, 3.992019588804621
215, 54, 73.32146759901963, 84.11177973991047
216, 55, 83.67006006633152, 60.73645381222569
218, 56, 342.1027219759747, 72.5072792870614
221, 57, 385.5728675144067, 50.97620741723863
222, 58, 62.15449438744426, 3.5014867030162895
222, 59, 49.04030923580021, 5.3735387712578815
222, 60, 55.13599301071107, 8.304879691349326
222, 61, 62.27300494292021, 0.8683051447542361
222, 62, 49.433617064144606, 0.5683971074465338
222, 63, 41.8994604874143, 4.775988107905125
223, 64, 96.60527150652484, -9.256875047517461
223, 65, 96.60526067759535, -33.10062168116726
223, 66, 127.19921283169431, 88.95766225479181
301, 67, 19.048218858292678, 0.4080188841669701
301, 68, 10.001504077539286, 4.254598022347106
301, 69, 14.637992317296721, 0.3438591734380495
301, 70, 21.255382911630072, -15.714018276916429
302, 71, 12.66761892619396, -0.8409920629744583
302, 72, 17.09373225004925, -1.246033249291935
302, 73, 15.282910328454824, -16.6092433973972
302, 74, 29.095226415008973, -31.93013823632196
307, 75, 32.374146015289895, 29.391018154243913
307, 76, 64.40293204819426, -2.9232889757832696
307, 77, 1.6786580346093478, -6.030590343880932
313, 78, 70.05898282201736, 4.09821495505415
313, 79, 61.315931851950296, -29.80966067425443
313, 80, 121.22704918061739, 26.332450793678138
314, 81, 1.6266590485570788e-13, -1.6305594966445038
315, 82, 3.091385158433186, 2.0140983073160412
315, 83, 2.1242976513982437, 5.354241406581749
315, 84, 5.26716533542493, 5.576206615873538
315, 85, 5.948320745609915, 2.176761099377722
315, 86, 6.57946469099054, 2.898853357979357
315, 87, 106.4487036888508, 66.57244562042995
316, 88, 109.66772570451728, 79.08403244953405
318, 89, 307.05746239977697, 45.25049645649903
321, 90, 317.4589877668192, 38.355893190937785
322, 91, 52.20660173417374, -0.5510950607091178
322, 92, 60.198394885187305, -0.32129303545387455
322, 93, 40.64777870512874, 9.840167685228204
322, 94, 40.08981892922268, 2.667240784908167
322, 95, 35.05085969426975, -2.5114870085885697
322, 96, 48.7900375024353, 2.5820367452700186
323, 97, 108.36151763499416, 0.7736875141937472
323, 98, 108.36151845057563, -12.370076803569521
323, 99, 149.4779024799933, 32.94068002818948
--end of generation dispatch
