--contingency generator
conID,genID,busID,unitID,q(MW) 
1, '1 ', 8, '1 ', 5.5169797712083986
1, '1 ', 1, '1 ', -0.4774394977632339
1, '1 ', 3, '1 ', 21.080305177087688
1, '1 ', 2, '1 ', 11.180811782873294
1, '1 ', 6, '1 ', -3.6300028409711427
--end of contingency generator
--bus
contingency id,bus id,v(pu),theta(deg) 
0, 4, 1.0597379447083737, 114.66915420292591
1, 11, 1.081226796410107, 32.81864551146499
0, 7, 1.0838434245938233, 113.64239636686462
1, 10, 1.072462270951279, 30.89065088051056
1, 14, 1.059747138758749, 30.770445046688806
0, 12, 1.0848878962676858, 116.16431940671265
1, 4, 1.0595240745997507, 32.45297715164625
0, 13, 1.0809660387167173, 115.9075325534646
1, 12, 1.0542157525970435, 32.71405601058744
0, 14, 1.063302105514178, 113.2284310903732
1, 8, 1.0921826992323884, 32.024347872050846
0, 6, 1.1000000000754047, 117.27757597217855
1, 5, 1.0624715041179353, 33.519933692159775
1, 6, 1.0999999997704162, 35.1411128653614
0, 5, 1.0625633725353374, 115.72495116586191
1, 7, 1.0833542434729204, 31.375485656452156
0, 3, 1.05835705668726, 113.36997665820157
0, 8, 1.0921826991495729, 114.29030899359428
1, 1, 1.0841342866574173, 35.87743721015315
1, 13, 1.0738487522373077, 33.26400085240979
1, 9, 1.0781409499081218, 30.3954023765061
0, 11, 1.0817232481726295, 115.02007615760957
0, 9, 1.0790597665247976, 112.690433159126
1, 3, 1.0583570566769227, 31.161436860676194
1, 2, 1.0796740774757436, 35.14219493338413
0, 1, 1.0841342869242958, 118.08543005938527
0, 2, 1.0796740767776973, 117.35114367410456
0, 10, 1.07328959096915, 113.15736854007548
--end of bus
--Delta
contingency id,Delta(MW) 
1, 0.002567361165565858 
--end of Delta
--line flow
contingency id,line id,origin bus id,destination bus id,circuit id,p_origin(MW),q_origin(MVar),p_destination(MW),q_destination(MVar) 
1, 'BL', 1, 2, 'BL', 25.390738923374215, -3.0841341276507137, -25.284437634295728, -2.7716665692082643 
1, 'BL', 2, 5, 'BL', 20.10508615665799, 2.3444585538276215, -19.898315589995832, -5.682703048102326 
1, 'BL', 4, 9, 'BL', 7.610038782379962, 3.1404570918534773, -7.610038782379962, -2.8251659122132082 
1, 'BL', 4, 7, 'BL', 10.55388876739577, 0.10115987185088215, -10.55388876739577, 0.09732003389251531 
1, 'BL', 6, 13, 'BL', 32.72394779131457, 5.951756778002959, -32.119150823297446, -4.76072274892374 
1, 'BL', 7, 8, 'BL', -7.606829878607318, -5.3865860814770485, 7.606829878607318, 5.516979999568662 
1, 'BL', 4, 5, 'BL', -47.2352109219097, 8.022340136269577, 47.50819748651554, -7.161256672932268 
0, 'BL', 12, 13, 'BL', 2.245567001410393, -0.3473849152603634, -2.2358755628959557, 0.35615335963058214 
0, 'BL', 1, 5, 'BL', 22.592395092103843, 2.5590416330144308, -22.344103746176344, -7.20287049895353 
0, 'BL', 10, 11, 'BL', -18.2029599871193, 3.382758496609597, 18.447119650377488, -2.8112076553907173 
0, 'BL', 13, 14, 'BL', 14.750986986298756, -1.3974634188905952, -14.42983042690608, 2.0513504240964267 
0, 'BL', 1, 2, 'BL', 25.360810672140815, -3.0747531611975774, -25.2547597588989, -2.7818119675880553 
1, 'BL', 5, 6, 'BL', -14.076979845087036, 18.288700824490547, 14.076979845087036, -17.255786387113403 
0, 'BL', 2, 3, 'BL', 40.86202575893449, 0.7666901369158268, -40.18451426274771, -2.91825445050506 
0, 'BL', 4, 5, 'BL', -46.689798317521536, 8.14544767000325, 46.95682168346639, -7.303173966638042 
1, 'BL', 9, 14, 'BL', 0.5620775366110706, 7.079348140639183, -0.506927689843593, -6.962037027674057 
0, 'BL', 2, 5, 'BL', 20.130925095456746, 2.2802573182473225, -19.923918168411262, -5.618117890125404 
1, 'BL', 9, 10, 'BL', -7.953641563059364, 10.290726575936333, 7.999933877587978, -10.167755793865581 
1, 'BL', 3, 4, 'BL', -13.000162592009872, 3.8210229057730203, 13.1135868920463, -4.9668644180695765 
0, 'BL', 7, 9, 'BL', 17.66271380758235, 4.859703644068077, -17.66271380758235, -4.545431618831344 
0, 'BL', 6, 13, 'BL', 23.94373529801055, 4.174788641735631, -23.620785902742, -3.538800467561259 
0, 'BL', 2, 4, 'BL', 31.229895210277306, 0.6442923668075764, -30.740267050374058, -3.049499436530141 
1, 'BL', 1, 5, 'BL', 22.575303646620682, 2.606694670784293, -22.327127341123486, -7.250518181019515 
1, 'BL', 10, 11, 'BL', -18.821328810248986, 3.48816378459469, 19.082714319791904, -2.8762891372099375 
0, 'BL', 4, 9, 'BL', 7.326228292242126, 2.993652604154505, -7.326228292242126, -2.702388453583609 
1, 'BL', 6, 11, 'BL', 23.96033146447394, -0.5681475123284372, -23.509435284406436, 1.5123805110168291 
1, 'BL', 12, 13, 'BL', -7.585613274225807, -1.9447334853770428, 7.707513100511676, 2.0550238043975355 
1, 'BL', 2, 4, 'BL', 31.338146609848877, 0.7432686596165468, -30.844878055011634, -3.1366593607741606 
0, 'BL', 9, 10, 'BL', -7.33855940157963, 10.176590606936543, 7.3815650543075435, -10.062350504594178 
0, 'BL', 3, 4, 'BL', -13.12277893446111, 3.738728261353913, 13.237676688181693, -4.881099147487589 
0, 'BL', 9, 14, 'BL', -0.8348201133433975, 6.699895912647378, 0.8845841643031918, -6.59404110894576 
0, 'BL', 6, 11, 'BL', 23.300236732914243, -0.5543722301799789, -22.8738406167013, 1.4472990307144187 
1, 'BL', 13, 14, 'BL', 13.30596324139168, -1.874411583091046, -13.038318571020639, 2.4193463410769596 
1, 'BL', 2, 3, 'BL', 40.85807103529319, 0.7673432079751592, -40.18068806821002, -2.919449021021933 
0, 'BL', 4, 7, 'BL', 10.06358584704098, -0.04806836518378077, -10.06358584704098, 0.2284497553445135 
0, 'BL', 6, 12, 'BL', 9.934776758968667, 1.8129617767756372, -9.831180267894041, -1.5973485770213642 
0, 'BL', 7, 8, 'BL', -7.599127788305824, -5.088153288477201, 7.599127788305824, 5.213566431295476 
1, 'BL', 7, 9, 'BL', 18.160718808018427, 5.289266158880764, -18.160718808018427, -4.953901718582074 
0, 'BL', 5, 6, 'BL', -13.483025059181154, 18.3183852773725, 13.483025059181154, -17.3152812567281 
--end of line flow
