--contingency generator
conID,genID,busID,unitID,q(MW) 
1, '1 ', 8, '1 ', 9.144570571940847
1, '1 ', 1, '1 ', -1.2300101019100635
1, '1 ', 3, '1 ', 23.56447642339911
1, '1 ', 2, '1 ', 13.56029643747411
1, '1 ', 6, '1 ', -3.483125879220709
--end of contingency generator
--bus
contingency id,bus id,v(pu),theta(deg) 
0, 4, 1.0614211130232307, 56.37643600514088
1, 11, 1.082137274976821, 61.22657782142494
0, 7, 1.0863111507023988, 56.11179457164242
1, 10, 1.0740876353927868, 59.27221412018797
1, 14, 1.0543685075042621, 58.927134188644885
0, 12, 1.0842319706033097, 58.412119596915446
1, 4, 1.0611983691625018, 60.19771757729075
0, 13, 1.077933851564614, 58.1725800060197
1, 12, 1.051741471514249, 60.85033456529042
0, 14, 1.058102874958098, 55.37206413104779
1, 8, 1.0999999915209606, 61.523018953491864
0, 6, 1.0999999997202545, 59.635428917552886
1, 5, 1.0631584252412798, 61.1474349102678
1, 6, 1.1000000031445099, 63.543074714915576
0, 5, 1.0632545564937763, 57.31400696796111
1, 7, 1.0858034528786151, 59.878460317633014
0, 3, 1.05639457520525, 54.47991525792337
0, 8, 1.0999999880119455, 57.75485990892899
1, 1, 1.0786673266451607, 62.442590729764284
1, 13, 1.070462229108164, 61.521518248406714
1, 9, 1.0778582955879856, 58.66127530567925
0, 11, 1.0826585699773688, 57.38936503082301
0, 9, 1.078815059800978, 54.92551438556836
1, 3, 1.056394578573749, 58.30981400441221
1, 2, 1.0778012269993105, 62.31681876282691
0, 1, 1.0786673232126796, 58.61230093978568
0, 2, 1.0778012235606453, 58.48754177314364
0, 10, 1.0749514552830588, 55.505622820322635
--end of bus
--Delta
contingency id,Delta(MW) 
1, 0.002858046713493774 
--end of Delta
--line flow
contingency id,line id,origin bus id,destination bus id,circuit id,p_origin(MW),q_origin(MVar),p_destination(MW),q_destination(MVar) 
1, 'BL', 1, 2, 'BL', 4.363632915302446, -2.9172946860187494, -4.36045736806102, -3.2114816319644888 
1, 'BL', 2, 5, 'BL', 14.871441003481124, 2.3332124423039886, -14.753771366018611, -5.939036055196311 
1, 'BL', 4, 9, 'BL', 5.690634091163287, 3.480730437810422, -5.690634091163287, -3.274373972215159 
1, 'BL', 4, 7, 'BL', 3.1392743318523424, -0.3718718495658777, -3.1392743318523424, 0.3896215263052909 
1, 'BL', 6, 13, 'BL', 35.64513548051127, 7.4039648846663795, -34.92055004498627, -5.977029968780812 
1, 'BL', 7, 8, 'BL', -19.459350843905714, -8.471576435703014, 19.459350843905714, 9.144570633834633 
1, 'BL', 4, 5, 'BL', -41.669244315552305, 8.63885966561702, 41.8839264837809, -7.961686174673105 
0, 'BL', 12, 13, 'BL', 2.802554022217919, 0.32391114879942506, -2.7875964353544305, -0.31037809401823324 
0, 'BL', 1, 5, 'BL', 12.740777794698346, 1.6372990097720503, -12.655996958443893, -6.930639467411822 
0, 'BL', 10, 11, 'BL', -18.283930356824158, 3.8247150952193465, 18.531695314474206, -3.2447246574881774 
0, 'BL', 13, 14, 'BL', 15.48587451544411, -1.072163887902093, -15.131402176619062, 1.793883090838392 
0, 'BL', 1, 2, 'BL', 4.332243739923456, -2.907089670864252, -4.329113114859297, -3.221823762037502 
1, 'BL', 5, 6, 'BL', -20.81191731690042, 18.86999247883176, 20.81191731690042, -17.341494647114928 
0, 'BL', 2, 3, 'BL', 40.98628537098605, 0.7881814574725468, -40.302269208225354, -2.894403612276733 
0, 'BL', 4, 5, 'BL', -41.076197271892966, 8.75970341920629, 41.28522362848503, -8.10037009515463 
1, 'BL', 9, 14, 'BL', 2.0098296444581365, 8.423774991729374, -1.9277729208271523, -8.24922934673424 
0, 'BL', 2, 5, 'BL', 14.898318218072433, 2.265808631683626, -14.780541108276338, -5.871657734239079 
1, 'BL', 9, 10, 'BL', -11.18383926899287, 9.097787592056875, 11.240748953972854, -8.946612855156445 
1, 'BL', 3, 4, 'BL', -19.60706422750232, 4.356530564370701, 19.853344406049644, -5.1628996290718305 
0, 'BL', 7, 9, 'BL', 22.05477788620115, 7.630458240035296, -22.05477788620115, -7.122730458248498 
0, 'BL', 6, 13, 'BL', 26.114835899390016, 5.668412929531883, -25.7244330542282, -4.89958785562078 
0, 'BL', 2, 4, 'BL', 24.666705117871317, 0.348884652917377, -24.359638289537372, -3.3072279789344066 
1, 'BL', 1, 5, 'BL', 12.723678961484339, 1.687284576532818, -12.63889027198232, -6.9800897733100555 
1, 'BL', 10, 11, 'BL', -18.951793586788938, 3.946496259724654, 19.218316996542114, -3.3225943546510734 
0, 'BL', 4, 9, 'BL', 5.379853870514841, 3.330102713460974, -5.379853870514841, -3.1445363603725696 
1, 'BL', 6, 11, 'BL', 23.729585258320213, -0.9636011584031507, -23.286851498711457, 1.8907410277038252 
1, 'BL', 12, 13, 'BL', -7.851486451026858, -1.1340034244226445, 7.977172540117635, 1.247719409790534 
1, 'BL', 2, 4, 'BL', 24.785221525234164, 0.44923355393439124, -24.474984565625306, -3.397154175545438 
0, 'BL', 9, 10, 'BL', -10.52067382832405, 8.963527333477714, 10.57288577431342, -8.824831658026369 
0, 'BL', 3, 4, 'BL', -19.742027090110696, 4.275156372395713, 19.991004575215925, -5.074943674132442 
0, 'BL', 9, 14, 'BL', 0.4920369384665264, 8.045660715727195, -0.42107419783701516, -7.89471345893071 
0, 'BL', 6, 11, 'BL', 23.01677324318578, -0.9405772482996326, -22.600229790100627, 1.8128713398834861 
1, 'BL', 13, 14, 'BL', 13.917222445749289, -1.552819319536411, -13.624703555091628, 2.148398938834788 
1, 'BL', 2, 3, 'BL', 40.98029380977698, 0.7891675234465083, -40.296473650166305, -2.8962154760542944 
0, 'BL', 4, 7, 'BL', 2.604001309201181, -0.5199700508381966, -2.604001309201181, 0.5324887832346121 
0, 'BL', 6, 12, 'BL', 10.774941088699762, 1.7095425826055362, -10.65404042202249, -1.4579145658232164 
0, 'BL', 7, 8, 'BL', -19.45077657700028, -8.162947023301285, 19.45077657700028, 8.827150896602575 
1, 'BL', 7, 9, 'BL', 22.598625175750186, 8.081954909395108, -22.598625175750186, -7.544472611089532 
0, 'BL', 5, 6, 'BL', -20.16933799122062, 18.89184778532075, 20.16933799122062, -17.413020505262637 
--end of line flow
