--generation dispatch
bus id,unit id,pg(MW),qg(MVar) 
101, 1, 9.924039175201534, 3.0332925012176206
101, 2, 10.746636632523725, 4.363342176222802
101, 3, 61.172464787995466, 9.87340333372931
101, 4, 61.17406512377197, 13.81587940095913
102, 5, 18.50451631219685, 6.034249796472785
102, 6, 17.658056113318008, 2.5144901447707997
102, 7, 74.04284828206934, -10.789800442492513
102, 8, 77.38918201058826, -20.894729663615912
107, 10, 26.746817935173286, 14.750763296420722
107, 11, 69.17836847009772, 3.424473611628902
107, 9, 71.0484703980722, 3.933416354855302
113, 12, 83.8796772948483, 3.6147607676312443
113, 13, 82.731143469555, 14.737324188101258
113, 14, 70.3247628291025, 6.859769156052306
114, 15, -2.0559620892163332e-11, -43.27330830858237
115, 16, 3.7746244317822746, 4.99173152186403
115, 17, 9.612290777844404, 5.044434466285491
115, 18, 4.672073172589532, 4.362031005518118
115, 19, 6.96548644766456, 3.496259862728204
115, 20, 0.15508707441817676, 3.7149019406121213
115, 21, 64.94029985314634, 34.573365656256755
116, 22, 64.25011787791233, -43.31634177501607
118, 23, 393.12819345232214, 119.26108466171
121, 24, 427.76069637842767, 169.04041563378948
122, 25, 47.036004719558086, 2.450647923527522
122, 26, 60.60523107874686, -12.76596132360986
122, 27, 47.38607149030574, -10.569260758161253
122, 28, 62.00642770056971, -2.9658628189034957
122, 29, 55.854722945907525, -6.525757809676413
122, 30, 59.8032601662126, 0.5105423584412833
123, 31, 64.80866463404685, -66.3459093133916
123, 32, 77.29826445976666, -68.38863203166201
123, 33, 175.32526591872974, -7.901563600930233
201, 34, 14.41550441177224, 2.8077354652196935
201, 35, 14.650575639744272, 5.950846229206972
201, 36, 42.18629772865708, -27.85061774427968
201, 37, 39.37689795502608, 8.584193756215022
202, 38, 15.744343885010052, 1.3034120397971356
202, 39, 17.42951709065463, 1.8683778683695482
202, 40, 4.328522195685911, -40.67603849548936
202, 41, 16.485690153972563, -8.816772021681953
207, 42, 17.99342825406057, 16.245368780300957
207, 43, 27.048176168735313, 17.96614833958285
207, 44, 63.23433147375211, -2.41746247470297
213, 45, 82.31199500329951, 27.467090674656884
213, 46, 79.48809459471505, -13.262504783010694
213, 47, 45.700529666374656, 9.079368702371076
214, 48, -2.1994299024183052e-11, 85.66500317219847
215, 49, 4.187676135188075, 3.064894202394695
215, 50, 2.712298367101722, 0.8036063526867023
215, 51, 3.015357096783982, -0.014016818884301261
215, 52, 2.567757739192635, 4.6511589822211805
215, 53, 8.6925928611075, 5.1902177959284
215, 54, 62.79756774415892, -30.817140784899745
216, 55, 87.221583189263, 43.88401680114605
218, 56, 256.40892982530335, 72.50130676748746
221, 57, 235.87217735874538, 23.541510108566982
222, 58, 48.36380949123176, 1.6795929321200178
222, 59, 49.851204151490364, 8.846980717612263
222, 60, 62.07982690420801, 7.308790289981197
222, 61, 60.03393118569578, 3.5994662408035163
222, 62, 47.396862359709814, 0.6635144476926813
222, 63, 43.84634896980038, 5.4287456521292645
223, 64, 58.72818857715727, -3.2612978255544927
223, 65, 62.473183776035015, 9.066185808204356
223, 66, 164.65054408497667, 17.191056946451535
301, 67, 15.648095512040499, -2.1918603569693023
301, 68, 15.038337645242155, -0.3302501279105886
301, 69, 25.444004953616048, -32.20952260033532
301, 70, 25.051227867821797, -27.026883020441336
302, 71, 20.036828592350343, 1.2751507471067582
302, 72, 20.385148403106697, -1.3255024830200912
302, 73, 17.79508357733506, -10.924052544466099
302, 74, 39.27506162686235, -18.12433236412015
307, 75, 57.75437856681629, -18.806698585104826
307, 76, 30.331855621082006, 22.57695658701963
307, 77, 57.6772885759355, 6.813632071710061
313, 78, 120.31611810556585, -4.554390805617868
313, 79, 70.03218549000798, 4.293974005413286
313, 80, 38.87815108944372, -0.7547149398085601
314, 81, -2.1302747615027393e-11, -16.913071913728842
315, 82, 2.2844398942201343, 4.608516826033252
315, 83, 0.5369873260870955, 2.981367031682667
315, 84, 2.9335910148437754, 2.228804190936108
315, 85, 0.4210510600530085, 5.39567909349725
315, 86, 3.090559436151778, 4.648534246194456
315, 87, 42.5407816657517, 66.88738751655903
316, 88, 47.09937311073715, 40.23482008988112
318, 89, 283.99358817545567, 69.67689608932938
321, 90, 401.0090189614279, 67.70495478011826
322, 91, 50.974755555824814, -1.3754648386327555
322, 92, 43.51782815536107, 8.66353549800217
322, 93, 52.204953690372356, 3.671164335469073
322, 94, 52.55575438729039, 7.670398674005114
322, 95, 52.344743166299594, 2.1954517392862956
322, 96, 62.98545050768148, 0.583389577850679
323, 97, 40.25620727204778, -4.967607345778347
323, 98, 60.86497718071463, 26.984887307132354
323, 99, 45.247526598506234, 16.117740873330007
--end of generation dispatch
