--generation dispatch
bus id,unit id,pg(MW),qg(MVar) 
101, 1, 21.31055021229095, 2.788345527941872
101, 2, 13.063924551736662, -3.804761312347292
101, 3, 47.92743588522071, -4.053481270852834
101, 4, 47.92743624029519, -39.19708162826496
102, 5, 18.194945358856852, -1.1357787730449396
102, 6, 19.68490337625992, -4.737112886794732
102, 7, 54.87485012834941, -38.35283914011142
102, 8, 54.87485001815627, -14.542701115715067
107, 10, 65.59760141177438, 4.165900980589744
107, 11, 5.648403357218569, 16.976829915711253
107, 9, 63.449705231379376, 4.799638912348097
113, 12, 67.29669426415082, -30.276608918506806
113, 13, 13.902503128531276, 3.5077633578341754
113, 14, 15.003769322470651, 18.18968077173448
114, 15, 2.4552906781905198e-14, 26.568529794414328
115, 16, 4.462459296492151, 2.0954094673477726
115, 17, 2.9795913552693936, 2.570475874205612
115, 18, 6.846137076412073, 3.8511330137719977
115, 19, 4.141261796942375, 1.240194437522535
115, 20, 2.9616453448511626, 0.6222521613541718
115, 21, 106.6211231081248, 73.36639994768893
116, 22, 105.7504265379505, -10.84085573225425
118, 23, 374.10526703259137, 74.49143509709965
121, 24, 285.445591967171, 20.419670711981226
122, 25, 39.60136430932324, -1.6583556910470774
122, 26, 41.55185126129653, -2.8399369524574505
122, 27, 35.04289615795131, 1.5350313570432441
122, 28, 46.05759340001384, -3.7673590864851376
122, 29, 38.46865776822085, 6.374696491297427
122, 30, 59.21000811865668, 7.7789075246262955
123, 31, 98.71885695032111, -6.201972758300557
123, 32, 98.7188866696014, -41.64219557192237
123, 33, 131.20465934192538, -7.321182012606507
201, 34, 13.26291636455807, -4.055042721051735
201, 35, 13.197251726063007, -0.2702065341761656
201, 36, 46.52219975836301, -26.103249890060845
201, 37, 20.282703193419646, -10.639189531235603
202, 38, 9.891527142907199, 2.7421203320209746
202, 39, 11.321805205988131, 2.971081941262396
202, 40, 49.991335105883586, -34.41039590291028
202, 41, 12.49621397776621, -34.7109470516709
207, 42, 14.912645585047418, 2.6344547413321435
207, 43, 20.292772666927668, 11.428447535624143
207, 44, 19.590918936211885, 7.092897455063693
213, 45, 108.3961438236404, 6.515457758979896
213, 46, 162.11134461130646, 41.13407604583452
213, 47, 15.90604256740761, 11.828213244230271
214, 48, 2.4971110272902917e-14, -27.123417151182323
215, 49, 5.742225800287871, 1.2110509083046173
215, 50, 4.485744772014426, 5.362083685284728
215, 51, 5.788845544067163, 3.5610945919310435
215, 52, 5.336811768134169, 1.8592015183333095
215, 53, 2.1769532364809856, 3.813715326243486
215, 54, 106.45689998927037, 35.361049503590834
216, 55, 106.36281636099217, 73.19419093029899
218, 56, 285.1310829553715, 16.285927150199296
221, 57, 358.17736894971387, 78.01538314429858
222, 58, 43.9770728292702, 5.272062373426789
222, 59, 39.44844558730855, 0.9963361310004972
222, 60, 45.5918487383811, 0.11474266263348323
222, 61, 63.100613796973064, 0.4619974322745996
222, 62, 46.75941073930024, 4.1118584857254445
222, 63, 58.73193271353974, -0.1771902211626695
223, 64, 96.43640800348692, -19.900836539987075
223, 65, 96.43640378021334, -43.19483245155012
223, 66, 126.87920453301962, 88.20391269295273
301, 67, 11.390823760610411, 1.8528870681641314
301, 68, 16.739856421555814, -3.636072428008774
301, 69, 15.151572397955146, -21.726487792796945
301, 70, 27.955646826794137, -15.697502631654977
302, 71, 21.85076456496378, -0.20666941297689653
302, 72, 10.84926091221205, 1.4665806827890568
302, 73, 21.137185854474474, -0.054561746981498606
302, 74, 8.871924857234257, -28.583701935874203
307, 75, 23.968222961904655, 17.284511364638306
307, 76, 33.209842634297935, -6.518750937986059
307, 77, 26.07066058487818, -4.040860788177852
313, 78, 86.37258316790644, -5.758216211758021
313, 79, 115.21864080307364, -6.501550942497125
313, 80, 89.99021033795044, -31.860086315084338
314, 81, 2.3770027944388592e-14, 47.227885996439774
315, 82, 1.397093104470508, 3.985802769851296
315, 83, 8.728084698212966, 2.9165615326386796
315, 84, 1.0896677404934196, 2.0273770817135834
315, 85, 7.455952502146009, 5.100140211203307
315, 86, 1.3301607769560087, 3.770190090267591
315, 87, 60.661009045192586, 80.13733940995489
316, 88, 58.69868691297766, 48.923408498680544
318, 89, 439.0773343774849, 95.56514704737901
321, 90, 446.60966103107893, 45.35113936861974
322, 91, 45.709203576084334, 6.587365985726275
322, 92, 47.6051258960479, 3.800239325660909
322, 93, 63.82475372997309, 6.200734995732939
322, 94, 56.99147363786782, 1.9285883745478771
322, 95, 58.72578238032025, 6.430854057412309
322, 96, 57.7369629138821, -1.7687611225911726
323, 97, 85.19869779663476, -11.277142458839991
323, 98, 83.26477652595293, -55.030769747231844
323, 99, 229.09666802517862, 48.36062319947843
--end of generation dispatch
