--generation dispatch
bus id,unit id,pg(MW),qg(MVar) 
101, 1, 13.974375050170657, -0.5344842907210159
101, 2, 14.645244173137659, 0.3849887718794853
101, 3, 45.790978527921546, -31.13809151725215
101, 4, 45.79097455455292, -22.036036127551842
102, 5, 14.587098946292148, 4.338211874430455
102, 6, 18.51218823129264, 2.3163533241373306
102, 7, 55.3715504347617, -31.420849566875496
102, 8, 55.37153886832175, -24.516116087871314
107, 10, 16.616721619992806, -0.9518146960169581
107, 11, 60.899931362271495, 6.599203510252221
107, 9, 19.137703840296005, -20.098473818513533
113, 12, 37.690505956814704, 22.832079266690094
113, 13, 136.07877628131058, -3.622698566236093
113, 14, 80.27609565671322, -22.41236354927236
114, 15, -2.142841439037582e-13, 1.959454690476561
115, 16, 2.231429016540954, 5.021758056311002
115, 17, 5.975841797242265, 5.013724226257957
115, 18, 4.668893210949967, 1.8676057428620563
115, 19, 5.609282476218813, 1.7720440881301167
115, 20, 7.733000210398799, 3.541086678146877
115, 21, 85.03250366429654, 50.938424141300956
116, 22, 4.449069586430831, -12.611892301206888
118, 23, 378.5866243663351, 147.67026709417496
121, 24, 310.54436306387873, -19.260315356551512
122, 25, 56.30044279709619, 6.973977486859963
122, 26, 52.86889121957284, 1.3312591868678492
122, 27, 39.54820312416341, -0.30035603310830317
122, 28, 35.612386298330236, -2.113376147396887
122, 29, 63.29888970215034, 4.851061769474908
122, 30, 42.193126933147866, -5.991913073496405
123, 31, 98.47978332735448, -35.034246870967685
123, 32, 70.1067360101367, -39.97022738501879
123, 33, 177.71075488340958, -50.49735908213937
201, 34, 12.886249386249562, 0.7255118714080032
201, 35, 13.338906590622281, 1.0472469778291462
201, 36, 40.70272254788676, -29.182587944233394
201, 37, 38.06641569515187, -8.518421047561922
202, 38, 19.560934779559506, 4.133683503249061
202, 39, 16.994308736109822, 1.7802162060026123
202, 40, 3.968362388442848, -35.09654321268635
202, 41, 18.925757004576, -29.362432391744786
207, 42, 8.837540035510022, 9.237903042350256
207, 43, 33.35901810661974, 15.461379258198976
207, 44, 29.436136861804314, 3.36657761771942
213, 45, 55.05315922508992, 17.213267066705864
213, 46, 44.41196502231113, -2.4534445754393643
213, 47, 107.98887968200026, 15.560921444273752
214, 48, -2.2209361651810937e-13, 4.912067251252384
215, 49, 8.080345707812901, 1.2488241455286
215, 50, 1.0325073944288405, 4.47565905351837
215, 51, 1.6597367425890188, 2.0341693240741776
215, 52, 4.141224008749001, 4.148987813845675
215, 53, 5.704956323268265, 2.0866323150178188
215, 54, 62.672957891616704, 66.50574675405441
216, 55, 39.656666944042804, 68.59028480656099
218, 56, 390.5162721025548, 85.46875947281724
221, 57, 383.3673634278355, 44.19540994564977
222, 58, 58.204148824751684, -4.727942551000133
222, 59, 36.84079011059955, 1.3626809503929644
222, 60, 57.58319760063321, 8.982103939128157
222, 61, 53.467407825827905, 4.390582912138875
222, 62, 55.28357812525363, 8.279520583474063
222, 63, 36.266002783976795, -0.1830229206336682
223, 64, 36.09085384457589, -26.7618239027065
223, 65, 59.34659371078046, -44.61451011950765
223, 66, 113.96122358545006, 30.422663029578334
301, 67, 20.300028258663755, -2.0821765758402377
301, 68, 11.622328873584767, 1.1483273172957862
301, 69, 14.67474693185159, -49.69400943534091
301, 70, 4.268823782531544, -24.500947903222105
302, 71, 18.908756224261026, 1.651353018110264
302, 72, 19.982694850032416, 1.3541430005714965
302, 73, 38.604250327913, -13.883826941301777
302, 74, 3.5397927857226077, -27.98569769794823
307, 75, 16.484954637616283, -8.984426181089383
307, 76, 32.23744735752929, 12.573386217173503
307, 77, 9.466741249106429, 10.999597615301177
313, 78, 106.55061779869415, 20.86215591731653
313, 79, 121.53806770131686, -9.561128136241226
313, 80, 126.55683135787325, -13.467428584551499
314, 81, -2.2358230923462038e-13, 31.3711713710657
315, 82, 4.942070019642429, 3.660824496674812
315, 83, 2.003728529277513, 4.209168085823407
315, 84, 0.6095605399135167, 2.209602982477961
315, 85, 2.7343341436651794, 2.7249617091472422
315, 86, 2.2990936998158706, 4.365367058465991
315, 87, 76.34207304375232, 94.82074805958736
316, 88, 51.601308373141045, 31.852564868998645
318, 89, 319.77075247950916, 73.65009377642804
321, 90, 498.87768472466723, 59.95958714457889
322, 91, 46.05336230106241, -2.870418727894826
322, 92, 45.4279812131781, 5.420712749647992
322, 93, 35.60967496919964, 3.5995990349341365
322, 94, 59.2856374881003, -0.11974336605718254
322, 95, 48.28176508282831, 0.09478977911016993
322, 96, 49.7927387556765, 6.115610293655839
323, 97, 57.92709718276113, 15.288600539691101
323, 98, 85.1976910192088, 8.927014202487682
323, 99, 105.64837693924532, 9.876144579711706
--end of generation dispatch
