--generation dispatch
bus id,unit id,pg(MW),qg(MVar) 
101, 1, 13.465249985450399, -0.214377204553291
101, 2, 18.259404981195306, 5.159795940491657
101, 3, 49.186498223906945, -25.034054275912677
101, 4, 49.18649800833997, -35.063567390745746
102, 5, 20.077830565192993, -0.1724874498966872
102, 6, 16.346136562287235, 1.1301147177043258
102, 7, 57.755309638665594, -23.41824883541616
102, 8, 57.755982033592275, -31.986351273534854
107, 10, 17.611028033909097, 6.575455280128907
107, 11, 32.11094421324751, 27.271444037749237
107, 9, 16.168119888654626, 8.980546345529206
113, 12, 79.03014219311963, -43.54242362594664
113, 13, 89.30427649744051, -12.724010775432681
113, 14, 93.31717172912516, -0.9392100429883795
114, 15, -5.559933824574585e-15, 10.338734501743925
115, 16, 3.560480960470843, 2.9710021441861176
115, 17, 6.305410245371175, 2.194782463271127
115, 18, 6.206245201875582, 4.129845661382891
115, 19, 8.729330532069556, 3.0038668522371603
115, 20, 2.2267464351777826, 2.2562325760795563
115, 21, 56.852158407740035, 20.532881715483697
116, 22, 54.63967099116929, -58.918528885133995
118, 23, 469.04775244765244, 69.49503317483692
121, 24, 361.52807674952453, 189.35988988276137
122, 25, 56.75747627586104, 2.5072094949158803
122, 26, 53.888130327295286, -1.6567046058070911
122, 27, 43.384965331833584, 5.002817693647074
122, 28, 59.05706915965281, 2.0603962660777033
122, 29, 42.368135305195814, 3.1595866727286452
122, 30, 54.24688934775046, 2.3920948710125565
123, 31, 47.30470267798822, -25.64107910509825
123, 32, 128.9411924946138, -10.009806194104254
123, 33, 153.41457596344958, 45.78342864228912
201, 34, 9.536163470515683, -2.6031701119787036
201, 35, 12.59939300177019, 1.9073692539783165
201, 36, 32.3265305670516, -17.147906467012504
201, 37, 16.315518984131252, -14.716381646369076
202, 38, 19.265925289339716, 1.6632088267209395
202, 39, 17.24003661504333, 2.32794901516858
202, 40, 15.064643612246293, -24.36204580354806
202, 41, 15.064643472843231, -16.690176958734703
207, 42, 14.099603163678852, 8.923369303139117
207, 43, 41.04636524838171, 5.021991585672204
207, 44, 61.169616978987015, -4.586156436259287
213, 45, 24.071485302592382, -1.5920560606867793
213, 46, 117.29662869428944, 10.834774806600745
213, 47, 26.460691001368392, -2.2560920053652573
214, 48, -5.8616490895692735e-15, -14.605001724253343
215, 49, 2.5807945547004034, 5.082838760241821
215, 50, 2.546331560177059, 3.525090071532065
215, 51, 0.08971937635297887, 2.221959661379423
215, 52, 3.8316801346265965, 2.8486841609649387
215, 53, 5.561489547652343, 3.5634309961391013
215, 54, 86.61819951324236, 89.78235373970655
216, 55, 77.36037652401902, 53.75275051914171
218, 56, 481.4525684306838, 66.98751414180597
221, 57, 287.9911809193457, 58.87771389389931
222, 58, 63.68467733923402, -2.0981923374573035
222, 59, 48.16971488956417, 8.930927004683324
222, 60, 41.73195560889373, -0.30290048495658795
222, 61, 53.969937513657456, 2.762113213813249
222, 62, 47.594455291592126, 0.8832154016854157
222, 63, 40.00258424047434, 7.160426838338488
223, 64, 100.6458076420868, -24.895411164076403
223, 65, 92.23101088343348, 1.3559420924982544
223, 66, 224.31789693083147, 41.93861353585069
301, 67, 21.07399115592549, -0.0921238545139789
301, 68, 20.396027283252515, 0.3826166379808787
301, 69, 14.608432785789228, -34.732332949162995
301, 70, 20.094257775042962, -19.426792189849614
302, 71, 13.871884047280545, -1.4685464769155856
302, 72, 10.20222741407682, 0.49886579287837163
302, 73, 22.694323184463883, -26.152912491660324
302, 74, 28.421491371743468, -19.669137350534537
307, 75, 46.93549628359691, -2.1562052994178456
307, 76, 19.330749394041195, 12.866400799884882
307, 77, 3.387839147955882, -5.672040419851455
313, 78, 77.0581649126854, -9.521716597612524
313, 79, 17.312480205562636, 17.965276332269422
313, 80, 16.842526956149143, 44.43385046534547
314, 81, -5.900738549265709e-15, -17.44081842998146
315, 82, 2.065843645681907, 2.4096442062434473
315, 83, 6.503645055604285, 2.942296738107947
315, 84, 3.874652618554633, 1.8462081917408577
315, 85, 3.9723442304257497, 4.311334387536972
315, 86, 1.0584826012452577, 1.7022662623266491
315, 87, 101.99143010918635, 52.65458375242835
316, 88, 105.82070561940135, 44.428923197128235
318, 89, 436.1678182485106, 87.75791638619272
321, 90, 320.38107279339675, 69.89054596338089
322, 91, 50.97597601551749, 5.0697162095061445
322, 92, 55.82696510672755, -1.7745804457915082
322, 93, 45.67527583761327, 6.807984359977257
322, 94, 57.030947587529205, 6.35266635937359
322, 95, 42.63542757563479, -4.33915267932807
322, 96, 47.35818373233267, 5.495982540895223
323, 97, 110.18674527916527, 13.427360831166316
323, 98, 110.18674652486597, -42.327460629759344
323, 99, 152.93680035939474, 47.17844379566801
--end of generation dispatch
