--contingency generator
conID,genID,busID,unitID,q(MW) 
1, '1 ', 8, '1 ', 9.501406494981754
1, '1 ', 1, '1 ', -1.350188344064173
1, '1 ', 3, '1 ', 16.418084745531836
1, '1 ', 2, '1 ', 14.768942549511399
1, '1 ', 6, '1 ', 0.6968168816570913
--end of contingency generator
--bus
contingency id,bus id,v(pu),theta(deg) 
0, 4, 1.051674940444611, 51.69580973977865
1, 11, 1.076880337268126, 56.34657968038558
0, 7, 1.0772745436568438, 51.03216077053174
1, 10, 1.064333519468006, 54.38769627614395
1, 14, 1.0495809532770173, 54.10136360663628
0, 12, 1.085458933549672, 53.58287840147544
1, 4, 1.0514702020910969, 55.43442101613635
0, 13, 1.079384127184173, 53.34650432059457
1, 12, 1.0557932859600059, 56.08692688470278
0, 14, 1.0530026210700958, 50.60283272296752
1, 8, 1.0920332811613154, 55.500655920545576
0, 6, 1.0999995432726029, 54.686891894474684
1, 5, 1.0556677822442002, 56.64599129591552
1, 6, 1.1000000000318586, 58.505390605786154
0, 5, 1.0557547216161869, 52.89615415127756
1, 7, 1.0768067295112795, 54.72114586818003
0, 3, 1.0490883391457086, 50.37703490856188
0, 8, 1.092033284477252, 51.810741373591654
1, 1, 1.0774448792438662, 59.463541887512356
1, 13, 1.0725600630292138, 56.6614123254252
1, 9, 1.0684147488238493, 53.845969427560014
0, 11, 1.0773582104162966, 52.5920072649819
0, 9, 1.0692970524196765, 50.1844807077596
1, 3, 1.0490883366013066, 54.122679496049386
1, 2, 1.071474257010855, 58.43963582867277
0, 1, 1.0774448820876803, 55.71688883026532
0, 2, 1.0714742608038814, 54.69398144540475
0, 10, 1.0651297446910628, 50.69791896828514
--end of bus
--Delta
contingency id,Delta(MW) 
1, 0.0022956599841625278 
--end of Delta
--line flow
contingency id,line id,origin bus id,destination bus id,circuit id,p_origin(MW),q_origin(MVar),p_destination(MW),q_destination(MVar) 
1, 'BL', 1, 2, 'BL', 34.79526460359841, -3.277637807298788, -34.59313952826665, -2.2008581244308516 
1, 'BL', 2, 5, 'BL', 21.36392630345202, 1.0755592780369625, -21.13286795882587, -4.284201266684931 
1, 'BL', 4, 9, 'BL', 5.778211248989165, 3.3370700836237575, -5.778211248989165, -3.1267596421421615 
1, 'BL', 4, 7, 'BL', 6.8916553126298155, -0.8227857741277376, -6.8916553126298155, 0.9099369038140139 
1, 'BL', 6, 13, 'BL', 32.71164264878729, 7.028586500071015, -32.09964439241759, -5.823370886204316 
1, 'BL', 7, 8, 'BL', -9.081899206308135, -9.246225756564854, 9.081899206308135, 9.501406626728226 
1, 'BL', 4, 5, 'BL', -53.49501229924067, 7.067472529537099, 53.84659606087723, -5.95846936830003 
0, 'BL', 12, 13, 'BL', 2.7322339201978707, 0.284106502877421, -2.7180852831365314, -0.27130535506012166 
0, 'BL', 1, 5, 'BL', 26.245766820014907, 1.8821956034915956, -25.91471897645333, -6.113348161618546 
0, 'BL', 10, 11, 'BL', -19.031438234723083, 1.6751000529658313, 19.295416596606458, -1.0571558242400556 
0, 'BL', 13, 14, 'BL', 15.980672217007253, 0.7076941346238641, -15.605261048320727, 0.05665732460659001 
0, 'BL', 1, 2, 'BL', 34.7643766645009, -3.2681301742836695, -34.56261093323985, -2.2114629255606815 
1, 'BL', 5, 6, 'BL', -16.041420831017277, 14.953004812524, 16.041420831017277, -14.008324824426836 
0, 'BL', 2, 3, 'BL', 43.5451743659832, 0.8767479567164855, -42.764360128465555, -2.5116879197154276 
0, 'BL', 4, 5, 'BL', -52.95864930070627, 7.178877601642398, 53.30339587509775, -6.091441028786903 
1, 'BL', 9, 14, 'BL', 1.3529321870849458, 6.810316318610262, -1.2992482185966878, -6.696123325141116 
0, 'BL', 2, 5, 'BL', 21.392914179046898, 1.0140085925340827, -21.161426093619923, -4.221656077410216 
1, 'BL', 9, 10, 'BL', -9.423047990600196, 8.767745361526067, 9.469213797592374, -8.645110633741297 
1, 'BL', 3, 4, 'BL', -13.238647758646948, 3.1905590168104254, 13.354593854677972, -4.306581734877113 
0, 'BL', 7, 9, 'BL', 15.491236889948166, 7.926567060675552, -15.491236889948166, -7.639523383513733 
0, 'BL', 6, 13, 'BL', 24.077826773858078, 5.430532205903432, -23.744762656550336, -4.774624986528124 
0, 'BL', 2, 4, 'BL', 33.9888580560183, -0.24686827543655454, -33.402649984695245, -1.8063639449372886 
1, 'BL', 1, 5, 'BL', 26.226356599604628, 1.9274494836378153, -25.89558224606965, -6.159279442840159 
1, 'BL', 10, 11, 'BL', -19.6357743109086, 1.7842211381933453, 19.91734681515743, -1.1250909627993906 
0, 'BL', 4, 9, 'BL', 5.503345511328815, 3.1992485840406175, -5.503345511328815, -3.007915188662338 
1, 'BL', 6, 11, 'BL', 23.40491524087173, 2.0323692679332908, -22.971680390447688, -1.125121302579032 
1, 'BL', 12, 13, 'BL', -6.948862081280993, -1.147639888741793, 7.047170758786308, 1.2365858350561325 
1, 'BL', 2, 4, 'BL', 34.09189859995723, -0.1524701664687882, -33.501972350501006, -1.8887481645973594 
0, 'BL', 9, 10, 'BL', -8.822413189165161, 8.648792062233497, 8.864877643952468, -8.53598959667147 
0, 'BL', 3, 4, 'BL', -13.351798942105404, 3.1111587071384292, 13.469204180452294, -4.223732831942812 
0, 'BL', 9, 14, 'BL', -0.004886211045146638, 6.45750906146975, 0.051242992633206086, -6.358901976222512 
0, 'BL', 6, 11, 'BL', 22.759664472772386, 2.051468226770112, -22.349750195027866, -1.1930564575199014 
1, 'BL', 13, 14, 'BL', 14.570297989780556, 0.24854887620352883, -14.254769719748168, 0.3938787171778131 
1, 'BL', 2, 3, 'BL', 43.54526724046238, 0.8767325088688267, -42.76444972973076, -2.5116586522460693 
0, 'BL', 4, 7, 'BL', 6.416224905912, -0.9616024562907342, -6.416224905912, 1.037725509853658 
0, 'BL', 6, 12, 'BL', 9.78100534234008, 1.6396855030032498, -9.681096053656916, -1.431746400098291 
0, 'BL', 7, 8, 'BL', -9.0750119811158, -8.9642925698397, 9.0750119811158, 9.211269164542273 
1, 'BL', 7, 9, 'BL', 15.97355452177183, 8.336288853799942, -15.97355452177183, -8.028275473487383 
0, 'BL', 5, 6, 'BL', -15.450525848624725, 14.977499989353703, 15.450525848624725, -14.068082572563696 
--end of line flow
