--generation dispatch
bus id,unit id,pg(MW),qg(MVar) 
101, 1, 15.886915831262241, -3.0889747913759997
101, 2, 11.241227328647804, -0.09848162854706709
101, 3, 19.8181767352469, -20.613142318065336
101, 4, 41.88707218238888, -29.633129123304577
102, 5, 20.892884301988246, 2.2939730026237486
102, 6, 10.65710797277467, -0.6618645990880792
102, 7, 28.317984894274808, -31.060817487715155
102, 8, 53.61140443953277, -27.731947982207572
107, 10, 63.416541404701434, -6.685758434086913
107, 11, 48.85660752774223, 12.42278617364227
107, 9, 33.80689157723045, -10.185942570998339
113, 12, 63.082663570868085, 25.07992663555303
113, 13, 1.4599647381841352, 25.90566143673368
113, 14, 88.25075913588073, 11.97146714011214
114, 15, -1.9912346547355057e-13, -7.459027282001907
115, 16, 6.720465422217913, 2.0624262564552875
115, 17, 4.095722401532146, 3.705403044926923
115, 18, 5.378292793854453, 1.1055109152535676
115, 19, 0.6534479848002638, 2.336603516190738
115, 20, 5.752626182882751, 1.324972650702923
115, 21, 40.78699723039205, 76.59506722908046
116, 22, 102.91765073394832, -9.382595977301676
118, 23, 292.44297140199535, 45.15685849962609
121, 24, 329.2258311334321, 35.896555298370934
122, 25, 52.1827649443057, -3.7856749346776923
122, 26, 53.113471712136715, 7.517361050598784
122, 27, 40.03123789342313, 6.956715950760498
122, 28, 53.89075397994562, 5.510338652090284
122, 29, 63.125890526140175, -3.79393365564848
122, 30, 39.20589329689933, 2.9136517288824226
123, 31, 65.27905655499644, -28.32101073075883
123, 32, 34.70375104273419, -75.16909244976554
123, 33, 173.63934592506752, 8.729228785487948
201, 34, 17.914455142879095, 0.871962803903862
201, 35, 19.322721034986383, 4.515772830329894
201, 36, 47.0119704805892, -45.91484494448464
201, 37, 4.353920532190167, -16.36739895186133
202, 38, 11.815462651429531, 4.0581431070151055
202, 39, 10.556154414091148, 6.67324154213682
202, 40, 30.588204270906992, -36.61441493089106
202, 41, 12.552050401897715, -36.15378237937157
207, 42, 19.17372050895889, -13.968820299636045
207, 43, 39.93847828792004, 10.912377298876113
207, 44, 19.812567361775518, 20.833732532454974
213, 45, 127.65378875613078, 21.194637772369653
213, 46, 51.53877254974515, 2.0564794847145564
213, 47, 88.978094308465, -18.326173590299017
214, 48, -1.988550450017878e-13, 2.4170023389147874
215, 49, 3.315479733686107, 3.5398546267704094
215, 50, 6.683002883602973, 1.5871465372860978
215, 51, 0.8965668860525418, 2.5723247619805525
215, 52, 6.386652753946137, 5.306679683251842
215, 53, 3.3999852355597464, 3.8191703257937704
215, 54, 95.74808164634251, 83.50916969487254
216, 55, 61.57158327238637, 42.257797447447174
218, 56, 516.0458985798844, 81.00875017050302
221, 57, 336.9065183112519, 50.85271395756871
222, 58, 59.77644075885628, 8.37819712826948
222, 59, 44.27527363658164, 3.944532792485534
222, 60, 51.49977676816496, 0.18019481183943312
222, 61, 63.95897741675589, 6.513901624854181
222, 62, 62.6620956697895, 3.347616529448495
222, 63, 42.61520938961048, 1.6203531219075558
223, 64, 67.74483614864323, -26.67040908557092
223, 65, 56.82568592334022, -6.804151341277608
223, 66, 51.814913665387934, 7.989701984703251
301, 67, 21.24163137237287, 1.8715390174601436
301, 68, 19.059345673080365, 0.9758173138600799
301, 69, 11.767220927794188, -23.389021807167126
301, 70, 32.668810098131, -28.147251319567374
302, 71, 14.651614565537878, -2.898166394545026
302, 72, 10.804676119444453, -3.1537192693813196
302, 73, 8.58001509997652, -13.985446782747454
302, 74, 20.683776202716036, -35.79950751637959
307, 75, 26.564291431247906, -6.966977365178584
307, 76, 4.872234491028657, 28.353767686144984
307, 77, 50.59014089373468, 5.340039427688171
313, 78, 109.3955247047619, 31.77248200520182
313, 79, 95.67366045817998, -17.505438149157367
313, 80, 13.067207826896285, 5.106754956446361
314, 81, -2.0173252411449874e-13, 18.782960286882098
315, 82, 1.8837300932836012, 4.523815311449934
315, 83, 5.307966915928217, 4.461712068463222
315, 84, 0.04478997618248129, 2.54765369706525
315, 85, 1.705681074789158, 2.5744489744574306
315, 86, 4.299306606837857, 1.5423838647763084
315, 87, 69.14077278706696, 71.9442257750359
316, 88, 99.66973058027318, 52.36377401826551
318, 89, 355.7266420398698, 45.913328324468914
321, 90, 295.234290556335, 37.09773071372569
322, 91, 58.19226533425559, -3.845112258957325
322, 92, 44.33442657133151, 2.337681486503801
322, 93, 50.695418871655654, 6.8693785712833995
322, 94, 64.11908992118721, 2.9962942155412797
322, 95, 41.95989612042491, -1.259349609171805
322, 96, 41.14370758663449, 7.360145417203967
323, 97, 79.00574535442331, 7.3592691752694614
323, 98, 79.0057427591476, -2.9679329596263426
323, 99, 147.10735446560668, 18.834813729337526
--end of generation dispatch
