--contingency generator
conID,genID,busID,unitID,q(MW) 
1, '1 ', 8, '1 ', 6.254464187058942
1, '1 ', 1, '1 ', 1.722264490694937
1, '1 ', 3, '1 ', 20.351233361258267
1, '1 ', 2, '1 ', 20.699169933825697
1, '1 ', 6, '1 ', -12.134230652625323
--end of contingency generator
--bus
contingency id,bus id,v(pu),theta(deg) 
0, 4, 1.0730097593529746, 26.96602698163823
1, 11, 1.0831528945982085, 26.24541780192149
0, 7, 1.0905357010013093, 26.51395317690909
1, 10, 1.0764402663667219, 24.358167427319454
1, 14, 1.0640244338291693, 24.275823192156285
0, 12, 1.0857897227779643, 29.121868680019777
1, 4, 1.0728144161660798, 25.07288008252434
0, 13, 1.0803845216957988, 28.7876552694438
1, 12, 1.0567418195196194, 26.015850058625638
0, 14, 1.0673414098497647, 26.401289634166623
1, 8, 1.0999999747441627, 25.369138747643166
0, 6, 1.0999999973474037, 30.209172853900075
1, 5, 1.075919811163653, 26.212994089225013
1, 6, 1.099999997267133, 28.39425937850786
0, 5, 1.0760025037992471, 28.095341578503312
1, 7, 1.0900895424822015, 24.572980379814204
0, 3, 1.070449618036275, 24.360733884865393
0, 8, 1.099999974776964, 27.309213606400103
1, 1, 1.0982877864717926, 27.705816115993652
1, 13, 1.0737037885064697, 26.477957837292852
1, 9, 1.0804793217011053, 23.799786861860063
0, 11, 1.0836103877309926, 28.12303040936764
0, 9, 1.0813230077185463, 25.76741376383652
1, 3, 1.0704496180139733, 22.474231399440903
1, 2, 1.0999999965906766, 28.018996414288782
0, 1, 1.098287786492077, 29.591278516569623
0, 2, 1.0999999966219225, 29.905404898285433
0, 10, 1.077200742478143, 26.298495474384154
--end of bus
--Delta
contingency id,Delta(MW) 
1, 0.002266770670713789 
--end of Delta
--line flow
contingency id,line id,origin bus id,destination bus id,circuit id,p_origin(MW),q_origin(MVar),p_destination(MW),q_destination(MVar) 
1, 'BL', 1, 2, 'BL', -11.010142998207812, -2.7259302799802754, 11.029653120058356, -3.593365622456531 
1, 'BL', 2, 5, 'BL', 23.97881424965351, 5.624759452570174, -23.680155281370446, -8.8088464654262 
1, 'BL', 4, 9, 'BL', 4.778633815778309, 5.359312625008386, -4.778633815778309, -5.125371709440628 
1, 'BL', 4, 7, 'BL', 4.988926264339445, 3.6190047908447696, -4.988926264339445, -3.552988018985843 
1, 'BL', 6, 13, 'BL', 33.27116803383376, 5.8167472951978425, -32.64749644321239, -4.5885432421328005 
1, 'BL', 7, 8, 'BL', -9.458778519170759, -6.067269430846409, 9.458778519170759, 6.254464209859293 
1, 'BL', 4, 5, 'BL', -51.68190375625579, 9.015756179857362, 52.00115185032814, -8.008749644922773 
0, 'BL', 12, 13, 'BL', 3.0066961247871404, -0.3769883384234731, -2.989489446621917, 0.3925562853348765 
0, 'BL', 1, 5, 'BL', 15.617664381068664, 4.4036235863049455, -15.484074897408263, -9.66763883947533 
0, 'BL', 10, 11, 'BL', -17.55057668994627, 4.21073367718094, 17.78091901604779, -3.671527698212799 
0, 'BL', 13, 14, 'BL', 12.831040394805896, -1.9655423738064428, -12.584289466145435, 2.467936676693 
0, 'BL', 1, 2, 'BL', -11.040535901890166, -2.7157911264459926, 11.060155209348636, -3.6031714165158064 
1, 'BL', 5, 6, 'BL', -19.17796902020322, 25.293287865198465, 19.17796902020322, -23.387952470786615 
0, 'BL', 2, 3, 'BL', 58.71878142254869, 2.6149173931170253, -57.369036928549434, -2.0877499880240293 
0, 'BL', 4, 5, 'BL', -51.14587403061398, 9.121332528407038, 51.45883685901504, -8.134151651705452 
1, 'BL', 9, 14, 'BL', -0.35584372596412095, 6.75758522828562, 0.4057014506694543, -6.651531167977112 
0, 'BL', 2, 5, 'BL', 24.008837986420275, 5.5641611318673085, -23.70993943377877, -8.747824495046302 
1, 'BL', 9, 10, 'BL', -10.024334958636814, 9.00365491408138, 10.073804103392092, -8.872245208585127 
1, 'BL', 3, 4, 'BL', -26.660264185384648, 8.922619935790067, 27.130447532784615, -9.192515952950998 
0, 'BL', 7, 9, 'BL', 13.966287790376565, 9.223586534222477, -13.966287790376565, -8.964458313458863 
0, 'BL', 6, 13, 'BL', 24.792012609224912, 4.25489480744784, -24.446092926074016, -3.573670965814017 
0, 'BL', 2, 4, 'BL', 36.231412623437535, 3.721166266162413, -35.58494969140125, -5.7739339821184785 
1, 'BL', 1, 5, 'BL', 15.598605330525984, 4.448194775671311, -15.464987135303446, -9.711653752798497 
1, 'BL', 10, 11, 'BL', -18.1465249672587, 4.319220870249524, 18.39291214278674, -3.7424556684986783 
0, 'BL', 4, 9, 'BL', 4.503443552579974, 5.226455135189184, -4.503443552579974, -5.010564565717573 
1, 'BL', 6, 11, 'BL', 22.077010018008338, -0.8039635654357653, -21.693918211008537, 1.6062057260197093 
1, 'BL', 12, 13, 'BL', -6.513033038133926, -1.7505134714329245, 6.603014886635378, 1.8319256200770155 
1, 'BL', 2, 4, 'BL', 36.334066453628566, 3.8130830871684793, -35.683511907865665, -5.852723250266649 
0, 'BL', 9, 10, 'BL', -9.432175212370282, 8.885103877204074, 9.477855826097596, -8.763758015526491 
0, 'BL', 3, 4, 'BL', -26.772800907255345, 8.848111253017805, 27.24566253561497, -9.111439748813154 
0, 'BL', 9, 14, 'BL', -1.704610728508925, 6.4191078808485145, 1.7525633359284711, -6.317106260251364 
0, 'BL', 6, 11, 'BL', 21.44333787910486, -0.7784341582132583, -21.081925084271347, 1.5352777557326363 
1, 'BL', 13, 14, 'BL', 11.439939578691124, -2.3900394322399166, -11.237427580892614, 2.8023615844300025 
1, 'BL', 2, 3, 'BL', 58.71972206107817, 2.6147884051166557, -57.36993519483758, -2.087442484496705 
0, 'BL', 4, 7, 'BL', 4.514309582562713, 3.4864204597215576, -4.514309582562713, -3.4299000916150817 
0, 'BL', 6, 12, 'BL', 9.616177104917739, 1.5742602077847891, -9.51972916291885, -1.373525132992313 
0, 'BL', 7, 8, 'BL', -9.451978207814, -5.793686442608305, 9.451978207814, 5.975731298467053 
1, 'BL', 7, 9, 'BL', 14.447704783496839, 9.62025744982725, -14.447704783496839, -9.341333319534215 
0, 'BL', 5, 6, 'BL', -18.5867821143613, 25.313652988262447, 18.5867821143613, -23.448875306266075 
--end of line flow
