--generation dispatch
bus id,unit id,pg(MW),qg(MVar) 
101, 1, 17.96885729623828, 7.698017954529943
101, 2, 13.946750064631106, 3.9419217168715543
101, 3, 55.65051410766146, 20.677596330869317
101, 4, 69.23905398917184, 13.082486397995233
102, 5, 21.482951627865642, 5.489258804080301
102, 6, 18.269813888900526, 5.929677950731634
102, 7, 63.407337996310865, -15.077854149327315
102, 8, 93.15853799469828, -17.847362876156495
107, 10, 63.84664324315045, 11.830193020954255
107, 11, 67.71836260906478, -23.423920705460045
107, 9, 21.632978037140678, 15.14908518191575
113, 12, 27.338210503744225, -5.115157628374737
113, 13, 134.12810687484753, 26.47053556857279
113, 14, 44.046229747260206, 3.9926828058728954
114, 15, -4.212112325847756e-17, 5.453612874555568
115, 16, 3.7058113892207283, 2.1028665802129636
115, 17, 6.634260964523328, 2.0375764842948634
115, 18, 2.44922920415171, 3.208711756430381
115, 19, 2.010128964986653, 3.9291658917632724
115, 20, 2.2656709333695058, 3.2802592602299794
115, 21, 25.172916855026415, 71.59516652720058
116, 22, 96.83967981289821, -13.878978324491548
118, 23, 375.170726778599, -3.7398641074921355
121, 24, 475.99645377446683, 184.9465150799511
122, 25, 57.788090658621954, -4.680088926781735
122, 26, 36.52134911554502, 8.318109722184557
122, 27, 51.567740672515804, 0.5367750890680212
122, 28, 42.1392960094531, 2.00626177666503
122, 29, 49.77878955590175, -1.9969003260236298
122, 30, 42.140174006825404, 3.7202567646376297
123, 31, 104.78902889913043, -75.52208434017652
123, 32, 34.733460959944985, -48.96364413863459
123, 33, 260.6641269972085, -60.04651371099195
201, 34, 9.908735830690325, 5.321659741263092
201, 35, 16.990237135327053, 4.498325861879495
201, 36, 34.48809322737142, -10.867594423593898
201, 37, 32.57793409322588, -9.806783635760347
202, 38, 13.372541683939348, 6.1109546927540634
202, 39, 17.170600517036934, 3.6881841657352012
202, 40, 34.77062591873587, -24.709257103641807
202, 41, 4.928253563287302, -22.888857873956987
207, 42, 57.54488860596977, 22.189752856110285
207, 43, 11.769139503502824, -11.33025061599682
207, 44, 11.67924833824074, 12.84188218644588
213, 45, 104.13123429549474, 31.439329702640702
213, 46, 49.074527979184616, 24.022198805595494
213, 47, 53.40946785834259, 0.5098684492070057
214, 48, -8.307078632218377e-17, 45.53934400157451
215, 49, 2.890083884950579, 4.601496379708134
215, 50, 7.595936670343615, 2.6761336822557347
215, 51, 5.253127006124209, 3.271856373816259
215, 52, 0.21859597431524677, 1.5468833621649172
215, 53, 4.313010413996892, 3.558573550083195
215, 54, 111.48924535057488, -16.411975429570514
216, 55, 27.862294915692733, 60.22574013624118
218, 56, 229.59200221598633, -1.7569464244382031
221, 57, 208.1625192135058, 26.523857796020508
222, 58, 47.58405756367367, -0.8484460096418874
222, 59, 36.0875367529131, 5.224828282570669
222, 60, 37.29461438417431, -3.6501145349768467
222, 61, 61.42659966064613, 6.442799715950671
222, 62, 59.831317285299264, 4.18347877892808
222, 63, 38.68601427109908, 4.2709419529907535
223, 64, 63.108320293506914, -30.063016671120657
223, 65, 107.35846133725593, -15.840349493422627
223, 66, 180.50306516458224, 34.859703168063916
301, 67, 12.710201905089585, 1.2068043005880922
301, 68, 19.24003606369565, 2.6346313409523607
301, 69, 31.378521115258604, -23.0386579169961
301, 70, 41.38131259773302, -28.78940648817362
302, 71, 12.613224244815463, 3.1266851656412284
302, 72, 20.08737119356008, -1.5316969430505518
302, 73, 13.434978971787164, -45.790855234503084
302, 74, 20.49818689547527, -29.962796365892412
307, 75, 31.510206905567323, 14.101379766038187
307, 76, 13.071301161452723, -0.1471268945721931
307, 77, 32.36327911368685, 4.680673780878361
313, 78, 19.782017558744524, 14.184465142848811
313, 79, 113.0570745994624, -11.623316773196526
313, 80, 69.41696564933153, 44.87838923611188
314, 81, -7.525842795608235e-17, 56.1118239057928
315, 82, 1.163506988678263, 4.668099007187062
315, 83, 1.3376365497895668, 2.816686307552343
315, 84, 4.075279823783466, 2.285877873650743
315, 85, 2.4239558352343042, 3.7229896371230917
315, 86, 8.98010377954187, 2.7705155501044056
315, 87, 69.08970293846438, 82.20115146568233
316, 88, 99.22828501637672, 32.65656419953283
318, 89, 390.5951838409307, 76.76336883571287
321, 90, 431.6424567791408, 78.82406774014905
322, 91, 52.89307163960122, 5.977576054676108
322, 92, 39.851564775936374, 3.4071429187022795
322, 93, 60.23505382171652, -2.9070822047778075
322, 94, 48.12705060631789, 8.142969889823599
322, 95, 50.96864724463603, -1.0414876036031848
322, 96, 40.745727626390824, 1.5168045391433354
323, 97, 65.87147260160616, 2.6231260218917343
323, 98, 60.451066083782784, 26.522117378322385
323, 99, 225.03021276082202, 11.892870098590226
--end of generation dispatch
