--generation dispatch
bus id,unit id,pg(MW),qg(MVar) 
101, 1, 21.01416870690255, 5.005507958496087
101, 2, 17.06394132136676, 6.166807093690167
101, 3, 33.05505163531993, 10.353897735912822
101, 4, 33.055051530843706, 2.983893202317526
102, 5, 12.11353003068212, 5.876242432352589
102, 6, 17.43917113672319, 0.7737363070057809
102, 7, 50.544510910923606, 1.1774756272581612
102, 8, 50.54451088731196, -26.389948893979373
107, 10, 2.180496316770099, -18.75515545471717
107, 11, 20.073002829350525, 1.2962240557560814
107, 9, 41.4555077172294, 25.021789503232295
113, 12, 58.146822909437994, -13.856832660329609
113, 13, 104.82667843041934, -12.678927709442842
113, 14, 25.38705672264789, -2.46018273142779
114, 15, 3.7164850815624104e-14, -13.663493694950244
115, 16, 10.08491808893122, 2.187583986924653
115, 17, 1.103270114635653, 3.8468082217341064
115, 18, 5.215864909564593, 5.120282711675868
115, 19, 10.2108687106639, 3.3998606638864857
115, 20, 10.160819500359539, 4.515618339316476
115, 21, 56.2473969873305, 63.01002265054675
116, 22, 89.93974588403574, -32.679826476751266
118, 23, 453.6935856113989, 44.02351955579205
121, 24, 460.8446306101567, 123.49711393875039
122, 25, 58.638612189620716, 8.600287268133512
122, 26, 40.00591938319801, 5.837181806104803
122, 27, 60.49817632819711, 3.0355442987963475
122, 28, 38.85406666138394, 2.553673158690672
122, 29, 35.79348971537499, -0.5893656256575177
122, 30, 57.40316247969118, 8.888322345994926
123, 31, 45.873221821242915, -40.96832271219221
123, 32, 49.44580103979442, -74.8854509442122
123, 33, 228.876351454718, -54.90490024934548
201, 34, 17.778278885943163, 6.067500335501852
201, 35, 21.822580008770572, 4.267679971955108
201, 36, 31.948869490949956, -8.319833880277262
201, 37, 32.00467691796881, 0.7156777321691793
202, 38, 19.718281909863723, 6.263245740625018
202, 39, 12.220162173056403, 4.513800360489159
202, 40, 32.95218597820967, -33.050641185649084
202, 41, 44.62905130306682, -25.23025863149902
207, 42, 21.05782315008717, 19.85691793090651
207, 43, 25.159813507827003, 28.569927309781892
207, 44, 19.497904890350995, -10.809805106612068
213, 45, 100.94671198744595, 17.76511176511714
213, 46, 12.268363648061621, 30.12103816805415
213, 47, 21.292134433856614, 8.516402561496268
214, 48, 3.861745263511575e-14, 62.49614021910465
215, 49, 3.1475118663660573, 4.861972913625728
215, 50, 3.9577455078936343, 2.4966074672003495
215, 51, 8.434463595134527, 1.4452464928483633
215, 52, 1.357262305267449, 4.402549469948698
215, 53, 8.105186082435246, 0.8333425288721581
215, 54, 67.57145852059703, -24.592716696464002
216, 55, 93.2750975277563, 31.68658797711205
218, 56, 351.11891762809756, 73.45688996514697
221, 57, 330.5393646271329, 44.468476881227964
222, 58, 39.68576281965787, 6.5691214895414305
222, 59, 51.262501098039394, 4.977301417705687
222, 60, 57.06119160103689, 4.571109164019183
222, 61, 43.34364597621451, 7.5079909774324936
222, 62, 61.87395854323247, 1.016261378367568
222, 63, 63.75835775100703, 3.732426265873718
223, 64, 41.13896189454727, 6.9467295757463905
223, 65, 104.00569108379584, -13.962333869918771
223, 66, 79.9293952691077, -3.149032635154766
301, 67, 20.29491388231821, -2.2685295349485184
301, 68, 13.895750697733245, -2.575549725538845
301, 69, 48.07493360361924, -39.29965779573906
301, 70, 37.94805478248803, -5.785819336754502
302, 71, 19.19370157647253, -0.5996651715097839
302, 72, 17.32667700908456, 1.9844894368005364
302, 73, 2.590356234262605, -31.239451695258733
302, 74, 17.283969815010614, -19.780963838116083
307, 75, 48.93911501266434, 34.22436586164835
307, 76, 2.3677362332788543, -9.096811470931717
307, 77, 43.9982667750623, -7.37936942034086
313, 78, 33.79070330406677, 16.569715354442202
313, 79, 105.73572724128834, 26.67028066840811
313, 80, 46.2131466572964, 35.766700071676496
314, 81, 3.9252526770165e-14, 8.188425495445603
315, 82, 7.834274941062039, 3.5619288050859463
315, 83, 4.964531142724212, 0.9812232818976014
315, 84, 1.9547667127974002, 3.931495986620584
315, 85, 4.302121678938633, 2.6396224491749614
315, 86, 0.5650604074009882, 3.204913013716664
315, 87, 100.67830620120472, 63.20541235990663
316, 88, 35.029515514080046, 26.978012479883333
318, 89, 447.8519373884506, 114.45189589658898
321, 90, 417.5197639068874, 120.6436681141571
322, 91, 44.99071503226948, -0.635992244519345
322, 92, 52.77044617274148, 8.21788597915369
322, 93, 64.37171450286478, 3.82740842823461
322, 94, 52.13876018935186, 3.6626816350292306
322, 95, 40.72012984129904, 7.199972174059452
322, 96, 64.36066876800103, 3.639231072961452
323, 97, 23.941341273607886, 2.7527907276608046
323, 98, 31.32659531478174, 17.89965556562945
323, 99, 53.17208352729582, 47.492939397913005
--end of generation dispatch
