--contingency generator
conID,genID,busID,unitID,q(MW) 
1, '1 ', 8, '1 ', 1.3234894034200821
1, '1 ', 1, '1 ', 1.9082012979767007
1, '1 ', 3, '1 ', 30.20579129965968
1, '1 ', 2, '1 ', 14.852721615537138
1, '1 ', 6, '1 ', -3.457971522819029
--end of contingency generator
--bus
contingency id,bus id,v(pu),theta(deg) 
0, 4, 1.073005356425684, 51.65413434546726
1, 11, 1.0712783596997162, 143.2805880087273
0, 7, 1.0983097814004126, 53.306305389520425
1, 10, 1.053361614114155, 140.92186707373824
1, 14, 1.0421737284595318, 141.22110440850832
0, 12, 1.0831695893484212, 51.9214444016827
1, 4, 1.0727783990290476, 144.47067001564866
0, 13, 1.0759289273356134, 51.63429068008996
1, 12, 1.050105557567254, 143.5385341543316
0, 14, 1.046961825747587, 48.69984038544702
1, 8, 1.0999999977822577, 147.51290435154993
0, 6, 1.0999999999802328, 53.003933433239865
1, 5, 1.0734988446884295, 145.2101092439001
1, 6, 1.0999999997570276, 145.8609488512763
0, 5, 1.0736167684953852, 52.38810751184478
1, 7, 1.0982032068923993, 146.12411295546187
0, 3, 1.0776856580509118, 50.33454958650345
0, 8, 1.0999999979315092, 54.69432220235444
1, 1, 1.0972044042102969, 147.1395460746504
1, 13, 1.0678345128723568, 143.99281100194654
1, 9, 1.0544783022153288, 140.20958487767084
0, 11, 1.072404126511657, 50.496528333214584
0, 9, 1.0568030084512, 47.539100668829036
1, 3, 1.0776851929317965, 143.15666443088534
1, 2, 1.0906954150611656, 146.14770445559768
0, 1, 1.0972044041453308, 54.318873696548785
0, 2, 1.0906954151786663, 53.327437663970414
0, 10, 1.0553765117215468, 48.216316655502474
--end of bus
--Delta
contingency id,Delta(MW) 
1, 0.0025521528344742196 
--end of Delta
--line flow
contingency id,line id,origin bus id,destination bus id,circuit id,p_origin(MW),q_origin(MVar),p_destination(MW),q_destination(MVar) 
1, 'BL', 1, 2, 'BL', 35.27764392878714, -2.3598839921598938, -35.07719144398993, -3.3468763316775494 
1, 'BL', 2, 5, 'BL', 13.16853682874202, 4.505975653429459, -13.064894331180966, -8.241222033015788 
1, 'BL', 4, 9, 'BL', 15.595729330747911, 11.054444648570524, -15.595729330747911, -9.396217077244188 
1, 'BL', 4, 7, 'BL', -16.621285206009638, -0.4382639280930789, 16.621285206009638, 0.9187538489195504 
1, 'BL', 6, 13, 'BL', 34.52666470620488, 10.107436485620724, -33.81910525466742, -8.714031047196158 
1, 'BL', 7, 8, 'BL', -16.621285206011034, -0.9187538488858991, 16.621285206011034, 1.3234894052820891 
1, 'BL', 4, 5, 'BL', -32.533322378689604, 8.706301780365266, 32.66489250273173, -8.291289201832114 
0, 'BL', 12, 13, 'BL', 3.2710777711526475, 0.3157075427726568, -3.2507424688062656, -0.2973089358878269 
0, 'BL', 1, 5, 'BL', 19.531577724097474, 4.210462196954268, -19.337280341555584, -9.205403398411022 
0, 'BL', 10, 11, 'BL', -23.038035446319924, 0.9519026670724884, 23.429683013390104, -0.035098910738895484 
0, 'BL', 13, 14, 'BL', 17.06129874991437, 1.0001503578103552, -16.63001294894552, -0.12203601595592772 
0, 'BL', 1, 2, 'BL', 35.2646426026339, -2.355873771666211, -35.06433670270019, -3.3513340976917334 
1, 'BL', 5, 6, 'BL', -5.710647443193302, 23.717331460232174, 5.710647443193302, -22.58683130238137 
0, 'BL', 2, 3, 'BL', 31.139484559045698, -2.019063520654754, -30.756328952183026, -1.5154327707437005 
0, 'BL', 4, 5, 'BL', -32.227521501013825, 8.883512555943526, 32.35710110609614, -8.474778685530964 
1, 'BL', 9, 14, 'BL', -4.004406803224384, 6.744641303483945, 4.074739827743315, -6.59503353722306 
0, 'BL', 2, 5, 'BL', 13.166266008009956, 4.433093422891147, -13.063107640751184, -8.170255980931529 
1, 'BL', 9, 10, 'BL', -13.819656108492268, 6.697498049956721, 13.887125173073741, -6.518273404966749 
1, 'BL', 3, 4, 'BL', -12.32776491136687, 7.356352279773773, 12.453301712348434, -8.515789672187452 
0, 'BL', 6, 13, 'BL', 25.574346160303833, 7.598747729992738, -25.18521569723771, -6.832428373626271 
0, 'BL', 2, 4, 'BL', 20.820113740677698, 2.3418495027514155, -20.59906660083243, -5.6507651083679775 
1, 'BL', 1, 5, 'BL', 19.531336579707812, 4.268085499255108, -19.336670976080896, -9.26088379379678 
1, 'BL', 10, 11, 'BL', -23.818088720763313, 0.8465738523282766, 24.238123968640508, 0.13668233365308424 
0, 'BL', 4, 9, 'BL', 15.098510918011979, 10.602685607101932, -15.098510918011979, -9.058762402453397 
1, 'BL', 6, 11, 'BL', 28.130367924866505, 3.0519927998101934, -27.501904684750343, -1.7359121674759308 
1, 'BL', 12, 13, 'BL', -6.627249915970481, -1.9717374087042856, 6.723029163585011, 2.0583948232126374 
1, 'BL', 2, 4, 'BL', 20.89747368358863, 2.4579504970024573, -20.674348502545058, -5.759732912701679 
0, 'BL', 9, 10, 'BL', -13.045478602046558, 6.787218475879627, 13.107071892199372, -6.623602222565523 
0, 'BL', 3, 4, 'BL', -12.43562195026891, 7.257446103246934, 12.561780900721232, -8.415607902625652 
0, 'BL', 9, 14, 'BL', -5.275802744071456, 6.410720262583425, 5.354255628911062, -6.243840465534106 
0, 'BL', 6, 11, 'BL', 27.283955256208657, 2.800694034656601, -26.69346373155659, -1.5641309239670136 
1, 'BL', 13, 14, 'BL', 15.721416682088218, 0.5260492759591102, -15.350497140531843, 0.22915705910469342 
1, 'BL', 2, 3, 'BL', 31.121200045362826, -2.015467280183998, -30.73849243982923, -1.52091425554147 
0, 'BL', 4, 7, 'BL', -16.613628785557278, -0.37286522546708056, 16.613628785557278, 0.8526176797043945 
0, 'BL', 6, 12, 'BL', 10.006449453487221, 2.512476504139954, -9.898327691274744, -2.2874449526667604 
0, 'BL', 7, 8, 'BL', -16.613628785553107, -0.8526176797091694, 16.613628785553107, 1.2567320389954375 
0, 'BL', 5, 6, 'BL', -5.404033375196864, 23.774374496009102, 5.404033375196864, -22.645449909692616 
--end of line flow
