--contingency generator
conID,genID,busID,unitID,q(MW) 
1, '1 ', 8, '1 ', 8.79597898990203
1, '1 ', 1, '1 ', -0.33787349376463577
1, '1 ', 3, '1 ', 15.720167720210123
1, '1 ', 2, '1 ', 13.106036283234626
1, '1 ', 6, '1 ', -2.68441884735137
--end of contingency generator
--bus
contingency id,bus id,v(pu),theta(deg) 
0, 4, 1.0605323450052648, 19.09523386876333
1, 11, 1.0827075456269546, 22.36249026236813
0, 7, 1.086610390511678, 19.999684792397023
1, 10, 1.075581673472197, 20.47924024586686
1, 14, 1.0601282447184017, 20.50168844517155
0, 12, 1.0848744528810135, 21.94877974523186
1, 4, 1.0603296896924055, 20.554850389836368
0, 13, 1.0791822927253865, 21.73328343116021
1, 12, 1.0546910237034128, 22.254266489024193
0, 14, 1.0636798622858994, 19.269243358355773
1, 8, 1.098736174545288, 24.42037442931929
0, 6, 1.1000000000341368, 23.005634731826976
1, 5, 1.0625147329332443, 21.53606664843663
1, 6, 1.1000000000326617, 24.543007238958275
0, 5, 1.0626041916567612, 20.065617707259964
1, 7, 1.0861308994845897, 21.412338241390213
0, 3, 1.0598096085673474, 18.37156767773514
0, 8, 1.0987361745442128, 23.005805816057137
1, 1, 1.0802810106743173, 23.314891664960992
1, 13, 1.0720868633562086, 22.789466771841262
1, 9, 1.0806425892101257, 19.95556405112168
0, 11, 1.0831958316611219, 20.88743393761854
0, 9, 1.0815580800561742, 18.570219240180712
1, 3, 1.0598096085675934, 19.83805828475843
1, 2, 1.0720040394868768, 22.008390425644556
0, 1, 1.0802810106741318, 21.847618741997213
0, 2, 1.0720040394866717, 20.542084517861532
0, 10, 1.076402101164441, 19.066717097719014
--end of bus
--Delta
contingency id,Delta(MW) 
1, 0.002309782414352493 
--end of Delta
--line flow
contingency id,line id,origin bus id,destination bus id,circuit id,p_origin(MW),q_origin(MVar),p_destination(MW),q_destination(MVar) 
1, 'BL', 1, 2, 'BL', 44.922316438410235, -2.174064417985619, -44.58705661292527, -2.9171051268283463 
1, 'BL', 2, 5, 'BL', 6.613932138908723, 1.7182703989490165, -6.585446399353373, -5.5724628866806825 
1, 'BL', 4, 9, 'BL', 2.2237588178609844, 2.6891003004880076, -2.2237588178609844, -2.632541695412243 
1, 'BL', 4, 7, 'BL', -8.42709320398684, -0.9475073689983446, 8.42709320398684, 1.0754463505235208 
1, 'BL', 6, 13, 'BL', 31.709101833410557, 7.8921788480043915, -31.125367103170618, -6.742622940092588 
1, 'BL', 7, 8, 'BL', -35.55116573110108, -6.838906120550405, 35.55116573110108, 8.795979169946008 
1, 'BL', 4, 5, 'BL', -43.103164212440106, 8.555235788284335, 43.3324612921449, -7.83196237806942 
0, 'BL', 12, 13, 'BL', 2.530743160412783, 0.2964990281148516, -2.518556270567956, -0.2854727944456954 
0, 'BL', 1, 5, 'BL', 17.133337435426228, 1.7892882749583237, -16.987374897389785, -6.8352351158340525 
0, 'BL', 10, 11, 'BL', -17.575385638155353, 4.0071143765679835, 17.80550204524019, -3.4684372490995656 
0, 'BL', 13, 14, 'BL', 13.447464142957017, -1.4925725275273294, -13.178789285472675, 2.039604785771701 
0, 'BL', 1, 2, 'BL', 44.89226922226044, -2.1649759171380083, -44.55745480396263, -2.927553521546997 
1, 'BL', 5, 6, 'BL', -26.102347281159844, 18.796347770408374, 26.102347281159844, -16.790101834902202 
0, 'BL', 2, 3, 'BL', 22.15213278012135, -0.7597407284542896, -21.95021841903464, -3.3661212696388247 
0, 'BL', 4, 5, 'BL', -42.57557357206929, 8.663498829828768, 42.7996388761635, -7.956728046652188 
1, 'BL', 9, 14, 'BL', -0.14333035646041026, 8.285709926128106, 0.21807928086425932, -8.126708949176532 
0, 'BL', 2, 5, 'BL', 6.640925757706327, 1.6546703685230568, -6.612494336773267, -5.509357593157006 
1, 'BL', 9, 10, 'BL', -8.85848304897877, 9.864464749775607, 8.906364789154793, -9.737271821612467 
1, 'BL', 3, 4, 'BL', -7.217816757240854, 1.8382551409437156, 7.252798835578318, -3.187367278236593 
0, 'BL', 7, 9, 'BL', 26.650020139958944, 5.322819511025955, -26.650020139958944, -4.634693654270677 
0, 'BL', 6, 13, 'BL', 23.273607237443002, 5.985013620518089, -22.957901616128765, -5.363290698543551 
0, 'BL', 2, 4, 'BL', 16.820159243251652, -0.31684436302521135, -16.6757445463048, -3.1106325838665043 
1, 'BL', 1, 5, 'BL', 17.114839131800522, 1.836190923614538, -16.968966499157816, -6.882041229230197 
1, 'BL', 10, 11, 'BL', -18.173478421137702, 4.1005308113108185, 18.41964749251423, -3.5242761673218865 
0, 'BL', 4, 9, 'BL', 1.950191747319238, 2.547920080065637, -1.950191747319238, -2.50011791853953 
1, 'BL', 6, 11, 'BL', 22.43942879657675, -0.7183995455612262, -22.04377503570771, 1.5469480087836018 
1, 'BL', 12, 13, 'BL', -6.932909964367411, -1.4917557658089038, 7.032788264734279, 1.5821218470932763 
1, 'BL', 2, 4, 'BL', 16.922406338258043, -0.2254645616567359, -16.77609159225881, -3.1955165034146376 
0, 'BL', 9, 10, 'BL', -8.263787006346888, 9.762025223077899, 8.30827200619899, -9.643855386941368 
0, 'BL', 3, 4, 'BL', -7.329839227735533, 1.757568746433094, 7.365551264090499, -3.1050928823044615 
0, 'BL', 9, 14, 'BL', -1.4856458567599304, 7.881630746477583, 1.5555455050690057, -7.732944829478072 
0, 'BL', 6, 11, 'BL', 21.80317649386305, -0.7088551477066289, -21.429629588427787, 1.4911090905479796 
1, 'BL', 13, 14, 'BL', 12.063585094687411, -1.9808349274972556, -11.841323061276285, 2.433368905545251 
1, 'BL', 2, 3, 'BL', 22.150366980001365, -0.7593916620656955, -21.94848410496091, -3.3666029874996184 
0, 'BL', 4, 7, 'BL', -8.894216248321426, -1.081748505791552, 8.894216248321426, 1.2245122722328006 
0, 'BL', 6, 12, 'BL', 9.560521579585952, 1.9898650731826706, -9.46365312478693, -1.7882547939366304 
0, 'BL', 7, 8, 'BL', -35.544236388280495, -6.547331783258869, 35.544236388280495, 8.496120095316087 
1, 'BL', 7, 9, 'BL', 27.124072527114084, 5.763459770027339, -27.124072527114084, -5.046398606883258 
0, 'BL', 5, 6, 'BL', -25.52406852952287, 18.81120203205586, 25.52406852952287, -16.862091429016232 
--end of line flow
