--generation dispatch
bus id,unit id,pg(MW),qg(MVar) 
101, 1, 19.64742222370971, 3.32811335663677
101, 2, 11.562626229323778, 6.679449984449767
101, 3, 56.46441949985575, -0.3731493934772772
101, 4, 84.00953272802145, 6.570885075549973
102, 5, 18.16268216558385, 3.2192128375919524
102, 6, 18.09963399773123, 5.325182226700229
102, 7, 77.19593066203642, -2.510216512142326
102, 8, 95.16427154204251, -4.511829540745806
107, 10, 50.26860481823201, 1.3599951500076182
107, 11, 23.817366949485066, 8.169755692212801
107, 9, 39.53111717823438, 20.813683557089693
113, 12, 105.47000451088752, -14.351569846780993
113, 13, 77.75472138144762, 4.18277693850783
113, 14, 100.57399559656048, -14.094773338773978
114, 15, 1.6376659965287278e-14, 39.73678938769301
115, 16, 0.5272816942620097, 1.0055962896792778
115, 17, 3.198360780183347, 1.5577092585873238
115, 18, 3.7428482634517457, 3.915002400739734
115, 19, 0.5416907423722351, 4.472299759625267
115, 20, 4.303039122888022, 1.6848876507430708
115, 21, 47.66710096119974, 31.05039721376049
116, 22, 59.146003635121865, -35.123379752458185
118, 23, 476.42914949239434, 134.28865468684987
121, 24, 468.8144214061947, 95.79391447957185
122, 25, 44.95739130833904, -3.0369610254063573
122, 26, 44.15578204039271, -0.6713000194524119
122, 27, 40.517347902709346, -6.680190829015368
122, 28, 59.34245278658132, -3.509522776277541
122, 29, 46.955328123362456, 0.035550054943197865
122, 30, 59.38440852863501, -1.2326921945543965
123, 31, 58.208691479440866, -33.25810540481356
123, 32, 3.5672057390378162, -50.35579942140199
123, 33, 218.28631575894272, -75.75233322842881
201, 34, 17.82277284643934, 4.755406438255792
201, 35, 14.305951265280349, 5.214420019016671
201, 36, 50.52678639452064, -11.28651205639415
201, 37, 27.660404902206967, -5.439312541155259
202, 38, 19.78372300435934, 3.5870220055757707
202, 39, 13.930190629500592, 0.5443033097516751
202, 40, 0.7313399273064367, -40.40780366067462
202, 41, 29.028276517507365, -12.82859538683736
207, 42, 12.143829088863002, 16.30220518264953
207, 43, 60.84027056113157, -5.231815972614212
207, 44, 62.66495848420325, 4.1230879744812
213, 45, 69.09065398520399, 26.083179649073564
213, 46, 14.629100386303445, 6.920626379230407
213, 47, 138.25749496096057, -14.740602753975569
214, 48, 1.3748414411800374e-14, 194.6472326168006
215, 49, 2.3565166986321593, 0.7061568103512214
215, 50, 5.18942536886023, 2.971547544117918
215, 51, 5.167535186849428, 2.998787433547211
215, 52, 10.634237269172797, 1.0149076266080337
215, 53, 5.765602619155425, 2.2206426329025284
215, 54, 48.84990100211279, -52.83445538576416
216, 55, 93.41937452712835, 15.005347238823507
218, 56, 271.38641711656226, 154.4960480818758
221, 57, 239.34556385909391, 27.276062519300087
222, 58, 61.42622942621656, 7.0015316187475305
222, 59, 42.68776428005495, 10.221606462606982
222, 60, 62.48916532662534, 8.980361401316381
222, 61, 56.70841847364627, 5.922748140891189
222, 62, 45.98410150320105, 5.569664043656924
222, 63, 50.858289180834085, 8.131754814748831
223, 64, 58.65198248509861, -26.71833085424121
223, 65, 28.850974557826994, -14.584877159680468
223, 66, 41.73681717553564, -43.953467561011415
301, 67, 14.355420143928129, -4.086041151146546
301, 68, 18.76467565126996, -4.971880383399449
301, 69, 22.919240681626654, -15.70086111349097
301, 70, 25.039056838199205, -31.628550360615673
302, 71, 20.116626319290795, -2.7675649761574306
302, 72, 20.147192500365595, -1.1267223856229527
302, 73, 15.9511832982557, -2.4446780259966046
302, 74, 3.4285665190011536, -24.89336341421124
307, 75, 38.32743290459463, 8.516146417013543
307, 76, 68.29398139260046, -9.502931174517014
307, 77, 29.602157759916384, 13.129136334410239
313, 78, 56.521183773153304, 37.101402564790654
313, 79, 89.64502749144863, 7.092774923439986
313, 80, 107.49043023354591, 23.09910305197868
314, 81, 1.7387645949299894e-14, 58.07988627248135
315, 82, 4.188667027497505, 4.921578782278418
315, 83, 1.2870976557937472, 4.845128398814926
315, 84, 3.774168924372175, 1.8346693797048703
315, 85, 2.2311919271169693, 4.769692227977062
315, 86, 0.1628848690538909, 2.319314926842852
315, 87, 103.60961876011129, 66.13291904605217
316, 88, 124.56556771085899, 16.32365549040179
318, 89, 440.7896364747428, 61.1544897657118
321, 90, 363.77329121247936, 176.31077309403963
322, 91, 52.1314878198969, 3.977409532072784
322, 92, 44.007933106804145, 5.252407741645385
322, 93, 46.37695533416222, 0.4626261053154283
322, 94, 53.36867928232054, 4.573161227763117
322, 95, 59.97622702463518, 3.773072931771306
322, 96, 56.67324050755228, 9.662864034149345
323, 97, 75.88746511084199, -34.254410333075974
323, 98, 66.73612483795013, 11.088120293345337
323, 99, 106.99003321594952, 23.80851842106873
--end of generation dispatch
