--generation dispatch
bus id,unit id,pg(MW),qg(MVar) 
101, 1, 20.483092718915213, -2.2938860487109674
101, 2, 11.714985297285423, -3.715703540922712
101, 3, 35.89264068333193, -37.13676789034772
101, 4, 32.992076314098014, -9.962354804797869
102, 5, 18.96917023804908, 0.2095389109645393
102, 6, 19.606195146748096, 1.1819559787101122
102, 7, 39.54307355360731, -43.402531440160054
102, 8, 39.54307377534266, -20.50650403352183
107, 10, 64.01653423779831, -20.522587646500885
107, 11, 40.83467295966337, 22.69281558651276
107, 9, 19.4695539445643, -0.6430196748632099
113, 12, 115.99001370319601, 5.6185519989702835
113, 13, 42.59417542743976, 18.36784499346133
113, 14, 73.48806385457974, -5.536908071534644
114, 15, -3.100208461877777e-17, 3.147325464663208
115, 16, 6.289637801387669, 3.2709592724503427
115, 17, 5.548294198122375, 5.2248664699964955
115, 18, 4.6319396623416775, 3.561951896075382
115, 19, 2.477505316455945, 5.061529408816612
115, 20, 2.058278154974048, 2.7035882637643702
115, 21, 33.695252526923866, 55.46281944660206
116, 22, 72.91245582060486, -4.663081240233428
118, 23, 350.97648385198863, 144.49487112998338
121, 24, 386.1463762934638, -20.965928261691957
122, 25, 41.94425160663309, 6.1228810845389745
122, 26, 62.523125253078675, -6.326656685508779
122, 27, 41.55969712549927, 1.2363098469327616
122, 28, 44.592437205297074, 4.314868484913283
122, 29, 46.276674616542785, -1.9537117526011953
122, 30, 60.48332196327033, 0.4868046769015459
123, 31, 100.23073874814865, -17.53713448058455
123, 32, 36.821982715642086, -24.921269832646942
123, 33, 101.9105638441891, 4.700564088120003
201, 34, 11.703955016164473, -0.9034339507184079
201, 35, 16.78953131687789, 3.9019591646212386
201, 36, 16.058766032510526, -25.797039614835786
201, 37, 42.142303292068206, -18.93266705451025
202, 38, 19.185612451982937, -0.5788519727993234
202, 39, 17.06223275638144, 0.13557705170112277
202, 40, 5.3643593142673, -7.10008694893443
202, 41, 4.861050713130722, -27.330919730513706
207, 42, 46.19251047601211, 29.687437236386838
207, 43, 52.8654289465884, 6.350526719200519
207, 44, 31.513671219491055, -15.464002643911861
213, 45, 132.5054520745455, 13.419655921594185
213, 46, 64.79755942899732, 13.459770591859774
213, 47, 42.83813054710404, -4.403750877544327
214, 48, -4.0691806243916844e-17, -88.61777200360243
215, 49, 1.3788853644778234, 2.3902088424339567
215, 50, 4.09401200666293, 3.089671664908205
215, 51, 6.99132547216517, 1.3395909471894245
215, 52, 4.04213109424412, 3.744581909299638
215, 53, 5.640093430970345, 2.6936977418769987
215, 54, 110.54644956411292, 86.84894137471284
216, 55, 41.351538191856136, 65.29518836873623
218, 56, 474.53082480677443, 99.62480068039928
221, 57, 462.78569561638636, 62.72231567572847
222, 58, 60.62925567516106, 6.563064381969427
222, 59, 48.295395345343074, -0.2093500207076725
222, 60, 56.80023881039562, 5.537891709524908
222, 61, 46.42551591983977, 2.3797140688348053
222, 62, 47.69195249901132, 1.7007269573003547
222, 63, 50.93637552476468, 7.520437902418998
223, 64, 75.56129923660883, -38.10681214698652
223, 65, 66.06617982456467, -25.228994507636276
223, 66, 277.83280326929486, -15.270550416304154
301, 67, 16.285510204769363, -3.7251076586368197
301, 68, 18.37850296467485, -0.46804751758326424
301, 69, 52.27011980595153, -30.16750960406065
301, 70, 10.081095911301066, -31.971409352093808
302, 71, 15.501279126107493, -0.8055853352727613
302, 72, 13.64267495192594, -1.2502871193420415
302, 73, 29.959932445412853, -25.44315252950378
302, 74, 2.5888125758661324, -38.32276837355437
307, 75, 36.927123756522846, 1.1141196998240457
307, 76, 10.808183809186446, 7.867147809103006
307, 77, 35.71251991312264, 12.54642900998061
313, 78, 66.59744778514838, 15.283355152230394
313, 79, 37.33777045803162, 10.313836841380969
313, 80, 25.135585667351528, -7.475776728857084
314, 81, -2.958107842886102e-17, 62.43162171796353
315, 82, 4.79378916116183, 3.675191539846942
315, 83, 7.031914229440066, 4.278621658377338
315, 84, 0.9795886065265307, 2.892122089581065
315, 85, 1.1455416681703212, 4.308524837720057
315, 86, 7.7913988016733615, 4.184485435980787
315, 87, 72.44751593853472, 66.43997239414125
316, 88, 39.44200764614595, 45.79543909162889
318, 89, 385.27190865235207, 100.64539239911997
321, 90, 414.26504164219887, 106.87217506492244
322, 91, 61.998940279168124, -11.655021234901291
322, 92, 63.491553805229294, -3.976118529746711
322, 93, 61.877242197674754, 4.593666463391724
322, 94, 58.04665885998033, -0.6894689227831268
322, 95, 55.59935740327562, -0.7018280619943809
322, 96, 36.79479135332727, 3.173207830652937
323, 97, 46.549328603630414, 10.165280005603972
323, 98, 77.90787939686207, -3.0059089977364795
323, 99, 163.5442783827306, 38.625378984014034
--end of generation dispatch
