--contingency generator
conID,genID,busID,unitID,q(MW) 
1, '1 ', 8, '1 ', 5.569397727588461
1, '1 ', 1, '1 ', 0.8072521579829991
1, '1 ', 3, '1 ', 26.076952314925066
1, '1 ', 2, '1 ', 16.680163764754102
1, '1 ', 6, '1 ', -12.216744165842409
--end of contingency generator
--bus
contingency id,bus id,v(pu),theta(deg) 
0, 4, 1.069672527836222, 77.39810658272475
1, 11, 1.0845846543898616, 70.01688747913751
0, 7, 1.091485237716778, 77.12684082513351
1, 10, 1.0780999176373098, 67.93587018520753
1, 14, 1.0637855619844923, 67.62396923540146
0, 12, 1.0863406647009308, 80.50189399698667
1, 4, 1.0694830719063018, 68.0107664926505
0, 13, 1.0805041836872877, 80.11313209599786
1, 12, 1.0575003262575664, 69.77838867997993
0, 14, 1.0669462122367996, 77.26031258755576
1, 8, 1.0999476176306584, 68.20405310298797
0, 6, 1.100000000059115, 81.66927854341155
1, 5, 1.072271926169185, 69.18380315303487
1, 6, 1.100000000034664, 72.36542478168336
0, 5, 1.072351467707766, 78.5594789637038
1, 7, 1.091072656954643, 67.68893455686064
0, 3, 1.0653060114101343, 75.16282686490342
0, 8, 1.0999476176463454, 77.64116475688078
1, 1, 1.0934963258349601, 70.85398334513901
1, 13, 1.0740610060712625, 70.27833976336566
1, 9, 1.0843091852109008, 67.19184479531874
0, 11, 1.085026661252574, 79.38723899362599
0, 9, 1.0850874697757213, 76.65739394063768
1, 3, 1.0653060113941677, 65.7828773892222
1, 2, 1.0901303093428556, 70.34259398894399
0, 1, 1.0934963258507702, 80.23289778846858
0, 2, 1.0901303093583514, 79.72252278793651
0, 10, 1.0788150104639322, 77.37251645575651
--end of bus
--Delta
contingency id,Delta(MW) 
1, 0.0023785965783232298 
--end of Delta
--line flow
contingency id,line id,origin bus id,destination bus id,circuit id,p_origin(MW),q_origin(MVar),p_destination(MW),q_destination(MVar) 
1, 'BL', 1, 2, 'BL', 18.102859149822166, -2.785141765687058, -18.049722225224173, -3.3466956895840667 
1, 'BL', 2, 5, 'BL', 15.63056444161819, 4.158390658618487, -15.494977151120338, -7.7894164570062685 
1, 'BL', 4, 9, 'BL', 3.075338076408175, 3.869484274881529, -3.075338076408175, -3.7579394429303647 
1, 'BL', 4, 7, 'BL', 3.20477381366714, 1.2997452608436788, -3.20477381366714, -1.2788304727623654 
1, 'BL', 6, 13, 'BL', 35.34346408663134, 4.557414458798576, -34.64920043985927, -3.1901926104992526 
1, 'BL', 7, 8, 'BL', -6.12522055658852, -5.469613782432816, 6.12522055658852, 5.56939772894782 
1, 'BL', 4, 5, 'BL', -52.53537439210402, 10.142892546883559, 52.86951641226278, -9.088905994906781 
0, 'BL', 12, 13, 'BL', 3.3784190497899544, -0.548417475221811, -3.356489694425136, 0.5682583205518767 
0, 'BL', 1, 5, 'BL', 16.925320282086403, 3.549336305587474, -16.776841440788118, -8.706757053651813 
0, 'BL', 10, 11, 'BL', -19.243297514838645, 5.108295076091281, 19.522756044269926, -4.454113482576872 
0, 'BL', 13, 14, 'BL', 15.110748171283845, -2.801740995489922, -14.764954761817876, 3.5057895671995425 
0, 'BL', 1, 2, 'BL', 18.070555247892344, -2.7748792606671486, -18.01760646292803, -3.3575326128507186 
1, 'BL', 5, 6, 'BL', -27.87079654230792, 23.83088366660553, 27.87079654230792, -21.270648350363558 
0, 'BL', 2, 3, 'BL', 47.63609021454141, 1.6167911057539186, -46.731785521056594, -2.8948752523108396 
0, 'BL', 4, 5, 'BL', -51.96745346980788, 10.22964194770293, 52.294758725165366, -9.197220651590214 
1, 'BL', 9, 14, 'BL', 0.5385544695350859, 7.989571033555933, -0.4692295751743245, -7.842107695209052 
0, 'BL', 2, 5, 'BL', 15.662086913880046, 4.099219465895544, -15.526377657292613, -7.730167991815279 
1, 'BL', 9, 10, 'BL', -13.068807696361603, 13.004159601655829, 13.160770243126763, -12.759870535272512 
1, 'BL', 3, 4, 'BL', -23.162698687814355, 6.250629934858694, 23.508229367241654, -6.827079438755959 
0, 'BL', 7, 9, 'BL', 8.820829338752702, 6.383804189291141, -8.820829338752702, -6.274324243918954 
0, 'BL', 6, 13, 'BL', 26.47949627550878, 3.352696935390668, -26.090028966227067, -2.585714223672994 
0, 'BL', 2, 4, 'BL', 28.11648412941247, 1.905908847990304, -27.722387324160167, -4.6755142247362755 
1, 'BL', 1, 5, 'BL', 16.90490936304677, 3.592393923655436, -16.75648912374662, -8.74963694204979 
1, 'BL', 10, 11, 'BL', -19.864815730598394, 5.247596407932576, 20.162822049388666, -4.549996485323845 
0, 'BL', 4, 9, 'BL', 2.784142583746454, 3.750518161179741, -2.784142583746454, -3.6509379784848193 
1, 'BL', 6, 11, 'BL', 23.52647062749699, -2.205355712147707, -23.088182345193587, 3.1231861959352045 
1, 'BL', 12, 13, 'BL', -6.580134974946191, -1.4673054037987185, 6.66992312008864, 1.5485422970227773 
1, 'BL', 2, 4, 'BL', 28.225112148086538, 1.9906207932853022, -27.82769385628316, -4.749458995983332 
0, 'BL', 9, 10, 'BL', -12.45274341397868, 12.85037045559352, 12.539252027366842, -12.620569203430705 
0, 'BL', 3, 4, 'BL', -23.28004055708297, 6.1820328189922975, 23.628226647240666, -6.751964279621461 
0, 'BL', 9, 14, 'BL', -0.8778703370117569, 7.716846796513437, 0.9429903227089653, -7.578327862261119 
0, 'BL', 6, 11, 'BL', 22.862057431988802, -2.160458771397657, -22.448116340074904, 3.027303193188345 
1, 'BL', 13, 14, 'BL', 13.643506830402302, -3.177546585134621, -13.35273486393433, 3.7695694001476454 
1, 'BL', 2, 3, 'BL', 47.63629376541155, 1.6167596205233394, -46.731981508844484, -2.8948119034843103 
0, 'BL', 4, 7, 'BL', 2.702744571910124, 1.1829020433460755, -2.702744571910124, -1.167686245054938 
0, 'BL', 6, 12, 'BL', 10.062720899539926, 1.1356882559995256, -9.958554024736344, -0.9188879285769076 
0, 'BL', 7, 8, 'BL', -6.118084766843228, -5.21611794423643, 6.118084766843228, 5.311692110954823 
1, 'BL', 7, 9, 'BL', 9.32999437025468, 6.748444255194499, -9.32999437025468, -6.62591591327805 
0, 'BL', 5, 6, 'BL', -27.244286031996065, 23.83706996969977, 27.244286031996065, -21.342387274161297 
--end of line flow
