--contingency generator
conID,genID,busID,unitID,q(MW) 
1, '1 ', 8, '1 ', 7.67376838183052
1, '1 ', 1, '1 ', 1.520985098462703
1, '1 ', 3, '1 ', 22.06828576679335
1, '1 ', 2, '1 ', 20.318894682879662
1, '1 ', 6, '1 ', -4.567175254190885
--end of contingency generator
--bus
contingency id,bus id,v(pu),theta(deg) 
0, 4, 1.0697166112067507, 104.96257505944111
1, 11, 1.0861759885956317, 51.53712638308285
0, 7, 1.0907592873261223, 106.38186272539888
1, 10, 1.080581816295024, 50.68013902553052
1, 14, 1.0571185739417188, 49.51533338270133
0, 12, 1.0845969484084845, 105.6349158453053
1, 4, 1.0695123677633807, 50.98821842158216
0, 13, 1.0773308093447855, 105.38568388470432
1, 12, 1.0544685958636297, 50.586750548421634
0, 14, 1.060864462687182, 103.70733623446823
1, 8, 1.0999999992509681, 56.27091937809126
0, 6, 1.0999999996069558, 106.63684760452983
1, 5, 1.0712707044571954, 51.94640861635604
1, 6, 1.0999999995516945, 52.73459338698324
0, 5, 1.0713581735945408, 105.91089143372423
1, 7, 1.0902452861538712, 52.36391258328481
0, 3, 1.0678902457877084, 103.44007678609536
0, 8, 1.0999999991253588, 110.28645078521063
1, 1, 1.0999999993934768, 55.16893459664445
1, 13, 1.0700929288131593, 51.025462617472485
1, 9, 1.084668149368494, 50.62061911613599
0, 11, 1.0866617117173025, 105.49818732349121
0, 9, 1.0856578003179116, 104.66493388064724
1, 3, 1.067890245421762, 49.47207159055988
1, 2, 1.0859809505215705, 52.789429883036824
0, 1, 1.0999999994232552, 109.13627117097776
0, 2, 1.0859809501948872, 106.75766491233428
0, 10, 1.0814423862176363, 104.69933236441926
--end of bus
--Delta
contingency id,Delta(MW) 
1, 0.0022723742195914394 
--end of Delta
--line flow
contingency id,line id,origin bus id,destination bus id,circuit id,p_origin(MW),q_origin(MVar),p_destination(MW),q_destination(MVar) 
1, 'BL', 1, 2, 'BL', 83.92414516776853, -2.879230919119891, -82.79604313875518, 0.015596686948583738 
1, 'BL', 2, 5, 'BL', 11.629323361959905, 3.410644349641302, -11.549668630792098, -7.193109857307718 
1, 'BL', 4, 9, 'BL', 1.3809966468843335, 3.7868056863256356, -1.3809966468843335, -3.7126292796217797 
1, 'BL', 4, 7, 'BL', -13.687783781071095, 1.903441761078625, 13.687783781071095, -1.5694881295111145 
1, 'BL', 6, 13, 'BL', 31.782437178264274, 9.516669325214139, -31.180696154000543, -8.331653403357336 
1, 'BL', 7, 8, 'BL', -46.38944389334798, -4.455220758898349, 46.38944389334798, 7.673768381830428 
1, 'BL', 4, 5, 'BL', -42.52124194959913, 9.39500815238398, 42.74256251535405, -8.696895116882388 
0, 'BL', 12, 13, 'BL', 3.1089283736982907, 0.5121284988124444, -3.090284016511532, -0.49525979469109416 
0, 'BL', 1, 5, 'BL', 31.50440873910763, 4.354363996158725, -31.037218561016346, -8.225975473787912 
0, 'BL', 10, 11, 'BL', -8.25409592234567, 0.6467997572065087, 8.302187546688003, -0.534222569059807 
0, 'BL', 13, 14, 'BL', 9.821824129748094, 0.414218667222201, -9.679500771166957, -0.12444288033043449 
0, 'BL', 1, 2, 'BL', 83.89519015873714, -2.8710607454356705, -82.76786557108198, 0.005052871767475153 
1, 'BL', 5, 6, 'BL', -6.901328547201458, 22.59283364507121, 6.901328547201458, -21.528316289607005 
0, 'BL', 2, 3, 'BL', 34.54294098816047, 0.12367841425191273, -34.06460003348084, -3.1886562699052092 
0, 'BL', 4, 5, 'BL', -42.02340660006257, 9.525269892313645, 42.24001980663468, -8.842005313380923 
1, 'BL', 9, 14, 'BL', 10.985264148815787, 5.96646275926463, -10.816424424276846, -5.607318044286728 
0, 'BL', 2, 5, 'BL', 11.653653360812939, 3.3486980129088124, -11.574049341815709, -7.131642580024845 
1, 'BL', 9, 10, 'BL', 0.46769843613981266, 5.0700270737315805, -0.4606892030018912, -5.051407765332897 
1, 'BL', 3, 4, 'BL', -15.582079776503178, 4.596204874141904, 15.741419815342425, -5.651438016443649 
0, 'BL', 7, 9, 'BL', 32.25183116070528, 5.54143771777899, -32.25183116070528, -4.551247944491934 
0, 'BL', 6, 13, 'BL', 23.606624621766116, 7.37150957618428, -23.272259945274357, -6.71304114978102 
0, 'BL', 2, 4, 'BL', 21.690717010379785, 1.1872413249287774, -21.45387442500447, -4.418804829732949 
1, 'BL', 1, 5, 'BL', 31.48681560086156, 4.400216017581556, -31.019819141226932, -8.272166141560717 
1, 'BL', 10, 11, 'BL', -8.841530012452182, 0.6980798636622012, 8.896803522317128, -0.5686906736591482 
0, 'BL', 4, 9, 'BL', 1.1194146395087274, 3.6314100947086274, -1.1194146395087274, -3.5655079565909205 
1, 'BL', 6, 11, 'BL', 13.246428821390964, 1.4509235299923375, -13.107041310353054, -1.1590286474334448 
1, 'BL', 12, 13, 'BL', -6.038206236902511, -1.5522740566729851, 6.1154345536072015, 1.6221472955962781 
1, 'BL', 2, 4, 'BL', 21.78865095456112, 1.282908558247641, -21.54940483394006, -4.506436378565013 
0, 'BL', 9, 10, 'BL', 1.0552222530158133, 5.018985317228044, -1.048123293108688, -5.000127658876863 
0, 'BL', 3, 4, 'BL', -15.691804047296017, 4.51367604494942, 15.852647893177362, -5.565350643612646 
0, 'BL', 9, 14, 'BL', 9.68632937299185, 5.461070264742318, -9.552982808233025, -5.177424255935023 
0, 'BL', 6, 11, 'BL', 12.639500271003328, 1.45960756300218, -12.512425334724497, -1.1934967520328996 
1, 'BL', 13, 14, 'BL', 8.524541768355206, -0.08457616948919622, -8.416059155122795, 0.30545090802047525 
1, 'BL', 2, 3, 'BL', 34.54068972111628, 0.12407717211340241, -34.062409874038536, -3.1893124754050177 
0, 'BL', 4, 7, 'BL', -14.13079561000243, 1.7548566911096941, 14.13079561000243, -1.40043871546834 
0, 'BL', 6, 12, 'BL', 9.239009445450279, 2.2556197184728717, -9.147134610601057, -2.0644025554855148 
0, 'BL', 7, 8, 'BL', -46.382626770707695, -4.140999002310082, 46.382626770707695, 7.351578453039792 
1, 'BL', 7, 9, 'BL', 32.701660112277075, 6.024708888409577, -32.701660112277075, -5.001370310084212 
0, 'BL', 5, 6, 'BL', -6.35700570766875, 22.630285896513612, 6.35700570766875, -21.57647605351633 
--end of line flow
