--contingency generator
conID,genID,busID,unitID,q(MW) 
1, '1 ', 8, '1 ', 6.288680835146428
1, '1 ', 1, '1 ', -0.1571319905874148
1, '1 ', 3, '1 ', 15.608618900003554
1, '1 ', 2, '1 ', 8.902833605464368
1, '1 ', 6, '1 ', 1.7500561232248166
--end of contingency generator
--bus
contingency id,bus id,v(pu),theta(deg) 
0, 4, 1.0550892237790896, 84.43610702175067
1, 11, 1.0823142798176904, 113.30764054142597
0, 7, 1.0818898688280365, 82.80865105730842
1, 10, 1.0736040329027965, 112.09526377483637
1, 14, 1.0570373261376291, 111.50289966084961
0, 12, 1.084531175588155, 83.40519202594872
1, 4, 1.0548682761719967, 114.63426651852467
0, 13, 1.0793722013750633, 83.2640656982748
1, 12, 1.053543558892, 112.41125204615261
0, 14, 1.06077166977356, 81.5398064748977
1, 8, 1.0914761237703494, 113.43307374489383
0, 6, 1.1000000039275584, 84.48790356664908
1, 5, 1.0568080873117525, 115.48760101117367
1, 6, 1.100000000912723, 114.76185297184158
0, 5, 1.0568999748649406, 85.27890783682234
1, 7, 1.0813643254800187, 112.9571077909277
0, 3, 1.0581368540969371, 84.53128835642153
0, 8, 1.0914761257405625, 83.2837249007914
1, 1, 1.0811137242368298, 118.8273049424315
1, 13, 1.072061414121212, 113.04317425692784
1, 9, 1.077001673784359, 111.77230958931753
0, 11, 1.0828131818652011, 83.09655790777853
0, 9, 1.0779884084890037, 81.65147835473812
1, 3, 1.0581368528858661, 114.7370001296111
1, 2, 1.070351615345588, 117.05166808128753
0, 1, 1.0811137255115248, 88.62133038800674
0, 2, 1.0703516185009085, 86.84660628045523
0, 10, 1.074472136896458, 81.94697062311697
--end of bus
--Delta
contingency id,Delta(MW) 
1, 0.002577471949526059 
--end of Delta
--line flow
contingency id,line id,origin bus id,destination bus id,circuit id,p_origin(MW),q_origin(MVar),p_destination(MW),q_destination(MVar) 
1, 'BL', 1, 2, 'BL', 60.82136710885254, -2.4036727463808347, -60.20791881050047, -1.8335520573730264 
1, 'BL', 2, 5, 'BL', 18.57376667755429, 0.5140024492540078, -18.399179029279225, -3.8950685754895176 
1, 'BL', 4, 9, 'BL', 10.525320104567264, 2.5360816513622524, -10.525320104567264, -1.9859758596061 
1, 'BL', 4, 7, 'BL', 16.323953776257635, -1.188178573206983, -16.323953776257635, 1.6697074669471021 
1, 'BL', 6, 13, 'BL', 31.272825085181182, 8.11850934725203, -30.70213111394486, -6.994634764743296 
1, 'BL', 7, 8, 'BL', -5.56611136674105, -6.184395692452426, 5.56611136674105, 6.288680855882376 
1, 'BL', 4, 5, 'BL', -37.14116894978633, 7.209067127411345, 37.31290325812631, -6.667364376534351 
0, 'BL', 12, 13, 'BL', 2.042834545265748, 0.5431205307706364, -2.034442284331192, -0.5355275327821687 
0, 'BL', 1, 5, 'BL', 31.09798651204089, 2.199733916400419, -30.63902989374867, -5.9283029921867865 
0, 'BL', 10, 11, 'BL', -11.919014929388368, 0.5474605840718141, 12.020192505773792, -0.3106150374984509 
0, 'BL', 13, 14, 'BL', 10.317061588952967, 0.8506331476656328, -10.159833488613941, -0.5305107380243044 
0, 'BL', 1, 2, 'BL', 60.792957782224335, -2.395336343777899, -60.180080459251144, -1.8436317571779455 
1, 'BL', 5, 6, 'BL', 6.268873689166511, 15.298753644994122, -6.268873689166511, -14.762963561343042 
0, 'BL', 2, 3, 'BL', 23.46827093271196, -1.008269377482975, -23.24144800155713, -2.9971407134029278 
0, 'BL', 4, 5, 'BL', -36.618639940512935, 7.358641822273057, 36.78594160450825, -6.830920992996653 
1, 'BL', 9, 14, 'BL', 4.6850831821483325, 5.7544980148031755, -4.6247415983579, -5.626143381609495 
0, 'BL', 2, 5, 'BL', 18.595995746717676, 0.45130855339471054, -18.42115099405254, -3.8319257056076594 
1, 'BL', 9, 10, 'BL', -5.320544314144001, 6.355145839844454, 5.339383529377585, -6.305101398246052 
1, 'BL', 3, 4, 'BL', 1.7016895632555418, 0.6399635775426304, -1.6988551488694839, -2.061465720644719 
0, 'BL', 7, 9, 'BL', 21.40972076029544, 4.053086622438514, -21.40972076029544, -3.6068346902520716 
0, 'BL', 6, 13, 'BL', 22.59155794952636, 6.1542271746650385, -22.29183120679994, -5.563971652745522 
0, 'BL', 2, 4, 'BL', 27.221826216710923, -1.087347987078715, -26.845585360293683, -1.611116883816976 
1, 'BL', 1, 5, 'BL', 31.08246381043793, 2.2465407644089055, -30.62373274388858, -5.975563138659425 
1, 'BL', 10, 11, 'BL', -12.53483921658949, 0.6214421135895805, 12.646962031915223, -0.3589749699015101 
0, 'BL', 4, 9, 'BL', 10.252689531876054, 2.374288773533493, -10.252689531876054, -1.8547147183908805 
1, 'BL', 6, 11, 'BL', 16.24806935195963, 2.2148426652470334, -16.036989814825688, -1.7728157128788098 
1, 'BL', 12, 13, 'BL', -7.644057178836874, -1.2774774035150074, 7.763604844928636, 1.385639577598056 
1, 'BL', 2, 4, 'BL', 27.327063808503482, -0.9847763437447838, -26.94781634600372, -1.7037732118994882 
0, 'BL', 9, 10, 'BL', -4.7067134208835455, 6.275868952395285, 4.723559185858733, -6.231119906799449 
0, 'BL', 3, 4, 'BL', 1.5808292223756553, 0.5504723796060489, -1.5783727624376809, -1.9732375412513647 
0, 'BL', 9, 14, 'BL', 3.3182771334885217, 5.305035374300417, -3.27544874782825, -5.213933659920542 
0, 'BL', 6, 11, 'BL', 15.605279479324935, 2.229653964197837, -15.410220307176047, -1.8211756599189357 
1, 'BL', 13, 14, 'BL', 8.929314453414193, 0.3601291845338892, -8.810540545489872, -0.11830097745593093 
1, 'BL', 2, 3, 'BL', 23.46207290229927, -1.0070614258524984, -23.2353677875234, -2.998845007865839 
0, 'BL', 4, 7, 'BL', 15.851341755480883, -1.3568448741572183, -15.851341755480883, 1.8116207871565848 
0, 'BL', 6, 12, 'BL', 9.78841091723308, 2.0318876054560633, -9.686891772588723, -1.8205979431709807 
0, 'BL', 7, 8, 'BL', -5.558379027333659, -5.864707413458518, 5.558379027333659, 5.962964904952855 
1, 'BL', 7, 9, 'BL', 21.890065136101985, 4.514688224145402, -21.890065136101985, -4.044714636089566 
0, 'BL', 5, 6, 'BL', 6.833104373040058, 15.351907246175358, -6.833104373040058, -14.798530050714533 
--end of line flow
