--contingency generator
conID,genID,busID,unitID,q(MW) 
1, '1 ', 8, '1 ', 2.2433553395715395
1, '1 ', 1, '1 ', -25.536001908800237
1, '1 ', 3, '1 ', 47.452326247070125
1, '1 ', 2, '1 ', 37.90350815716875
1, '1 ', 6, '1 ', -17.705704362876272
--end of contingency generator
--bus
contingency id,bus id,v(pu),theta(deg) 
0, 4, 1.0776994022174953, 52.711421599685174
1, 11, 1.0567352060537167, 50.63725511643002
0, 7, 1.0985698582525287, 56.76027511166307
1, 10, 1.0447569604929248, 47.928611153560304
1, 14, 1.0336623324937917, 48.15942444079506
0, 12, 1.0663928419208792, 52.429806678467166
1, 4, 1.0772568288490205, 52.58114452052826
0, 13, 1.0584787651914533, 52.03812552280509
1, 12, 1.031408770961897, 50.72305135134366
0, 14, 1.0393405551340889, 48.658199398809515
1, 8, 1.0999999957837887, 60.050579537885135
0, 6, 1.0824263383577473, 53.75981792426369
1, 5, 1.0754716346112638, 53.510729178418174
1, 6, 1.0811561323663974, 53.68165194627538
0, 5, 1.0758572228235985, 53.63286324714822
1, 7, 1.0983604483202476, 56.63340344820035
0, 3, 1.0966343408651702, 49.871612409186675
0, 8, 1.099999995780247, 60.17598525259927
1, 1, 1.099999985419446, 56.90480268867071
1, 13, 1.0493834178850128, 51.34061208142334
1, 9, 1.049300716958615, 47.13794512940509
0, 11, 1.059020816999454, 50.81171080393872
0, 9, 1.0524995097559389, 47.45476285350407
1, 3, 1.0966343408745483, 49.74498926971046
1, 2, 1.099999982663978, 54.42036274244674
0, 1, 1.099999985413226, 57.03197255478393
0, 2, 1.099999982630093, 54.548390312069074
0, 10, 1.0477516139780167, 48.20277187210442
--end of bus
--Delta
contingency id,Delta(MW) 
1, 0.0032421621010197306 
--end of Delta
--line flow
contingency id,line id,origin bus id,destination bus id,circuit id,p_origin(MW),q_origin(MVar),p_destination(MW),q_destination(MVar) 
1, 'BL', 1, 2, 'BL', 80.62524850260888, -27.67945523989647, -79.48808314637756, 24.76258907481383 
1, 'BL', 2, 5, 'BL', 14.369919719835963, 8.803065548665813, -14.21684876443203, -12.429994422570417 
1, 'BL', 4, 9, 'BL', 19.895653995521684, 13.422478827135564, -19.895653995521684, -10.830407888480437 
1, 'BL', 4, 7, 'BL', -40.88294287504458, 3.094537184575074, 40.88294287504458, -0.19719224557252346 
1, 'BL', 6, 13, 'BL', 39.22089248268935, 7.180122571401171, -38.32117863329984, -5.408305138899777 
1, 'BL', 7, 8, 'BL', -40.88294287504451, 0.19719224557240977, 40.88294287504451, 2.2433553395716217 
1, 'BL', 4, 5, 'BL', -39.13914538303982, 17.33713617812191, 39.34994734500117, -16.672202049418047 
0, 'BL', 12, 13, 'BL', 3.844859603722796, -0.014095630848999008, -3.8161407301940926, 0.04007937356544744 
0, 'BL', 1, 5, 'BL', 32.65382435293296, 1.953524481073316, -32.16684955149081, -5.767228086709224 
0, 'BL', 10, 11, 'BL', -24.24257269078197, 4.807527381109878, 24.699104826466368, -3.7388360063274035 
0, 'BL', 13, 14, 'BL', 17.53553536720088, -2.2419667061518, -17.058738080294518, 3.212744169377345 
0, 'BL', 1, 2, 'BL', 80.59723540342668, -27.671606796988726, -79.46085495625516, 24.752344188947063 
1, 'BL', 5, 6, 'BL', -1.4767708025926376, 33.32798242105031, 1.4767708025926376, -31.2215922737102 
0, 'BL', 2, 3, 'BL', 47.908066891558704, -10.122468603224434, -46.99505420889315, 8.68540401294365 
0, 'BL', 4, 5, 'BL', -38.774010333953015, 17.363051814243136, 38.981472540806635, -16.70865229884248 
1, 'BL', 9, 14, 'BL', -3.495669470420438, 7.7761222257133795, 3.579584779008485, -7.597623121504114 
0, 'BL', 2, 5, 'BL', 14.36482034580149, 8.56195056082413, -14.214264107997252, -12.19799246364937 
1, 'BL', 9, 10, 'BL', -13.779285118128485, 10.953062701008093, 13.868800734056379, -10.715273655239116 
1, 'BL', 3, 4, 'BL', -25.12146472380911, 22.34380138807842, 25.77078850970082, -22.19890569408244 
0, 'BL', 6, 13, 'BL', 29.200649364547417, 5.467478588144331, -28.70235850605269, -4.486188336653868 
0, 'BL', 2, 4, 'BL', 23.67936306905878, 4.397055374250613, -23.39007752137647, -7.55073317052927 
1, 'BL', 1, 5, 'BL', 32.64202206425631, 2.1434533311014548, -32.15453903329238, -5.953018289635509 
1, 'BL', 10, 11, 'BL', -25.09344933054257, 4.846301524876651, 25.584439538303172, -3.6969476040407585 
0, 'BL', 4, 9, 'BL', 19.282267948187208, 12.818666870297449, -19.282267948187208, -10.408023587759885 
1, 'BL', 6, 11, 'BL', 30.318949588744914, -0.39300076500609293, -29.57188767038795, 1.957441863776296 
1, 'BL', 12, 13, 'BL', -7.225909271272712, -1.2571840711682114, 7.337623750568071, 1.3582590762449342 
1, 'BL', 2, 4, 'BL', 23.777458836062692, 4.641536639265496, -23.48439331651116, -7.782123738822406 
0, 'BL', 9, 10, 'BL', -12.935788847568233, 10.89468336398295, 13.017924094294642, -10.676499511472002 
0, 'BL', 3, 4, 'BL', -25.26732253096648, 22.119702895472756, 25.914997226510224, -21.979626568828962 
0, 'BL', 9, 14, 'BL', -4.9525517883161285, 7.539858507124336, 5.045928558192401, -7.341233607123172 
0, 'BL', 6, 11, 'BL', 29.38685336496846, -0.5328136221774571, -28.686552958551914, 1.999330266062998 
1, 'BL', 13, 14, 'BL', 16.000591013686474, -2.6380296065855475, -15.592394301109167, 3.4691336837584004 
1, 'BL', 2, 3, 'BL', 47.89370102056233, -10.120276331182254, -46.98123553257548, 8.680906396352725 
0, 'BL', 4, 7, 'BL', -40.873216388741284, 3.2217638117460865, 40.873216388741284, -0.32678359124156486 
0, 'BL', 6, 12, 'BL', 11.204906226461617, 1.5222656909769512, -11.070768874996304, -1.243088440319184 
0, 'BL', 7, 8, 'BL', -40.873216388741355, 0.3267835912413375, 40.873216388741355, 2.111772098515189 
0, 'BL', 5, 6, 'BL', -1.098570136634921, 32.94664050862673, 1.098570136634921, -30.89140112105025 
--end of line flow
