--contingency generator
conID,genID,busID,unitID,q(MW) 
1, '1 ', 8, '1 ', 9.201647851704706
1, '1 ', 1, '1 ', -2.3522098567090537
1, '1 ', 3, '1 ', 50.8949933402663
1, '1 ', 2, '1 ', -15.828521764288233
1, '1 ', 6, '1 ', 9.168650304165379
--end of contingency generator
--bus
contingency id,bus id,v(pu),theta(deg) 
0, 4, 0.9862521075118383, 74.00583933099594
1, 11, 1.010007345082563, 19.959402994133907
0, 7, 1.0105935865438418, 72.98008057498656
1, 10, 0.9982252918673091, 18.618092618304427
1, 14, 0.9848579113757132, 18.273975624082382
0, 12, 1.0175687388804011, 73.73821672015204
1, 4, 0.9860467050455821, 20.94323090783867
0, 13, 1.0111065333859957, 73.5108835915529
1, 12, 0.9906860492019892, 19.650429445436828
0, 14, 0.9881515266519705, 71.5450065184859
1, 8, 1.0256208197417864, 21.277010624854697
0, 6, 1.0313265355124812, 74.69656874234681
1, 5, 0.9866133831692611, 22.132392311252694
1, 6, 1.0313256357000429, 21.704362116660754
0, 5, 0.9867041247772955, 75.18532684542568
1, 7, 1.0101198718103634, 19.873727909290086
0, 3, 1.005928057168658, 72.40041201854874
0, 8, 1.0256209727423515, 74.38220792031457
1, 1, 1.0060199744783858, 26.27606588445347
1, 13, 1.0046865563149256, 20.081206456400697
1, 9, 1.0020457476108822, 18.41059279938048
0, 11, 1.0104591216209002, 73.00849114872189
0, 9, 1.0029353268346375, 71.54200421551707
1, 3, 1.0058821739101356, 19.34360268091658
1, 2, 0.9963746455005749, 24.598963384749574
0, 1, 1.0060256370892107, 79.33197787146631
0, 2, 0.996381458928684, 77.65579888665421
0, 10, 0.9990085680836212, 71.7245822380471
--end of bus
--Delta
contingency id,Delta(MW) 
1, 0.0016956011351038902 
--end of Delta
--line flow
contingency id,line id,origin bus id,destination bus id,circuit id,p_origin(MW),q_origin(MVar),p_destination(MW),q_destination(MVar) 
1, 'BL', 1, 2, 'BL', 49.841641022658166, -1.8717054071828443, -49.36582709208784, -1.9683384100003423 
1, 'BL', 2, 5, 'BL', 23.783103466536375, -3.38979370139009, -23.457021031029228, 0.9839187466420185 
1, 'BL', 4, 9, 'BL', 8.101304553054032, 3.023447080554888, -8.101304553054032, -2.621832859643206 
1, 'BL', 4, 7, 'BL', 9.090130740049268, -0.827421135772056, -9.090130740049268, 0.9988176719804756 
1, 'BL', 6, 13, 'BL', 26.55419363080523, 7.924868458737706, -26.07659932146288, -6.984336173355587 
1, 'BL', 7, 8, 'BL', -14.403108078858077, -8.712521739415365, 14.403108078858077, 9.201705034146244 
1, 'BL', 4, 5, 'BL', -43.80553393839375, 13.058162892310065, 44.09242451640614, -12.153221900542121 
0, 'BL', 12, 13, 'BL', 2.5580456024230784, 0.4665812272391463, -2.5436198847305036, -0.4535293874220372 
0, 'BL', 1, 5, 'BL', 32.65860157468033, -0.5210236828656889, -32.08713958584268, -2.0046918542580556 
0, 'BL', 10, 11, 'BL', -12.062698546578304, -0.6707575666948173, 12.182695407159656, 0.9516569818301832 
0, 'BL', 13, 14, 'BL', 10.640201873368383, 1.6121808090588559, -10.446567766478765, -1.2179343813999992 
0, 'BL', 1, 2, 'BL', 49.81676438758063, -1.8662418522796997, -49.341428848210455, -1.9753284870955667 
1, 'BL', 5, 6, 'BL', 3.236231869843399, 11.467736714272803, -3.236231869843399, -11.148431012446565 
0, 'BL', 2, 3, 'BL', 43.29838886488706, -15.127994911106555, -42.331609767115665, 14.810837182109992 
0, 'BL', 4, 5, 'BL', -43.389143143883416, 13.186509706411925, 43.6713934795896, -12.296205463971091 
1, 'BL', 9, 14, 'BL', 3.1657346757794755, 4.882697785785183, -3.1228674778377012, -4.791513512482595 
0, 'BL', 2, 5, 'BL', 23.80630010195202, -3.443759839792733, -23.4794837073853, 1.0397925458539703 
1, 'BL', 9, 10, 'BL', -2.2585100836197967, 5.388477001514502, 2.269324627956337, -5.359749274496835 
1, 'BL', 3, 4, 'BL', -9.99510415164275, 15.160429909898312, 10.226767974835127, -15.838968744103397 
0, 'BL', 7, 9, 'BL', 23.1222992217343, 7.325358308369346, -23.1222992217343, -6.691665008278505 
0, 'BL', 6, 13, 'BL', 19.699971475147834, 6.175765050478503, -19.434889371353222, -5.653735637608861 
0, 'BL', 2, 4, 'BL', 34.04157106815623, -6.0522737163450415, -33.35212567691812, 4.80292252780248 
1, 'BL', 1, 5, 'BL', 32.64220938405599, -0.4804843019653049, -32.07122637956226, -2.046739999038948 
1, 'BL', 10, 11, 'BL', -12.551314995012376, -0.617759393713186, 12.681347132730139, 0.9221502857479322 
0, 'BL', 4, 9, 'BL', 7.889997772816843, 2.890627917814612, -7.889997772816843, -2.511540229365238 
1, 'BL', 6, 11, 'BL', 17.37866586860173, 2.9979294105287977, -17.1009448436904, -2.4163468473064427 
1, 'BL', 12, 13, 'BL', -5.13051909598957, -1.2545690893842902, 5.1933115588931, 1.311381317725619 
1, 'BL', 2, 4, 'BL', 34.119566778593736, -5.96243962033202, -33.42745431296581, 4.721892767298414 
0, 'BL', 9, 10, 'BL', -1.7707058626252206, 5.333294233178094, 1.7806925637257223, -5.306765586746451 
0, 'BL', 3, 4, 'BL', -10.080655751188885, 15.102298964170359, 10.312222210886716, -15.781404650778086 
0, 'BL', 9, 14, 'BL', 2.095670741611883, 4.49862776425681, -2.0645471836944296, -4.432423786680488 
0, 'BL', 6, 11, 'BL', 16.864189982664016, 2.9943565249022868, -16.602220229119297, -2.445759094074276 
1, 'BL', 13, 14, 'BL', 9.544857538744807, 1.177726480106088, -9.388233576666764, -0.8588341190086055 
1, 'BL', 2, 3, 'BL', 43.30026432089406, -15.108846600046093, -42.33362940049955, 14.791313338434918 
0, 'BL', 4, 7, 'BL', 8.724277231813598, -0.9615164026009211, -8.724277231813598, 1.1199326510560468 
0, 'BL', 6, 12, 'BL', 7.762214020371005, 1.8744548777432897, -7.688528708148084, -1.721095185938509 
0, 'BL', 7, 8, 'BL', -14.398003076369658, -8.445210048110198, 14.398003076369658, 8.925770687298268 
1, 'BL', 7, 9, 'BL', 23.493238982072043, 7.713704081071455, -23.493238982072043, -7.054476194479662 
0, 'BL', 5, 6, 'BL', 3.6957134221564014, 11.512987507281423, -3.6957134221564014, -11.18424062538395 
--end of line flow
