--generation dispatch
bus id,unit id,pg(MW),qg(MVar) 
101, 1, 18.02814031983248, 3.37982645421826
101, 2, 21.684043724839245, 4.87430198620099
101, 3, 47.41559164810013, 4.531118007190417
101, 4, 47.4155897173165, -5.857776704892868
102, 5, 10.97135631999506, 3.7254301572847908
102, 6, 16.043011501147433, 5.081097773127457
102, 7, 63.5311604185552, 0.4334527764439315
102, 8, 66.91331406319428, -7.146253051755942
107, 10, 39.49472674391895, 18.005316466957332
107, 11, 14.547320775359278, -3.4119499468978702
107, 9, 50.97646877639737, -1.2533777668383723
113, 12, 152.42499967110993, -10.724059887359557
113, 13, 27.24080149703874, -22.258291934140143
113, 14, 83.34220749009837, -24.85443890467471
114, 15, -1.1053238491540642e-14, -6.224229055604302
115, 16, 7.929272217369648, 4.297382729949381
115, 17, 4.209264524183004, 3.270443267565609
115, 18, 4.47855139689029, 3.4967056496741398
115, 19, 0.3775198348947566, 2.4031184516816557
115, 20, 5.808119885301793, 2.1982302888671037
115, 21, 74.92532594248145, 26.199214082209966
116, 22, 86.55965065891611, -48.826838175315274
118, 23, 452.66878397425324, 85.48923877909081
121, 24, 493.2712263544133, 72.89168769374724
122, 25, 59.00491144847834, 6.719551270264105
122, 26, 56.5211157232035, 9.658130228994404
122, 27, 51.54037196994536, 8.350648216715419
122, 28, 44.13107577119731, 9.792370102666066
122, 29, 41.02071210150384, 8.091691550457227
122, 30, 56.07913778736034, 5.198031828831912
123, 31, 72.62333743897699, -14.000156868575441
123, 32, 19.91793695428677, -54.505207793212314
123, 33, 71.16571158795637, -4.721111055008311
201, 34, 14.770532488334034, -0.924415809485729
201, 35, 14.838417394296302, -2.5091637389707593
201, 36, 2.1315488805358562, -0.4666129331242076
201, 37, 20.589746761439315, -27.76572498745749
202, 38, 15.184507287801253, 1.223396628672717
202, 39, 10.87646127610966, 5.010486431739511
202, 40, 5.385301116573786, -4.76090837946421
202, 41, 33.10681586821942, -29.599392330308664
207, 42, 41.41829121141903, 10.07668575334632
207, 43, 53.29021844188404, 19.707518528303126
207, 44, 39.1530390304021, -0.5426810379331586
213, 45, 37.528212903907814, 25.25233603297474
213, 46, 46.38741948012477, 11.402627385135187
213, 47, 20.123682732754247, -6.2694100033749764
214, 48, -1.1747069858611398e-14, 115.44555875000529
215, 49, 2.315192483640202, 3.2178545913722565
215, 50, 5.385482195145124, 3.291114157588672
215, 51, 3.2518015407536494, 2.3683614838265354
215, 52, 1.6053337164362775, 2.4282438333850083
215, 53, 3.6235763250056645, 5.156688395265846
215, 54, 27.60148333003946, 5.363760077217427
216, 55, 48.21167491582357, 33.98210152981012
218, 56, 308.3792104412826, 75.73679953696383
221, 57, 500.8875924432467, 57.479080732422986
222, 58, 36.99204801921457, 5.326313565516091
222, 59, 45.544629328555466, 5.991640237185594
222, 60, 41.07704891231567, 2.2954810018585827
222, 61, 42.50563883562296, -2.76898663539366
222, 62, 40.0598449969171, 0.5106585671967854
222, 63, 62.31069315564543, 7.080371012195591
223, 64, 24.59081537103575, 23.571580120280988
223, 65, 2.1711895694010392, 27.16892165145966
223, 66, 260.69080020225084, 11.214446314145802
301, 67, 9.712731542676185, -0.622132553134909
301, 68, 13.513412700225732, 0.43217324390763856
301, 69, 3.8102219949027614, -30.53489766908501
301, 70, 27.070920469215405, -17.44471278252029
302, 71, 19.920483541828307, -1.6648244363129212
302, 72, 20.6145558395839, 1.74982657015188
302, 73, 13.789836745754613, -27.926784446279477
302, 74, 8.993555993240898, -43.619593758026795
307, 75, 49.97644066451772, 5.400110851465769
307, 76, 69.43682596776343, 8.737520791626055
307, 77, 6.91249190121653, 5.21268732901757
313, 78, 42.49573652485313, 41.739745358913375
313, 79, 117.04258137400221, -5.753602348667258
313, 80, 77.18978044800203, -8.213181411251922
314, 81, -1.158358195257652e-14, 69.47293905835879
315, 82, 3.3701292051140475, 2.5329725916923427
315, 83, 4.652866103178557, 2.373543775708997
315, 84, 7.354731363359591, 2.3014279417694965
315, 85, 2.714601863189497, 3.7965915407243194
315, 86, 3.5562449122358215, 1.359696971744733
315, 87, 66.00582273872189, 50.15867065270034
316, 88, 40.237517499380786, 44.4129310865868
318, 89, 312.2194423600235, 84.74272706157322
321, 90, 516.6775878766375, 106.1116824765297
322, 91, 63.63040628485579, 3.2315080081379377
322, 92, 58.46651724182265, 3.4899227767747196
322, 93, 46.52576851301091, -0.4417453445126343
322, 94, 49.410621715860536, 2.781417954805915
322, 95, 57.153944746742134, 3.697387811360727
322, 96, 39.67736177487494, 0.03184626739264284
323, 97, 60.6441229525661, 49.95818109841552
323, 98, 104.08642501683235, 32.41873757909328
323, 99, 33.01038032003326, 89.67136008945296
--end of generation dispatch
