--generation dispatch
bus id,unit id,pg(MW),qg(MVar) 
101, 1, 12.386334647224801, 1.4219106343795824
101, 2, 14.88741622964423, 2.0738968313997703
101, 3, 3.7746259652785166, -34.51221301330404
101, 4, 63.43546569691648, -22.75595939815163
102, 5, 17.714640954504958, 2.970824686655966
102, 6, 9.654520777506525, -4.752640338070385
102, 7, 27.28534148241296, -13.851116549553877
102, 8, 23.17463259171859, -16.015654630656968
107, 10, 33.12621678448883, 20.16152621061504
107, 11, 52.602284660000635, -10.776772725333243
107, 9, 29.659526188768563, 3.7431398087620025
113, 12, 53.73008406100695, -16.856509157972013
113, 13, 58.11901103575846, -32.3599340100006
113, 14, 47.41704447457698, 25.070987857599867
114, 15, -1.2995768072284258e-17, 4.177701990303297
115, 16, 3.862527605288164, 2.625287046216987
115, 17, 3.4472899681104363, 1.4555147698466724
115, 18, 1.2456970246657466, 3.670797686182571
115, 19, 2.9560238177312432, 4.790714322555663
115, 20, 1.4296112165376118, 2.6088612756088585
115, 21, 88.376080125397, 33.526311275653995
116, 22, 56.828407700486466, 7.902339022265877
118, 23, 448.6714085756488, 78.62865141837088
121, 24, 468.87075435432206, 136.13480203228698
122, 25, 52.149454667322686, 2.6017195383424285
122, 26, 39.725831635386086, 4.270993610884884
122, 27, 51.0342868814211, 5.089213938776807
122, 28, 43.302102603573694, -3.923316748187138
122, 29, 56.49374988171865, 4.599547339645236
122, 30, 40.199366870891645, 1.9366870464906174
123, 31, 67.81527408251057, 14.62733409332898
123, 32, 67.8152740293319, -22.05754986694158
123, 33, 172.3949142235179, 5.73652878558864
201, 34, 15.729073691233392, -2.743211466155382
201, 35, 13.58976329947401, 0.9199523916003612
201, 36, 29.585018995763754, -11.087705669206576
201, 37, 39.151723545081744, -21.626457375818582
202, 38, 17.755215896642994, 4.321988304509348
202, 39, 14.02217860035175, 4.673069394760631
202, 40, 14.817641775418002, -10.649892439104628
202, 41, 42.4078962318406, -33.044314187457246
207, 42, 47.400232319390724, -15.298633670256422
207, 43, 12.357319686465555, 25.67324679114769
207, 44, 20.272766020984, 13.287872411593241
213, 45, 28.920795809888727, -9.141904700308606
213, 46, 51.17499635572446, -19.495092288934586
213, 47, 91.0827588604892, -12.336075457454657
214, 48, -7.097128485843202e-18, 5.433087562510405
215, 49, 1.109767643600686, 4.899816243149308
215, 50, 1.7572987773045274, 2.8793683061733737
215, 51, 2.36442236735552, 5.106868362596976
215, 52, 8.57034174456943, 2.5797256236402712
215, 53, 7.546394541166286, 2.409679545097022
215, 54, 87.32592070123391, 86.03279427656318
216, 55, 90.95593990038331, 45.17921406625002
218, 56, 474.19166276295215, 72.89758132707726
221, 57, 317.74588640843695, 55.60411078514366
222, 58, 50.89306640448027, -2.5549439520391846
222, 59, 59.09131292728684, 7.882809172339843
222, 60, 64.16070210989542, 2.7966522325486576
222, 61, 35.06222840640671, 8.496678505331563
222, 62, 49.19230267414801, 1.6347883013228328
222, 63, 44.61941992640473, 1.0868716896177157
223, 64, 94.34148548751854, -20.00049178392273
223, 65, 94.34148715292751, 27.135327984636547
223, 66, 122.90924292611024, 31.996827051092083
301, 67, 20.70457452536104, -0.8211284372996219
301, 68, 10.010950296638272, 0.4074181645302722
301, 69, 13.135862787276894, -9.296312316134081
301, 70, 13.38379148962966, -12.830089617359427
302, 71, 14.15011122451671, 3.6421608768047866
302, 72, 18.510398581377423, 1.819927576286923
302, 73, 10.976234084845432, -9.76305171884925
302, 74, 31.85232836896813, -32.59517979137472
307, 75, 15.519293726097768, -3.7724880574976836
307, 76, 49.06464451123509, -10.314801395688322
307, 77, 17.93774459268579, 21.225109785573334
313, 78, 52.06805026758598, -4.107828562928592
313, 79, 96.11103827659169, 6.129343882853006
313, 80, 100.01687847013005, -13.34820841014027
314, 81, -1.7653511312387617e-17, -58.5470456221032
315, 82, 0.454822834158937, 3.3811019215436287
315, 83, 8.5194713905931, 3.232881788337242
315, 84, 3.4417912491930682, 1.5839884852918034
315, 85, 4.637137461878096, 2.7306802286875453
315, 86, 1.9239083208664467, 1.2997423591630368
315, 87, 60.669741853642314, 62.269897894610104
316, 88, 62.81975723000047, 68.32777264789402
318, 89, 279.99588469107573, 63.81899790890668
321, 90, 303.109474033756, 25.00898081858942
322, 91, 60.572975021878385, 4.378676898589888
322, 92, 43.81262388787989, -0.9778497376944916
322, 93, 56.47124384306197, 5.7169729391491835
322, 94, 54.026671890260765, 4.001573577449429
322, 95, 51.341865372469776, -0.5511830032239475
322, 96, 46.62596512362187, 8.349407489503747
323, 97, 82.92656556971805, -22.01805568065769
323, 98, 71.44204130866984, -28.98665769494557
323, 99, 136.50663341631233, 16.556048353216024
--end of generation dispatch
