--generation dispatch
bus id,unit id,pg(MW),qg(MVar) 
101, 1, 15.292940151834728, 5.76970950892274
101, 2, 20.121712979264327, 7.569048653193185
101, 3, 43.55705674725207, 2.007483098154415
101, 4, 43.557052157417324, 1.1520737240577381
102, 5, 10.886571996452815, 4.0397860668397465
102, 6, 10.990768908372564, 3.320400054155436
102, 7, 57.2761646313248, -2.8988056733842247
102, 8, 63.13414766369115, -20.030763845402205
107, 10, 25.306813907768046, 9.763335833612672
107, 11, 31.296496621756535, 2.9767711099842815
107, 9, 32.73516033888283, -1.1234126242889284
113, 12, 33.317301439740135, 8.532822816384098
113, 13, 125.64260873081237, 53.920450847935534
113, 14, 78.16188849100621, 20.977724691937397
114, 15, 6.885661604444301e-14, -126.85023390199139
115, 16, 5.588787676982589, 2.236027629106568
115, 17, 0.568751755652829, 3.3961055808200578
115, 18, 2.6887716560021317, 3.358614230993402
115, 19, 7.15038614052205, 3.2585951455286586
115, 20, 5.935545857838962, 2.228838792882142
115, 21, 83.03960895359222, 63.83987127386883
116, 22, 91.64705085451033, -60.83511967886308
118, 23, 354.42025378771257, 156.0521300910044
121, 24, 452.6392604761321, 133.54907354691628
122, 25, 63.75860910466755, 0.02099677549929655
122, 26, 37.930387010098194, 0.33110833020690933
122, 27, 44.09388002543593, -4.230327197446932
122, 28, 60.89572665118496, -4.194989893968178
122, 29, 51.67911814129795, -4.498490124502641
122, 30, 55.943403423995484, -8.519630940561054
123, 31, 102.95592273668797, -34.10713540588566
123, 32, 31.532620810329927, -31.274631347904258
123, 33, 185.68900052957625, 32.14589156839998
201, 34, 18.036711706864402, 4.349130699153138
201, 35, 15.607114461113525, 6.902238910700951
201, 36, 3.13223469030506, -4.791347981283401
201, 37, 13.384353730881505, -3.770738464693148
202, 38, 15.836892926443939, 3.091855269076296
202, 39, 20.599426666338694, -2.157522571224788
202, 40, 0.9500244832401183, -2.090350150593153
202, 41, 12.714806943471602, -30.573316151095693
207, 42, 38.19828677581602, 16.219134658215943
207, 43, 3.516888846604593, 20.638225155289923
207, 44, 7.920305385447923, 3.782727803377965
213, 45, 105.12654824234006, 31.170887287824403
213, 46, 46.53632449093647, -1.6031361861404378
213, 47, 108.49364935194754, -7.248437054303402
214, 48, 7.284432554317813e-14, 11.730359271301774
215, 49, 4.593980386287924, 1.9776303299042128
215, 50, 6.950317085376556, 3.589710493205387
215, 51, 4.631801823333818, 4.933097480213532
215, 52, 0.8816963067999175, 2.0016289527237237
215, 53, 3.3153222202085426, 4.455477263968009
215, 54, 13.654246066427635, 32.596924854181495
216, 55, 22.412295334939525, 41.59752654080438
218, 56, 288.2518549410381, 19.129858478288224
221, 57, 269.3212694603541, 41.39334559810933
222, 58, 45.60993094523575, 1.6623738694098738
222, 59, 53.98558183168198, 2.0321927916771445
222, 60, 47.21581324297142, 0.2725121623116743
222, 61, 58.661948631658674, 11.860210263479658
222, 62, 51.063513537544274, 2.6042933898550267
222, 63, 57.291279545194925, 3.8252720978577894
223, 64, 100.54314082453206, 14.990308181886476
223, 65, 54.437305529097365, 24.38230837243337
223, 66, 210.91760381717768, -17.393383019945894
301, 67, 19.22137830984765, -3.7885233725774006
301, 68, 14.358462280858317, 0.467433212100839
301, 69, 43.813107676931835, -35.3358320390359
301, 70, 31.84166920548381, -24.969410730900563
302, 71, 10.617325076030422, 2.147833045162753
302, 72, 14.049282669168251, -4.527180991601303
302, 73, 35.436879779451154, -28.76195086016858
302, 74, 30.083862259973785, -19.543020460838793
307, 75, 34.032998258438425, 24.90997013249992
307, 76, 24.756409575888565, 5.099032185131838
307, 77, 63.94570110710444, -15.833686337837909
313, 78, 71.46086226193518, 33.503108834390936
313, 79, 84.95953765226533, -19.514060781103307
313, 80, 51.07984634578358, 6.18772451862751
314, 81, 7.068366000037682e-14, 4.450895545448835
315, 82, 7.882931703617529, 3.2745822970329614
315, 83, 6.5455486870845885, 3.257938373209709
315, 84, 3.215831539774864, 1.8905285433862424
315, 85, 1.6435644066673447, 2.5314836320588427
315, 86, 0.39875875025807506, 3.195324703474843
315, 87, 82.44167618655608, 93.7779878739784
316, 88, 2.3437415714664307, 62.132868682957714
318, 89, 426.745678663154, 83.18818495801754
321, 90, 418.99427807136203, 82.8637167031621
322, 91, 62.452191957966726, 3.103056415973988
322, 92, 42.604699754850316, 1.2357926367729057
322, 93, 43.115119904508205, 6.120466134131181
322, 94, 58.16722226864223, 4.682501042396055
322, 95, 57.459428681289154, 3.188029767539633
322, 96, 51.932688593627255, 3.5077916360164503
323, 97, 29.80009055797181, -3.298170014854661
323, 98, 78.30620436385212, -39.149718308858695
323, 99, 85.67800742340908, 35.65427529450436
--end of generation dispatch
