--contingency generator
conID,genID,busID,unitID,q(MW) 
1, '1 ', 8, '1 ', 2.6385468975062762
1, '1 ', 1, '1 ', 2.523578079209212
1, '1 ', 3, '1 ', 28.20119215094048
1, '1 ', 2, '1 ', 18.611515980831918
1, '1 ', 6, '1 ', 0.5120359055689504
--end of contingency generator
--bus
contingency id,bus id,v(pu),theta(deg) 
0, 4, 1.069467738863361, 83.181192510145
1, 11, 1.0705930769869358, 106.1590706967439
0, 7, 1.096407848334374, 85.30640927574996
1, 10, 1.051877481338109, 104.02785070193534
1, 14, 1.0345751801993421, 103.57411889972661
0, 12, 1.083470345904021, 83.5471994510679
1, 4, 1.0692465964304598, 107.09563309314927
0, 13, 1.0746480566314036, 83.17916308702017
1, 12, 1.0513303867010018, 106.32807764237826
0, 14, 1.0393220562555976, 79.94609888437445
1, 8, 1.0999999985112863, 111.00240336690405
0, 6, 1.0999999994427259, 84.58254731591445
1, 5, 1.0712788873191845, 107.9964754738309
1, 6, 1.0999999994145813, 108.53681899940027
0, 5, 1.0713934948606827, 84.07670896951396
1, 7, 1.0963038697870169, 109.22217096167427
0, 3, 1.0604220839800227, 79.84058333243144
0, 8, 1.0999999984399345, 87.08590394961065
1, 1, 1.0999999874448583, 110.84894084090578
1, 13, 1.0667343076639844, 106.65635248443112
1, 9, 1.0506990214539564, 103.27912689282238
0, 11, 1.0717023395429783, 82.27455067228834
0, 9, 1.0530172855399245, 79.50361550244861
1, 3, 1.0604220839743348, 103.75970191269977
1, 2, 1.0903420154648134, 109.30373991310873
0, 1, 1.0999999874388435, 86.9306906533616
0, 2, 1.0903420155480306, 85.38593710865037
0, 10, 1.0538772850788902, 80.21827029153604
--end of bus
--Delta
contingency id,Delta(MW) 
1, 0.002264773045646476 
--end of Delta
--line flow
contingency id,line id,origin bus id,destination bus id,circuit id,p_origin(MW),q_origin(MVar),p_destination(MW),q_destination(MVar) 
1, 'BL', 1, 2, 'BL', 54.89266699247946, -2.481694112705327, -54.40997479284715, -2.377527971899326 
1, 'BL', 2, 5, 'BL', 17.428491514308973, 4.363713759161897, -17.263236485467388, -7.901273956275077 
1, 'BL', 4, 9, 'BL', 13.875198123031472, 10.928738077330564, -13.875198123031472, -9.503774029112577 
1, 'BL', 4, 7, 'BL', -21.26792761513089, -1.176155346418227, 21.26792761513089, 1.9699241868175932 
1, 'BL', 6, 13, 'BL', 35.033992982717564, 10.784678047896023, -34.29940546246627, -9.338045904840214 
1, 'BL', 7, 8, 'BL', -21.267927615130994, -1.9699241868167974, 21.267927615130994, 2.638546897396168 
1, 'BL', 4, 5, 'BL', -40.25044413797286, 7.936337081030615, 40.44697521157957, -7.31641771701652 
0, 'BL', 12, 13, 'BL', 4.06943068543535, 0.29643954816179985, -4.038100226207973, -0.2680929421941869 
0, 'BL', 1, 5, 'BL', 28.22908270049635, 4.948766777228968, -27.84520510209157, -9.16448511790179 
0, 'BL', 10, 11, 'BL', -21.239770810462204, -0.3284735089961828, 21.573121997665254, 1.1088118700697578 
0, 'BL', 13, 14, 'BL', 19.100650752744315, 2.037802226249539, -18.554518999669043, -0.9258571451914293 
0, 'BL', 1, 2, 'BL', 54.87825188471106, -2.477399620554479, -54.395812140773614, -2.3825932489864954 
1, 'BL', 5, 6, 'BL', -4.731351277719712, 22.57185113503482, 4.731351277719712, -21.557307753067334 
0, 'BL', 2, 3, 'BL', 57.744708205122635, 2.9022228066617117, -56.414760081832725, -2.365335529553363 
0, 'BL', 4, 5, 'BL', -39.95631158175786, 8.10872924813566, 40.150330646044495, -7.4967335329961315 
1, 'BL', 9, 14, 'BL', 0.7192571817966495, 5.932932832637675, -0.6781329010560171, -5.845455977735185 
0, 'BL', 2, 5, 'BL', 17.429665245256388, 4.292007328219597, -17.2648292362243, -7.8312717087383135 
1, 'BL', 9, 10, 'BL', -15.416131722635612, 4.449738029011087, 15.490316056280733, -4.252674961013099 
1, 'BL', 3, 4, 'BL', -34.92039930658041, 8.61420696240532, 35.698991439022734, -8.078383181694676 
0, 'BL', 6, 13, 'BL', 26.42023092094331, 8.263402988313828, -26.001292347778417, -7.43838215798587 
0, 'BL', 2, 4, 'BL', 26.93260073575945, 2.500729533071649, -26.56805302520732, -5.360034144541601 
1, 'BL', 1, 5, 'BL', 28.225991466353534, 5.005272226952513, -27.841790433723077, -9.219051312893441 
1, 'BL', 10, 11, 'BL', -21.995327440520356, -0.44794985972885115, 22.35424046956257, 1.2881256731126882 
0, 'BL', 4, 9, 'BL', 13.403090296813884, 10.484157874206034, -13.403090296813884, -9.16205056318725 
1, 'BL', 6, 11, 'BL', 26.525107829682327, 4.106588723514221, -25.959587947740573, -2.9223193560872005 
1, 'BL', 12, 13, 'BL', -5.473306735311269, -2.0435128414425776, 5.5415298369781, 2.1052385048554356 
1, 'BL', 2, 4, 'BL', 27.00389650697889, 2.6153769095424195, -26.63695595412102, -5.466617017117073 
0, 'BL', 9, 10, 'BL', -14.667101839503744, 4.551876746523931, 14.734759426245773, -4.372151311763901 
0, 'BL', 3, 4, 'BL', -35.01959305752601, 8.519343266151054, 35.80126946087361, -7.975950178179005 
0, 'BL', 9, 14, 'BL', -0.5018805275053069, 5.581733078404454, 0.537883956028594, -5.5051489622521785 
0, 'BL', 6, 11, 'BL', 25.70894643462603, 3.8538906562749276, -25.17846947583186, -2.743005553051546 
1, 'BL', 13, 14, 'BL', 17.819133804233218, 1.5641345260798403, -17.338502142607155, -0.5855501296654495 
1, 'BL', 2, 3, 'BL', 57.731779498539936, 2.9039955896097354, -56.402413761974955, -2.36956192135483 
0, 'BL', 4, 7, 'BL', -21.261133295914725, -1.1129831865388269, 21.261133295914725, 1.9056655769325062 
0, 'BL', 6, 12, 'BL', 9.643815486237116, 2.5503240431447693, -9.54273742073974, -2.339952389618702 
0, 'BL', 7, 8, 'BL', -21.261133295911446, -1.9056655769330746, 21.261133295911446, 2.5733731279458425 
0, 'BL', 5, 6, 'BL', -4.429699293056961, 22.627598508474932, 4.429699293056961, -21.61373691982226 
--end of line flow
