--contingency generator
conID,genID,busID,unitID,q(MW) 
1, '1 ', 8, '1 ', 6.511035316924612
1, '1 ', 1, '1 ', -1.8700302377128164
1, '1 ', 3, '1 ', 19.705590150616022
1, '1 ', 2, '1 ', 9.76175416321562
1, '1 ', 6, '1 ', 2.1863451439235884
--end of contingency generator
--bus
contingency id,bus id,v(pu),theta(deg) 
0, 4, 1.054494761702075, 67.70809931783222
1, 11, 1.078576698285437, 49.56380330423954
0, 7, 1.078109612637479, 68.22947425806632
1, 10, 1.0674398269875682, 47.46309651370884
1, 14, 1.0534986534597461, 47.0883934023527
0, 12, 1.0853649708281443, 71.47105206102316
1, 4, 1.0542993857503498, 47.13791746460037
0, 13, 1.0775682414636074, 71.10229634552095
1, 12, 1.056205180731735, 49.76847233936953
0, 14, 1.0568935119480043, 67.88473191327354
1, 8, 1.0876923842900852, 49.36451507870228
0, 6, 1.0999999528844437, 72.51004126318273
1, 5, 1.0569899261788724, 48.13385006625721
1, 6, 1.099999966153728, 52.01870540472781
0, 5, 1.057076703302634, 68.693097847946
1, 7, 1.0776515646783138, 47.612653845883685
0, 3, 1.0437662477129335, 64.95953293466766
0, 8, 1.087692385269448, 69.98008850795175
1, 1, 1.070573494091014, 49.39384704160086
1, 13, 1.070758237028186, 50.13788292448728
1, 9, 1.0716466833992413, 46.75355468794398
0, 11, 1.0790549748294629, 70.11688851224659
0, 9, 1.0725230837051227, 67.39657990710818
1, 3, 1.043766247257861, 44.3951214925258
1, 2, 1.0664454126144307, 48.7304069061831
0, 1, 1.07057349463574, 69.95671356880226
0, 2, 1.0664454158699561, 69.29430480088496
0, 10, 1.0682325384402673, 68.07868701455452
--end of bus
--Delta
contingency id,Delta(MW) 
1, 0.0019451046424171885 
--end of Delta
--line flow
contingency id,line id,origin bus id,destination bus id,circuit id,p_origin(MW),q_origin(MVar),p_destination(MW),q_destination(MVar) 
1, 'BL', 1, 2, 'BL', 22.425064204488194, -2.7723115939420495, -22.34002020653486, -2.996300770202879 
1, 'BL', 2, 5, 'BL', 7.821525997508303, 1.3051202726343263, -7.785529170739409, -5.095557590087992 
1, 'BL', 4, 9, 'BL', 1.4063449731439694, 3.209366813673597, -1.4063449731439694, -3.1516825918221514 
1, 'BL', 4, 7, 'BL', -4.602913416312056, 0.20679786751145457, 4.602913416312056, -0.1685958130490235 
1, 'BL', 6, 13, 'BL', 33.75621282190849, 8.037702989477907, -33.09794561749817, -6.741369373173711 
1, 'BL', 7, 8, 'BL', -20.342822190265373, -5.831756143191001, 20.342822190265373, 6.511035789271546 
1, 'BL', 4, 5, 'BL', -43.62212695871506, 7.49291626321974, 43.85741252054686, -6.750753341217205 
0, 'BL', 12, 13, 'BL', 3.8074229362833307, 0.037602972404670254, -3.7802342618027183, -0.013003695493637224 
0, 'BL', 1, 5, 'BL', 12.079535844710477, 0.8560736484767517, -12.004380828469195, -6.11413331456896 
0, 'BL', 10, 11, 'BL', -20.087642891308207, 2.9417881785906843, 20.384003678639942, -2.2480402636265353 
0, 'BL', 13, 14, 'BL', 17.534948502946108, -1.6949424262859338, -17.078095350510267, 2.625112870975073 
0, 'BL', 1, 2, 'BL', 22.39357795058811, -2.7624056393642604, -22.308771703524144, -3.0069326347424976 
1, 'BL', 5, 6, 'BL', -33.53760177349429, 16.48691003870863, 33.53760177349429, -13.75042087643078 
0, 'BL', 2, 3, 'BL', 43.33826190620887, 1.0480102227253383, -42.557071137649075, -2.633425561684703 
0, 'BL', 4, 5, 'BL', -43.09885565782304, 7.589098717514844, 43.3287801198411, -6.863846350804124 
1, 'BL', 9, 14, 'BL', 0.7736972867855627, 6.836344512710298, -0.7213068959582927, -6.724903132237614 
0, 'BL', 2, 5, 'BL', 7.8539657292832885, 1.241827950608922, -7.8179197063959975, -5.032432447297197 
1, 'BL', 9, 10, 'BL', -12.889975402270466, 10.291454626643144, 12.965334189526914, -10.091271743173365 
1, 'BL', 3, 4, 'BL', -28.62490302012165, 4.826969734326667, 29.14766259025106, -4.901364453600081 
0, 'BL', 7, 9, 'BL', 15.278805072737557, 5.585911355894041, -15.278805072737557, -5.33543377726528 
0, 'BL', 6, 13, 'BL', 25.52880900745481, 6.252653305394688, -25.151143994090887, -5.508912998653841 
0, 'BL', 2, 4, 'BL', 18.14652175975732, -0.44141738238067774, -17.97713229744687, -2.868363968089284 
1, 'BL', 1, 5, 'BL', 12.057775082988073, 0.9022813341156848, -11.982706539953782, -6.16024667194597 
1, 'BL', 10, 11, 'BL', -20.6720494083238, 3.0443212830485322, 20.98644541581325, -2.3083549069548326 
0, 'BL', 4, 9, 'BL', 1.140964864143804, 3.0763179933742038, -1.140964864143804, -3.025757696674873 
1, 'BL', 6, 11, 'BL', 25.62551202261068, 0.1585411699855399, -25.110035905569106, 0.9209302943181683 
1, 'BL', 12, 13, 'BL', -5.462084295385353, -1.6413201290314987, 5.526501187715951, 1.699602079235376 
1, 'BL', 2, 4, 'BL', 18.242324854282288, -0.3529285580796113, -18.071015238791233, -2.950326151608806 
0, 'BL', 9, 10, 'BL', -12.31038377548606, 10.176131267017126, 12.380927675025532, -9.988738638564428 
0, 'BL', 3, 4, 'BL', -28.72537055617289, 4.750340218889505, 29.251156992262963, -4.817273136654876 
0, 'BL', 9, 14, 'BL', -0.5323781424367553, 6.46531655821417, 0.5788811240719269, -6.366398485879017 
0, 'BL', 6, 11, 'BL', 24.99814227480337, 0.16665344313571495, -24.50759416744583, 0.8606156509200105 
1, 'BL', 13, 14, 'BL', 16.17501467402535, -2.1750918274753417, -15.777907334224068, 2.9836175186801768 
1, 'BL', 2, 3, 'BL', 43.34310422833268, 1.047240255676229, -42.56174228295548, -2.6319344053005125 
0, 'BL', 4, 7, 'BL', -5.058181944548977, 0.07761073475307967, 5.058181944548977, -0.031577069774129995 
0, 'BL', 6, 12, 'BL', 9.362097960023476, 1.8716302410854837, -9.269507230425688, -1.6789231014026882 
0, 'BL', 7, 8, 'BL', -20.33698701728648, -5.554334286120138, 20.33698701728648, 6.2278900180562005 
1, 'BL', 7, 9, 'BL', 15.739908773953246, 6.000351956240593, -15.739908773953246, -5.731564063233691 
0, 'BL', 5, 6, 'BL', -32.954904546809495, 16.49076454930696, 32.954904546809495, -13.830380471509216 
--end of line flow
