--generation dispatch
bus id,unit id,pg(MW),qg(MVar) 
101, 1, 14.033341434509003, 5.7696387458242855
101, 2, 9.72758353425338, 6.884953817052936
101, 3, 41.124796838919195, -4.335819526314265
101, 4, 41.12479110488731, 4.327690347591241
102, 5, 22.156808846637052, 4.372186587090834
102, 6, 13.223390821999915, 3.009616944250901
102, 7, 59.68126681385267, 2.3196524999153763
102, 8, 59.68128597249298, -4.613802695242024
107, 10, 59.45871965674353, 13.83990637852011
107, 11, 38.868445668546585, 19.553182425804234
107, 9, 37.30131354829333, -7.819158615893462
113, 12, 104.26596179567379, -26.54997900022215
113, 13, 115.57530484166736, 9.852603775302832
113, 14, 69.98441808700862, -31.1005052355881
114, 15, 3.21826540508934e-13, -42.68772176591705
115, 16, 0.05962773971063093, 2.7113837422338753
115, 17, 4.800027739320918, 4.362796696138585
115, 18, 8.126049082897485, 2.189642526524253
115, 19, 3.088361745208515, 4.908855035550492
115, 20, 3.148333831906231, 3.94405196512381
115, 21, 73.37648079287388, 61.94054429734705
116, 22, 59.67520574409929, -28.496048124585737
118, 23, 287.82829822170794, 110.4108210058653
121, 24, 492.1383985981291, 101.5566255836438
122, 25, 60.31301678106924, -2.930940789145222
122, 26, 61.11434149737274, -2.02296380743281
122, 27, 38.23584652454395, 1.8843462696837079
122, 28, 38.72456600372483, -2.185821413445568
122, 29, 42.61450977013249, -2.5435953818226653
122, 30, 42.57244245097776, -4.038330591217116
123, 31, 38.27328296356007, -28.86143129647926
123, 32, 105.91595923817245, -30.918610138677916
123, 33, 35.353656668190396, -12.868090765116802
201, 34, 18.692123681082364, 6.870294822507751
201, 35, 12.554108011385072, 9.33970479127873
201, 36, 48.33117036569749, 22.81354116048509
201, 37, 48.33127233197527, 28.811652189454033
202, 38, 17.164238529816, -0.997156220272258
202, 39, 15.9949693852824, -0.19992471212692647
202, 40, 45.39328718584342, -24.51706718504201
202, 41, 45.39323627270856, -19.230449445318083
207, 42, 42.34079558648678, -1.9659002401903332
207, 43, 0.22148148171020549, 21.609587612173367
207, 44, 52.72471385439267, -6.664720865267625
213, 45, 119.21727843857664, 26.825190683646678
213, 46, 68.2549236341879, 32.974121281586946
213, 47, 108.0311654533225, -8.126252667792556
214, 48, -3.890740061401332e-12, 31.95822965034326
215, 49, 8.875485455881533, 4.680211423465038
215, 50, 7.409563192096232, 6.120386501276608
215, 51, 3.336644380922712, 5.483225021573047
215, 52, 2.305684012000618, 2.5517707353992054
215, 53, 6.2302946988420205, 2.9125155936011216
215, 54, 103.78494039149557, 86.3392996397982
216, 55, 34.294887083281836, 6.812774286216074
218, 56, 481.70373381199175, -67.58003785847316
221, 57, 331.7636431298274, 154.9868081063853
222, 58, 51.953405783911926, -1.247067765078462
222, 59, 53.34008790965168, -4.422085684387375
222, 60, 48.297115475339574, -4.768861192840014
222, 61, 47.997127593895186, 0.592998871149096
222, 62, 53.43598048615247, 4.928624853784416
222, 63, 41.24635248159035, 4.8310191440908214
223, 64, 31.6656084919235, -18.248742045512284
223, 65, 31.665001648096215, -23.857510820781844
223, 66, 201.91204732321287, -64.7324427458261
301, 67, 13.604026691682728, -1.9152379369416117
301, 68, 10.843144652030013, 0.34998646637861197
301, 69, 30.8625748656654, -34.185448385448446
301, 70, 18.26600285234678, -43.07277095610892
302, 71, 20.825371832132106, -1.593438063712705
302, 72, 15.36896686946846, 0.3344491938313935
302, 73, 18.691088877527772, -19.83239690458144
302, 74, 18.69198322982318, -9.71864442996887
307, 75, 62.475236636295605, 2.578672651194814
307, 76, 54.18211482063783, 10.279172154608386
307, 77, 34.35544594371941, 10.831964030452662
313, 78, 45.44021031310638, -0.5493053098328973
313, 79, 44.28990499856275, 49.38077110883863
313, 80, 47.39128916115573, 41.20901867449341
314, 81, 2.907043657503767e-12, 72.53082066278098
315, 82, 5.00350594275857, 5.252291299312205
315, 83, 4.834863063373195, 3.3810811930360356
315, 84, 8.265908283415474, 2.8059048574538195
315, 85, 1.121007820277779, 4.530656758344969
315, 86, 6.084507688371958, 3.1142982906558236
315, 87, 94.33684552693177, 54.0918929072049
316, 88, 99.48947416998729, 33.78228153677967
318, 89, 498.60794664541265, -16.07933454388606
321, 90, 316.55722624822386, 96.99795534581285
322, 91, 62.50120660025069, 4.802738445590525
322, 92, 41.58030360439236, 2.7505039068152835
322, 93, 49.42107122592073, 4.133682018931066
322, 94, 56.39884173605035, 6.7462397474158
322, 95, 50.42420686423222, 5.382481357277539
322, 96, 54.744539942735834, -0.108615118263523
323, 97, 84.18599928331051, 28.989941743629814
323, 98, 84.18734720974635, 27.78537179606127
323, 99, 127.5794335309934, 43.068196653642794
--end of generation dispatch
