--contingency generator
conID,genID,busID,unitID,q(MW) 
1, '1 ', 8, '1 ', 3.4753020176680924
1, '1 ', 1, '1 ', 0.8507506323719197
1, '1 ', 3, '1 ', 23.491086544318282
1, '1 ', 2, '1 ', 14.204595896748952
1, '1 ', 6, '1 ', -6.233621864474016
--end of contingency generator
--bus
contingency id,bus id,v(pu),theta(deg) 
0, 4, 1.0700536968162602, 19.080628725451636
1, 11, 1.0889296812695537, 78.55705733764721
0, 7, 1.095019674475468, 17.36788617929962
1, 10, 1.085806305435887, 77.74699402638282
1, 14, 1.0651602452206534, 76.78104475019131
0, 12, 1.0869380094852303, 16.948529203368725
1, 4, 1.0698731953414926, 80.99737258581106
0, 13, 1.081509687897732, 16.74434528101941
1, 12, 1.0617711078716872, 78.01686700731406
0, 14, 1.0683084220803838, 15.039609383684004
1, 8, 1.099999999443579, 80.14420339406287
0, 6, 1.100000000335422, 17.760028834289642
1, 5, 1.0704456153635509, 81.70767298202392
1, 6, 1.0999999999969439, 79.73654619289175
0, 5, 1.0705189350908075, 19.782992316630022
1, 7, 1.0945687384889873, 79.24778604672417
0, 3, 1.0887900327208324, 20.761270286833827
0, 8, 1.0999999997512215, 18.26352825214865
1, 1, 1.0971998169380603, 84.34417589599653
1, 13, 1.0754375042871813, 78.35232728235083
1, 9, 1.0922271180316947, 77.7621335289825
0, 11, 1.0893451772882863, 16.629386425008082
0, 9, 1.0930785493779678, 15.903121377667832
1, 3, 1.0887900324921647, 82.68239844580128
1, 2, 1.0972878954036318, 84.3177122918491
0, 1, 1.0971998171422754, 22.42207481969594
0, 2, 1.0972878956120873, 22.396360075718523
0, 10, 1.0865453964232596, 15.86738436279806
--end of bus
--Delta
contingency id,Delta(MW) 
1, 0.001615338049531464 
--end of Delta
--line flow
contingency id,line id,origin bus id,destination bus id,circuit id,p_origin(MW),q_origin(MVar),p_destination(MW),q_destination(MVar) 
1, 'BL', 1, 2, 'BL', 0.8004934448017593, -3.603451959034601, -0.8003611699465409, -2.75296893844893 
1, 'BL', 2, 5, 'BL', 32.999245965305164, 4.748817643570419, -32.462106513908026, -7.1741385739746875 
1, 'BL', 4, 9, 'BL', 12.236551877813872, 2.7025685485731117, -12.236551877813872, -1.9860944154870879 
1, 'BL', 4, 7, 'BL', 17.481803054015668, -0.06203643870117048, -17.481803054015668, 0.596092171866303 
1, 'BL', 6, 13, 'BL', 25.919782431706494, 7.843728637858931, -25.518859199500753, -7.054185637716273 
1, 'BL', 7, 8, 'BL', -10.69357647816806, -3.2912466630990593, 10.69357647816806, 3.475302016152341 
1, 'BL', 4, 5, 'BL', -30.994432126727474, 8.580725252149023, 31.115062402125204, -8.200220316045034 
0, 'BL', 12, 13, 'BL', 2.413846179886548, 0.2876949229776642, -2.402795971483272, -0.2776971153747354 
0, 'BL', 1, 5, 'BL', 26.034895546978078, 4.415402078998227, -25.706260879293282, -8.839424111459152 
0, 'BL', 10, 11, 'BL', -7.483195896906238, 1.667386097435724, 7.524046697548869, -1.5717588789175352 
0, 'BL', 13, 14, 'BL', 9.638320559282846, -0.48448823316510925, -9.502221171904495, 0.7615917772790795 
0, 'BL', 1, 2, 'BL', 0.7764724196729276, -3.595596450835046, -0.7763473086702106, -2.7608463213382493 
1, 'BL', 5, 6, 'BL', 17.242992134613154, 22.421172864642983, -17.242992134613154, -20.89274915932475 
0, 'BL', 2, 3, 'BL', 17.414860824726304, -1.8145960287089338, -17.296237146844504, -2.9186543337993953 
0, 'BL', 4, 5, 'BL', -30.582251605534225, 8.717570530291596, 30.700157986718864, -8.345657593086344 
1, 'BL', 9, 14, 'BL', 10.268009293952304, 6.169856716710285, -10.115110828266381, -5.844621195097773 
0, 'BL', 2, 5, 'BL', 33.02341205453024, 4.696469885499823, -32.485854957295004, -7.120787225156846 
1, 'BL', 9, 10, 'BL', 3.0613359135071505, 7.147001282942028, -3.0452166885070824, -7.104182216217396 
1, 'BL', 3, 4, 'BL', 21.552629065611, 3.1340470785137313, -21.28148928176887, -3.93327461171134 
0, 'BL', 7, 9, 'BL', 27.812439554926826, 2.2876923045628246, -27.812439554926826, -1.5732043213056386 
0, 'BL', 6, 13, 'BL', 19.230452627541922, 5.991646743722072, -19.008653241790228, -5.554854514215208 
0, 'BL', 2, 4, 'BL', 40.11209583814508, 2.796703309450095, -39.324239487395744, -4.399548391834287 
1, 'BL', 1, 5, 'BL', 26.01895121500533, 4.454203191060344, -25.69043144148897, -8.8783133560475 
1, 'BL', 10, 11, 'BL', -7.9756427650186765, 1.7029227992436518, 8.02193052797665, -1.5945682516345414 
0, 'BL', 4, 9, 'BL', 12.02981887886213, 2.5589970506898965, -12.02981887886213, -1.869090523964644 
1, 'BL', 6, 11, 'BL', 12.524917442530011, 0.2689707580624372, -12.401721394661678, -0.010982824592076668 
1, 'BL', 12, 13, 'BL', -5.112400184230353, -1.5993090758952064, 5.168630530322787, 1.6501841509312385 
1, 'BL', 2, 4, 'BL', 40.18871889800607, 2.8866929025058425, -39.3974683743763, -4.478582588742597 
0, 'BL', 9, 10, 'BL', 3.5544986199993787, 7.1133661176261285, -3.53766356310598, -7.06864551695071 
0, 'BL', 3, 4, 'BL', 21.470855630821404, 3.0496965699871907, -21.202071739202523, -3.8551842668535983 
0, 'BL', 9, 14, 'BL', 9.205173595237454, 5.735489420929753, -9.080032778509661, -5.46929813757788 
0, 'BL', 6, 11, 'BL', 12.017254687829478, 0.27130183570960753, -11.903837566766981, -0.03379219810875611 
1, 'BL', 13, 14, 'BL', 8.577100022009589, -0.9130383724351532, -8.46714311131845, 1.136914836828339 
1, 'BL', 2, 3, 'BL', 17.417109119280966, -1.8150623280627087, -17.2984551775738, -2.9180605301295373 
0, 'BL', 4, 7, 'BL', 17.12370906812844, -0.2124347515896261, -17.12370906812844, 0.7247351018521613 
0, 'BL', 6, 12, 'BL', 7.588880553824396, 2.0173632163650836, -7.526246367098594, -1.8870039998136576 
0, 'BL', 7, 8, 'BL', -10.688730486798388, -3.012427406414872, 10.688730486798388, 3.1935969843472094 
1, 'BL', 7, 9, 'BL', 28.175379532184408, 2.69515449123287, -28.175379532184408, -1.959555002041725 
0, 'BL', 5, 6, 'BL', 17.69747442556291, 22.47436954845375, -17.69747442556291, -20.911259499019195 
--end of line flow
