--contingency generator
conID,genID,busID,unitID,q(MW) 
1, '1 ', 8, '1 ', 7.809982657292064
1, '1 ', 1, '1 ', 1.880855126280511
1, '1 ', 3, '1 ', 20.892240336958853
1, '1 ', 2, '1 ', 19.50797003579265
1, '1 ', 6, '1 ', -3.0030399006435213
--end of contingency generator
--bus
contingency id,bus id,v(pu),theta(deg) 
0, 4, 1.0705124190461734, 43.98082543215538
1, 11, 1.0817458713979557, 44.51943018024877
0, 7, 1.0882705000836734, 43.66915344419625
1, 10, 1.0723988074709725, 43.00160146552621
1, 14, 1.0527251770592378, 42.20902710323122
0, 12, 1.0854762188913207, 45.25689417503165
1, 4, 1.07031277528067, 43.90023748279711
0, 13, 1.078963499232941, 45.0211978749661
1, 12, 1.0568185730837925, 44.11375602178215
0, 14, 1.0561854096594105, 42.5038037582725
1, 8, 1.099999979023007, 44.881531737110926
0, 6, 1.100000254215714, 46.240717549970526
1, 5, 1.0733144208709398, 44.97313250614146
1, 6, 1.1000002542148661, 46.23261696388756
0, 5, 1.0734000763938258, 45.04384816447099
1, 7, 1.0877894929755336, 43.544563885381315
0, 3, 1.0744063872694574, 42.80135303243467
0, 8, 1.099999979022733, 45.00501942315036
1, 1, 1.0992757375733484, 47.14894944395513
1, 13, 1.072184580167258, 44.565055299330005
1, 9, 1.0770683300836383, 42.50172330749054
0, 11, 1.08221691035232, 44.58540278171752
0, 9, 1.077984182063958, 42.65137325045019
1, 3, 1.07440638726948, 42.72639829592177
1, 2, 1.0962264305445195, 46.67470029980685
0, 1, 1.0992757375733988, 47.22276585372682
0, 2, 1.0962264305445608, 46.749424821986125
0, 10, 1.0732103949404301, 43.1257223316708
--end of bus
--Delta
contingency id,Delta(MW) 
1, 0.0020191405233571983 
--end of Delta
--line flow
contingency id,line id,origin bus id,destination bus id,circuit id,p_origin(MW),q_origin(MVar),p_destination(MW),q_destination(MVar) 
1, 'BL', 1, 2, 'BL', 16.920341371886593, -2.9972806858845615, -16.87441996560358, -3.2252300542884313 
1, 'BL', 2, 5, 'BL', 22.50717727007992, 5.292635997466618, -22.241356398826753, -8.552959582993367 
1, 'BL', 4, 9, 'BL', 5.220546107500492, 5.522263599555259, -5.220546107500492, -5.259000670621532 
1, 'BL', 4, 7, 'BL', 3.5338438033312305, 3.464872054019793, -3.5338438033312305, -3.4221058438656655 
1, 'BL', 6, 13, 'BL', 30.581935750224147, 8.341736755746297, -30.032596135679967, -7.259915567739199 
1, 'BL', 7, 8, 'BL', -15.849435843647104, -7.355485876076955, 15.849435843647104, 7.809982657926753 
1, 'BL', 4, 5, 'BL', -48.47618501097929, 8.217224566388722, 48.75790634465352, -7.328588958821911 
0, 'BL', 12, 13, 'BL', 2.8470324826599267, 0.39506091777440133, -2.8315421016950495, -0.3810458111870503 
0, 'BL', 1, 5, 'BL', 22.004757583696886, 4.832402684936881, -21.76102099580642, -9.633302667007058 
0, 'BL', 10, 11, 'BL', -14.773735603389525, 1.474907752002082, 14.930770625903165, -1.1073060850403635 
0, 'BL', 13, 14, 'BL', 14.506640713514273, 0.2529458664254207, -14.197560988864495, 0.3763522425819019 
0, 'BL', 1, 2, 'BL', 16.891111554274744, -2.987973941620794, -16.845348058643253, -3.235018923076268 
1, 'BL', 5, 6, 'BL', -11.048518158998464, 23.711728734875976, 11.048518158998464, -22.411351100345996 
0, 'BL', 2, 3, 'BL', 41.810111771391405, 0.9385893505627791, -41.121581530952824, -3.1975695137927005 
0, 'BL', 4, 5, 'BL', -47.980803095098054, 8.339894906303016, 48.25708959902079, -7.468402420896382 
1, 'BL', 9, 14, 'BL', 5.49025690650322, 7.121595039000056, -5.401658249046392, -6.933133824279196 
0, 'BL', 2, 5, 'BL', 22.535818440995655, 5.230685213016841, -22.269817215198742, -8.490776248085808 
1, 'BL', 9, 10, 'BL', -8.465664093435805, 9.190866131877328, 8.508478498139823, -9.077134060280741 
1, 'BL', 3, 4, 'BL', -11.019622406071818, 6.291432872755081, 11.118804377825597, -7.510238022285648 
0, 'BL', 7, 9, 'BL', 18.941989995452985, 10.343951613912168, -18.941989995452985, -9.911283884922568 
0, 'BL', 6, 13, 'BL', 22.669908344844657, 6.4582223614000895, -22.366146930571745, -5.860021311705054 
0, 'BL', 2, 4, 'BL', 33.98221939271721, 3.5214585484488907, -33.408836498664044, -5.7727798264498915 
1, 'BL', 1, 5, 'BL', 21.98562346814292, 4.878135812537437, -21.741943093514422, -9.678815507517129 
1, 'BL', 10, 11, 'BL', -15.33805980268582, 1.5453365322671857, 15.50760795318783, -1.1484430128651866 
0, 'BL', 4, 9, 'BL', 4.967936899989175, 5.376209889467248, -4.967936899989175, -5.13202719939801 
1, 'BL', 6, 11, 'BL', 18.593999388619608, 1.4837268449011276, -18.320882359458523, -0.911785624642846 
1, 'BL', 12, 13, 'BL', -6.043082550258362, -1.4276335793469173, 6.119349647855074, 1.4966371438390524 
1, 'BL', 2, 4, 'BL', 34.07600157310807, 3.617822185814589, -33.499009223017964, -5.857464904365656 
0, 'BL', 9, 10, 'BL', -7.904320611137791, 9.112519383735616, 7.944154299174329, -9.006705280023425 
0, 'BL', 3, 4, 'BL', -11.121285675793132, 6.2072331321359115, 11.22109117565924, -7.424720384895409 
0, 'BL', 9, 14, 'BL', 4.235014565636902, 6.701450239867086, -4.166272246767591, -6.555226117643144 
0, 'BL', 6, 11, 'BL', 18.000115526629372, 1.4891661974630779, -17.744045031901948, -0.9529225524717617 
1, 'BL', 13, 14, 'BL', 13.222198168843732, -0.22484283254232196, -12.962174986962452, 0.7542599492470856 
1, 'BL', 2, 3, 'BL', 41.81240633867779, 0.9382093065580648, -41.123802130373036, -3.1968778413889822 
0, 'BL', 4, 7, 'BL', 3.098611573059128, 3.3180527088067038, -3.098611573059128, -3.282078924159009 
0, 'BL', 6, 12, 'BL', 8.976025036820971, 2.0014971827148997, -8.890115032976468, -1.8226944971445391 
0, 'BL', 7, 8, 'BL', -15.843378422188428, -7.061872689753159, 15.843378422188428, 7.509386179190756 
1, 'BL', 7, 9, 'BL', 19.38327964686667, 10.777591719942393, -19.38327964686667, -10.320302434053474 
0, 'BL', 5, 6, 'BL', -10.500162694456199, 23.743846021524234, 10.500162694456199, -22.463230629716747 
--end of line flow
