--contingency generator
conID,genID,busID,unitID,q(MW) 
1, '1 ', 8, '1 ', 18.29137225274956
1, '1 ', 1, '1 ', 25.532504298711004
1, '1 ', 3, '1 ', 34.19590578600764
1, '1 ', 2, '1 ', -25.158203159918973
1, '1 ', 6, '1 ', -8.72169568059503
--end of contingency generator
--bus
contingency id,bus id,v(pu),theta(deg) 
0, 4, 1.0349040698051648, 66.2912634799369
1, 11, 1.0551993150852064, 51.11360596189452
0, 7, 1.0719033025209332, 66.2164791415582
1, 10, 1.0550896578177467, 49.86730799251032
1, 14, 1.0357442678846125, 49.41939756937022
0, 12, 1.0487625049803544, 66.70552026789474
1, 4, 1.0346806532027761, 51.12053510990977
0, 13, 1.0453964240417515, 66.5140560951194
1, 12, 1.0189575918613119, 50.261233508393445
0, 14, 1.0392465605757017, 64.83180776112171
1, 8, 1.0999475143604946, 53.161137634890906
0, 6, 1.0632844395745158, 67.84175371544215
1, 5, 1.0354602267213597, 52.350549728418436
1, 6, 1.0632844397731154, 52.74947969083773
0, 5, 1.035565142780082, 67.51022187805171
1, 7, 1.0714198215474862, 50.99607260710362
0, 3, 1.032491964454175, 63.241572451440035
0, 8, 1.0999475140327208, 68.37987726521499
1, 1, 1.0689102658253227, 56.16000170246355
1, 13, 1.0384776892986747, 50.9042173555859
1, 9, 1.0615257735601566, 49.5299147179635
0, 11, 1.0556655665606531, 66.27098707068734
0, 9, 1.062430748510553, 64.77867129942302
1, 3, 1.0324914776052694, 48.078864669670736
1, 2, 1.0436802887825039, 54.15880389971502
0, 1, 1.0689102616674033, 71.32233687657508
0, 2, 1.043733114854334, 69.32120514435098
0, 10, 1.0558902873918945, 65.088479277748
--end of bus
--Delta
contingency id,Delta(MW) 
1, 0.002684542507893383 
--end of Delta
--line flow
contingency id,line id,origin bus id,destination bus id,circuit id,p_origin(MW),q_origin(MVar),p_destination(MW),q_destination(MVar) 
1, 'BL', 1, 2, 'BL', 73.28281526414133, 19.709288843990407, -72.28430493665473, -22.552740991363407 
1, 'BL', 2, 5, 'BL', 19.262727537811912, -2.9500258770863184, -19.06813718050489, -0.19515227312422212 
1, 'BL', 4, 9, 'BL', 5.656995763884559, 1.2796091193566497, -5.656995763884559, -1.1155148747736803 
1, 'BL', 4, 7, 'BL', 1.1774626400223818, -6.810344574284613, -1.1774626400223818, 6.8995909342436335 
1, 'BL', 6, 13, 'BL', 30.050035108134352, 5.4280585476016086, -29.50444678276159, -4.35362481901052 
1, 'BL', 7, 8, 'BL', -25.275161823540362, -16.874166261140317, 25.275161823540362, 18.291374665901003 
1, 'BL', 4, 5, 'BL', -50.009727986851885, 14.525193709859195, 50.34791034693626, -13.45846268490368 
0, 'BL', 12, 13, 'BL', 1.7052643462091623, -0.1155338307846705, -1.6993968461009104, 0.12084252135875317 
0, 'BL', 1, 5, 'BL', 35.07473594998834, 5.771242221730631, -34.45815161063386, -8.674746804019037 
0, 'BL', 10, 11, 'BL', -10.03907307377574, 4.535705754354069, 10.12838323437876, -4.326640519167995 
0, 'BL', 13, 14, 'BL', 8.167489155939776, -2.029595629636731, -8.056710532943086, 2.2551451316276996 
0, 'BL', 1, 2, 'BL', 73.25562644321559, 19.622737955249704, -72.25845788125673, -22.470577799728517 
1, 'BL', 5, 6, 'BL', -3.263641713107415, 21.05025375020483, 3.263641713107415, -20.12378549534219 
0, 'BL', 2, 3, 'BL', 56.59701630280698, -6.831425614200839, -55.20679163685, 7.968109110505338 
0, 'BL', 4, 5, 'BL', -49.498512625640956, 14.64363169277749, 49.830638804259706, -13.596003724116144 
1, 'BL', 9, 14, 'BL', 4.539857850922829, 7.988447662037174, -4.4446236777269235, -7.785871816323208 
0, 'BL', 2, 5, 'BL', 19.2832608042971, -2.9869776178284155, -19.08823471765902, -0.15743682944776083 
1, 'BL', 9, 10, 'BL', -4.162737840792261, 9.67537062040742, 4.194055938536792, -9.592177308259807 
1, 'BL', 3, 4, 'BL', -28.88326116196427, 10.192657675029182, 29.48199625234986, -10.031928466820432 
0, 'BL', 7, 9, 'BL', 25.975068933460363, 9.555695221945143, -25.975068933460363, -8.82226548579888 
0, 'BL', 6, 13, 'BL', 21.704539666095172, 3.8081828842518917, -21.420420821801088, -3.248664186652718 
0, 'BL', 2, 4, 'BL', 31.017225694692115, -5.9915350248752475, -30.494895235092628, 3.9037248945882084 
1, 'BL', 1, 5, 'BL', 35.06096983927664, 5.823215454966487, -34.4444189514673, -8.726323631479943 
1, 'BL', 10, 11, 'BL', -10.634059933045137, 4.619630007766318, 10.733137960782898, -4.387699272999782 
0, 'BL', 4, 9, 'BL', 5.385305587444635, 1.142924599818997, -5.385305587444635, -0.995144129866361 
1, 'BL', 6, 11, 'BL', 14.883269272537405, -2.555085730928454, -14.691691729384246, 2.956273068611779 
1, 'BL', 12, 13, 'BL', -7.608268924643426, -1.5085717381997767, 7.736278304743735, 1.6243897487667311 
1, 'BL', 2, 4, 'BL', 31.120892355438855, -5.920317838701294, -30.595383573773574, 3.843125021555352 
0, 'BL', 9, 10, 'BL', -3.569578771138765, 9.586591031956004, 3.599069079413937, -9.508253054928218 
0, 'BL', 3, 4, 'BL', -29.00925977101295, 10.112279643209035, 29.61148462220828, -9.942940065202038 
0, 'BL', 9, 14, 'BL', 3.197453076723434, 7.606992512620764, -3.1207766168782314, -7.443891409537287 
0, 'BL', 6, 11, 'BL', 14.263207858849796, -2.5260810953882924, -14.08693700330673, 2.8952143146714775 
1, 'BL', 13, 14, 'BL', 6.81583996942841, -2.4281822241756004, -6.732863471640044, 2.5971255387505607 
1, 'BL', 2, 3, 'BL', 56.59073627131791, -6.857434194812299, -55.200576527499805, 7.994087865240203 
0, 'BL', 4, 7, 'BL', 0.7079607470284172, -6.941686312618117, -0.7079607470284172, 7.032614171210753 
0, 'BL', 6, 12, 'BL', 9.412632583883493, 1.5992912174862681, -9.313533274121482, -1.3930379066879368 
0, 'BL', 7, 8, 'BL', -25.267108186432097, -16.588309393155896, 25.267108186432097, 17.988950709869528 
1, 'BL', 7, 9, 'BL', 26.45262446356288, 9.974575326896911, -26.45262446356288, -9.208649900226192 
0, 'BL', 5, 6, 'BL', -2.712539974220642, 21.098502518284363, 2.712539974220642, -20.17479375995333 
--end of line flow
