--contingency generator
conID,genID,busID,unitID,q(MW) 
1, '1 ', 8, '1 ', 9.363161604172745
1, '1 ', 1, '1 ', 2.036263946304966
1, '1 ', 3, '1 ', 24.42377320554784
1, '1 ', 2, '1 ', 15.49505926278084
1, '1 ', 6, '1 ', -3.4859193160581414
--end of contingency generator
--bus
contingency id,bus id,v(pu),theta(deg) 
0, 4, 1.0646358916588419, 27.05010910885449
1, 11, 1.0792715603152485, 33.5767899958206
0, 7, 1.0851555500290906, 27.855922941057024
1, 10, 1.0697131078882398, 30.91103835039491
1, 14, 1.0499108834786242, 30.720218772838734
0, 12, 1.0823535845666397, 32.07181330833795
1, 4, 1.064390367235645, 29.97323513543234
0, 13, 1.0736880916106977, 31.580925576241228
1, 12, 1.0463192898301412, 33.49323210638426
0, 14, 1.0540302910251638, 28.090549745918796
1, 8, 1.0990405342671685, 32.58282907491208
0, 6, 1.100000000035669, 33.41025987487654
1, 5, 1.0681455024161572, 31.235601011285105
1, 6, 1.100000000021926, 36.43054029627503
0, 5, 1.068260436589094, 28.298717227497026
1, 7, 1.0846075331148204, 30.718836109572482
0, 3, 1.0575042007112743, 24.569680234815056
0, 8, 1.0990405342681424, 29.71815586593826
1, 1, 1.0893400668859592, 32.91942525009125
1, 13, 1.0653361111208448, 33.98804482375828
1, 9, 1.0741482510093494, 29.925335152597835
0, 11, 1.0798670339481384, 30.63423075722224
0, 9, 1.0751936549562264, 27.096478395594207
1, 3, 1.0575042007045112, 27.502476120556715
1, 2, 1.0790917855347548, 31.34865223530222
0, 1, 1.0893400668960325, 29.98620808002102
0, 2, 1.0790917855439874, 28.416593177696516
0, 10, 1.0706743703395725, 28.047483630432332
--end of bus
--Delta
contingency id,Delta(MW) 
1, 0.003221801991016616 
--end of Delta
--line flow
contingency id,line id,origin bus id,destination bus id,circuit id,p_origin(MW),q_origin(MVar),p_destination(MW),q_destination(MVar) 
1, 'BL', 1, 2, 'BL', 54.98315396054079, -1.5275015799750236, -54.489006974734025, -3.170701026844199 
1, 'BL', 2, 5, 'BL', 3.191012349940962, 3.7348914250143253, -3.1698657370017145, -7.658623329822035 
1, 'BL', 4, 9, 'BL', 0.17735306206653495, 4.798045016225416, -0.17735306206653495, -4.691781871881233 
1, 'BL', 4, 7, 'BL', -7.34531971511511, 1.9870260258946928, 7.34531971511511, -1.8847991873972205 
1, 'BL', 6, 13, 'BL', 42.62411217908948, 8.443290920246113, -41.59189659023821, -6.410536199767648 
1, 'BL', 7, 8, 'BL', -22.01145263904113, -8.52874590241015, 22.01145263904113, 9.36316160417357 
1, 'BL', 4, 5, 'BL', -56.59371585129065, 9.105361590856319, 56.98089747944152, -7.884071825954834 
0, 'BL', 12, 13, 'BL', 4.587255760997607, -0.35640715457549277, -4.547333385754541, 0.3925273988430149 
0, 'BL', 1, 5, 'BL', 16.92023676274613, 3.5036791322365843, -16.771100766733383, -8.614525926727367 
0, 'BL', 10, 11, 'BL', -24.604595810816875, 5.999809250818203, 25.0636688516922, -4.925169897242085 
0, 'BL', 13, 14, 'BL', 18.588302004074038, -2.4617490768404764, -18.066996175968782, 3.5231476276928504 
0, 'BL', 1, 2, 'BL', 54.946576713539, -1.5166217361761483, -54.453080682524046, -3.1835683317979147 
1, 'BL', 5, 6, 'BL', -45.293389166155016, 23.009447874110833, 45.293389166155016, -18.057437822363568 
0, 'BL', 2, 3, 'BL', 39.54596368703531, 1.1289628316740163, -38.909409009615885, -3.446374401418666 
0, 'BL', 4, 5, 'BL', -55.932405729921925, 9.20969310155806, 56.31086914814193, -8.01590324828203 
1, 'BL', 9, 14, 'BL', -1.0162523887474322, 10.146760961170116, 1.130814463416641, -9.903072079500362 
0, 'BL', 2, 5, 'BL', 3.2204918831375835, 3.6540211425623284, -3.1997044277493387, -7.579274423544916 
1, 'BL', 9, 10, 'BL', -18.563653852272523, 12.827377930262855, 18.70402624639803, -12.454493073186768 
1, 'BL', 3, 4, 'BL', -25.83430737490437, 5.760234474744948, 26.259353096742245, -6.116182760137804 
0, 'BL', 7, 9, 'BL', 14.057472479983113, 9.919732339712255, -14.057472479983113, -9.64319112252656 
0, 'BL', 6, 13, 'BL', 32.1645618090912, 6.3469486560939, -31.576951471959376, -5.189760468366558 
0, 'BL', 2, 4, 'BL', 16.700942117512312, 1.5487184628257182, -16.555537192613627, -5.013934966642523 
1, 'BL', 1, 5, 'BL', 16.89976852569869, 3.5637655262802355, -16.750594634916936, -8.673851844910757 
1, 'BL', 10, 11, 'BL', -25.330033987016805, 6.1476754114485175, 25.81719485053935, -5.007285563102641 
0, 'BL', 4, 9, 'BL', -0.17189228588512673, 4.642688130232813, 0.17189228588512673, -4.543240449226602 
1, 'BL', 6, 11, 'BL', 28.944299242227032, -1.617763738132112, -28.284628118860184, 2.9991975814428997 
1, 'BL', 12, 13, 'BL', -7.110071805091593, -2.0755096792429697, 7.220777304076876, 2.1756717973725586 
1, 'BL', 2, 4, 'BL', 16.834675593730054, 1.6572937464675306, -16.68664433466978, -5.113652670405372 
0, 'BL', 9, 10, 'BL', -17.846867908541526, 12.656528002149344, 17.978588070197986, -12.306626912556112 
0, 'BL', 3, 4, 'BL', -25.9860911902295, 5.672832234307862, 26.415176219238845, -6.0188055191753165 
0, 'BL', 9, 14, 'BL', -2.6909441243730896, 9.743967095097844, 2.803300585361029, -9.50496984923268 
0, 'BL', 6, 11, 'BL', 28.155393442636466, -1.6097378002966138, -27.531102120012946, 2.9170819155821164 
1, 'BL', 13, 14, 'BL', 16.835136432521807, -3.0241177439685885, -16.394510054024494, 3.921249857960504 
1, 'BL', 2, 3, 'BL', 39.53885027405383, 1.1301539779050245, -38.90251907688341, -3.4485070752380125 
0, 'BL', 4, 7, 'BL', -7.944314753084967, 1.8409564564610719, 7.944314753084967, -1.7236016365466185 
0, 'BL', 6, 12, 'BL', 11.843984496300976, 2.0243365114663447, -11.6973275660892, -1.7191025246673917 
0, 'BL', 7, 8, 'BL', -22.001787233067965, -8.19613070316575, 22.001787233067965, 9.020745939165067 
1, 'BL', 7, 9, 'BL', 14.666132923925883, 10.413545089806576, -14.666132923925883, -10.110985173779909 
0, 'BL', 5, 6, 'BL', -44.573016012291156, 23.002604471976554, 44.573016012291156, -18.17644847470075 
--end of line flow
