--generation dispatch
bus id,unit id,pg(MW),qg(MVar) 
101, 1, 9.873089021909793, -0.20975780548003894
101, 2, 14.527509981055664, 1.9759950911442867
101, 3, 59.2242445203254, -27.369601993302616
101, 4, 59.22425336527203, -4.088956775222362
102, 5, 13.416004782386251, -4.22550182427304
102, 6, 11.316326343326262, -0.549028635703287
102, 7, 69.85119734415444, -41.762084607413016
102, 8, 59.554241510585996, -16.161470080768243
107, 10, 41.724522871360676, -2.1219165716845407
107, 11, 18.853374807075323, 1.7706091263856083
107, 9, 55.32562281134024, 21.518237555944616
113, 12, 93.55330036425904, -12.670074047994834
113, 13, 65.45632926220259, 39.663867320318346
113, 14, 122.83050621884802, -13.110124382366108
114, 15, -1.4807831787260148e-12, -15.741166435070484
115, 16, 2.610943270929216, 2.333831728760149
115, 17, 0.7874717065468498, 3.0826231944083924
115, 18, 7.065031832089093, 1.2009855921386627
115, 19, 4.040576822196742, 1.8657143960493938
115, 20, 0.8970850149685012, 2.0425510003489054
115, 21, 88.94959599663996, 46.88337297129857
116, 22, 57.9022789103433, 11.506951930660174
118, 23, 456.54483388458755, 108.86005269797478
121, 24, 402.8062701721288, 80.65082732090659
122, 25, 60.094560390196165, 1.7318262404454507
122, 26, 50.746888384080556, 1.3863175767111917
122, 27, 35.63274085368136, -3.9909599999897756
122, 28, 47.22705386657931, -1.776185595603284
122, 29, 55.425566542751234, -1.4868885653674115
122, 30, 38.57838110611864, -6.258886396947417
123, 31, 123.09760382316956, -59.3073321221565
123, 32, 44.812231519324655, -12.907244119167718
123, 33, 62.74583593492481, 10.920333840290219
201, 34, 16.808395077414943, -1.7987810453924864
201, 35, 17.591528393358992, -1.9585893558558098
201, 36, 15.63592503175641, -31.250339194517263
201, 37, 15.635911427476874, -12.844973220943317
202, 38, 16.540448774115383, 1.6830137875563809
202, 39, 16.83843930896932, 2.6621414778985044
202, 40, 26.174259224976293, -14.10713428233983
202, 41, 25.56162108260139, -30.71628985921275
207, 42, 46.66471064569426, 9.116048971160714
207, 43, 5.415307821393096, 11.078545149265757
207, 44, 32.52893262905794, -1.115656181465291
213, 45, 116.35559668369905, 5.317228318672132
213, 46, 55.31898978555989, 15.041049965773917
213, 47, 82.5573700897623, -1.8656754812708338
214, 48, -1.5466439763767414e-12, 23.03081572872956
215, 49, 4.654999958383439, 3.831925564247678
215, 50, 1.2037229062355084, 1.9551447832906714
215, 51, 4.727261730650619, 2.1898175243924025
215, 52, 6.339957333864941, 0.8480203852083231
215, 53, 0.8668671348836346, 1.278625582064741
215, 54, 63.28863656741665, 69.7963521212398
216, 55, 83.49012196108255, 67.957254917983
218, 56, 425.8716587662916, 80.53177232415511
221, 57, 306.3375455085464, 39.013566610944835
222, 58, 54.18890594824642, 0.8267114158558164
222, 59, 62.280396668645146, 7.17333320593576
222, 60, 44.99977398052306, 7.8670762350454275
222, 61, 38.11092633375438, 0.8408776635580231
222, 62, 37.60940913430844, -0.5551656775217115
222, 63, 49.31056972447285, 0.08476705955566886
223, 64, 92.17446928574272, 10.370024652728304
223, 65, 92.17450170440034, 3.3188703714570775
223, 66, 118.80286348151239, -9.665793339589232
301, 67, 19.007940265943997, -5.2459817026838
301, 68, 16.08304294180966, -2.9461293375435433
301, 69, 15.416386672048102, -23.592445786317505
301, 70, 14.558270170079656, -23.421603657194044
302, 71, 17.867043533317755, -4.280699197366007
302, 72, 11.282590153208794, -0.8332182232541566
302, 73, 50.01355002976996, -14.732027773669703
302, 74, 14.780717982243084, -35.30823623988949
307, 75, 2.5354627164572086, 14.052428476798704
307, 76, 67.23907470598735, 6.940216105460873
307, 77, 69.9683460361583, -0.535483265452332
313, 78, 11.844306216317484, -3.5108975372288356
313, 79, 23.920886434657355, -15.500788418365534
313, 80, 34.920847541481415, 16.81713709214583
314, 81, -1.5358609243839197e-12, 22.738783216481597
315, 82, 4.9162513684047795, 2.2813633252051075
315, 83, 0.7720047150705235, 3.4827441380621504
315, 84, 0.3781815507811111, 3.508584388289243
315, 85, 5.141992140554183, 3.8751986209994143
315, 86, 0.043529824986610684, 4.708574528943492
315, 87, 104.20980614505739, 80.67308739507634
316, 88, 109.2282864597483, 73.37796106315575
318, 89, 423.03808325446795, 57.12061793284712
321, 90, 284.33143484914825, 49.376296195144946
322, 91, 61.0501514363274, 3.1924622789148227
322, 92, 43.16904139585644, 1.2232585061919807
322, 93, 47.91801486743467, 5.025100657680279
322, 94, 43.91237092085044, -2.6508617364076104
322, 95, 47.91163665821631, 8.237801234577434
322, 96, 45.53773201417029, -1.776506743322346
323, 97, 109.37346011421688, -7.1558398590484495
323, 98, 109.37332974707917, 22.903716509689872
323, 99, 159.4951678561733, 51.97548757951577
--end of generation dispatch
