--generation dispatch
bus id,unit id,pg(MW),qg(MVar) 
101, 1, 21.6274434825621, 3.5985860686158526
101, 2, 16.58568282016379, 3.909872264153106
101, 3, 67.43716696441925, 5.676810897851971
101, 4, 67.437166802828, 18.054311130618185
102, 5, 10.252595858719497, 2.799054454214332
102, 6, 12.900170195077262, 5.776037941560892
102, 7, 80.34466041867655, -11.391376027386208
102, 8, 91.18354103786389, -17.29441331424233
107, 10, 25.97035818498022, -19.10617562301604
107, 11, 49.180247083977484, 9.593084520869704
107, 9, 28.42190318622034, 9.075106124831006
113, 12, 88.45987811199421, 15.903138570252827
113, 13, 48.37440881571014, 46.02416453137643
113, 14, 79.88141016044727, 14.277985112545515
114, 15, 3.344214764142417e-13, -76.20407055993465
115, 16, 1.330204760256686, 4.049823866475185
115, 17, 3.9371396642250085, 2.108819885192746
115, 18, 0.6695978324604517, 2.266848653128819
115, 19, 8.169549958596393, 3.7480295197664795
115, 20, 2.5879700201466775, 3.4367697871060314
115, 21, 5.854869081697048, 69.4387377975233
116, 22, 23.90606081812585, -24.347132497260198
118, 23, 391.2451798863915, 86.1083342159084
121, 24, 292.2883285168288, 96.35559815147376
122, 25, 35.23365012497815, -4.745349562874224
122, 26, 45.98278042755263, 5.69185616654142
122, 27, 60.769416826192156, -0.448099534400187
122, 28, 61.65907498344021, -0.8515227531949645
122, 29, 53.96463292778642, 6.988375413465685
122, 30, 37.230700993791096, 1.7030089841125533
123, 31, 90.66193223499084, -73.21558434206263
123, 32, 96.79387943303003, -4.800142168872842
123, 33, 222.31962901079703, -77.54260810599995
201, 34, 15.028083371807734, 3.1948266400827046
201, 35, 14.922462375880244, 5.54480617170228
201, 36, 0.06732079347213855, -0.8872401030655539
201, 37, 5.588521956989975, -9.987353779605472
202, 38, 13.165910774991923, 5.324690910915509
202, 39, 9.979823886086447, 3.522087587725186
202, 40, 20.647766491482184, -18.98618482336672
202, 41, 3.1979106130205404, -34.806159674606256
207, 42, 47.66132352521739, 19.04363398267773
207, 43, 25.07859628179513, 1.1803340874945591
207, 44, 54.12030683944016, 26.56409474143483
213, 45, 88.80509056932337, 7.230497273745154
213, 46, 37.535731495351534, 15.062656248282577
213, 47, 58.24953629512056, -9.230493643942474
214, 48, 3.4683542663838776e-13, 88.77107277799291
215, 49, 2.0980205694308607, 1.1545897149844824
215, 50, 4.594877138665608, 2.114136025112735
215, 51, 0.5886444540811067, 2.569005168309754
215, 52, 0.7698229235152192, 1.2237880925201086
215, 53, 2.777212422237935, 2.8402295889182803
215, 54, 108.62805377617194, -42.90890892627844
216, 55, 87.16693301850518, 65.18787628500942
218, 56, 275.8975508271851, -1.1986792723660316
221, 57, 254.1796888459721, 37.318254992060346
222, 58, 51.571262430891274, -3.576133846058052
222, 59, 38.96488107370946, 3.4929630906231104
222, 60, 61.24664937474568, 7.913461083623764
222, 61, 53.97127745070297, 7.112524890612289
222, 62, 57.32718779335532, 3.926638046759784
222, 63, 54.534925577256715, 4.457028280442214
223, 64, 105.14607960245269, -31.032335962795766
223, 65, 91.53075816537688, 9.466123799144505
223, 66, 147.23365936484734, 37.348129421266904
301, 67, 14.37007128068212, -0.7941929928098489
301, 68, 13.655195734380253, -4.8188184742458695
301, 69, 0.06705177851970585, -34.75428908675879
301, 70, 28.165094571030675, -4.578912759221479
302, 71, 14.455619685127903, -2.3860134284442656
302, 72, 12.458826589399887, 4.299833575457758
302, 73, 13.580357762299425, -48.46241535526477
302, 74, 39.87389548235097, -10.365203352642379
307, 75, 5.441168770201991, 16.34600027726544
307, 76, 77.15954260860794, -15.984923742172246
307, 77, 22.635607356182188, 14.956198848579175
313, 78, 15.772925602196898, -16.776108141231038
313, 79, 45.93146305571792, 36.10370820662519
313, 80, 75.58749045606352, 13.585406864323186
314, 81, 3.5055352876261067e-13, 48.2149618927175
315, 82, 2.913067171507639, 1.5652834288117767
315, 83, 7.271835124905647, 1.9470437137047425
315, 84, 6.056753694047157, 5.456881037910062
315, 85, 6.509973896522423, 3.7063363241797407
315, 86, 2.7079772210954056, 1.5779980586170204
315, 87, 36.56737100575785, 60.03446403386977
316, 88, 111.48550209140951, 38.16589034042546
318, 89, 297.07417031207075, 68.87008346013312
321, 90, 471.43514641640394, 123.23174525732813
322, 91, 61.77766363031342, 8.613063535190973
322, 92, 53.250189019712806, -1.4153721829081773
322, 93, 63.70904246240034, 7.30943986484543
322, 94, 35.84428497950658, -0.10913206909961208
322, 95, 59.24102138855607, 9.901258688553293
322, 96, 56.592193296059214, 2.286435105051957
323, 97, 74.24541792804648, 11.843537997228934
323, 98, 30.881152077062065, 21.025034372026113
323, 99, 209.44361689148184, 6.43741152569923
--end of generation dispatch
