--contingency generator
conID,genID,busID,unitID,q(MW) 
1, '1 ', 8, '1 ', 4.676583044131848
1, '1 ', 1, '1 ', -0.1522557878185425
1, '1 ', 3, '1 ', 26.644389983121744
1, '1 ', 2, '1 ', 18.102103655131344
1, '1 ', 6, '1 ', -14.918847624799277
--end of contingency generator
--bus
contingency id,bus id,v(pu),theta(deg) 
0, 4, 1.072380717635129, 45.98695869357766
1, 11, 1.0861977354259313, 106.42731581004188
0, 7, 1.0929068899924606, 45.20295350888549
1, 10, 1.0808963607736926, 104.48818452556137
1, 14, 1.0621756460702667, 104.06213282501248
0, 12, 1.0880572593782536, 48.15877226477801
1, 4, 1.0722159826633275, 105.37447389420258
0, 13, 1.080982379907809, 47.7203966929932
1, 12, 1.0631665214207808, 106.41509286875004
0, 14, 1.0649324883387397, 44.886614236284835
1, 8, 1.0999999991464797, 104.95465992037201
0, 6, 1.0999999999813077, 49.15946106557441
1, 5, 1.0754140510740802, 106.65039427437026
1, 6, 1.1000000002693668, 108.62045556187825
0, 5, 1.0754797445935895, 47.25283297465219
1, 7, 1.0925386466237559, 104.54771074637463
0, 3, 1.0688892314792147, 43.52903585408919
0, 8, 1.0999999991712461, 45.609351756337155
1, 1, 1.100000000251994, 108.86351625678671
1, 13, 1.0754198558153472, 106.7275623587094
1, 9, 1.0860391495280615, 103.8512425101198
0, 11, 1.0865836899791215, 47.023886573634236
0, 9, 1.0867311325896771, 44.529904619536424
1, 3, 1.0688892316515515, 102.92157361868453
1, 2, 1.098749758274873, 108.55556074232068
0, 1, 1.1000000000828754, 49.46920256106332
0, 2, 1.0987497580521761, 49.162196778080784
0, 10, 1.0815271758704126, 45.14196011070259
--end of bus
--Delta
contingency id,Delta(MW) 
1, 0.0016429946023789417 
--end of Delta
--line flow
contingency id,line id,origin bus id,destination bus id,circuit id,p_origin(MW),q_origin(MVar),p_destination(MW),q_destination(MVar) 
1, 'BL', 1, 2, 'BL', 10.611341237617921, -4.316174365564848, -10.593104987472998, -2.0096903956509777 
1, 'BL', 2, 5, 'BL', 24.876163045411857, 4.885401002759181, -24.5613005032761, -8.013377145356912 
1, 'BL', 4, 9, 'BL', 5.743553881532342, 4.150619879682267, -5.743553881532342, -3.9225116397346937 
1, 'BL', 4, 7, 'BL', 8.264718506652889, 2.0501003395543194, -8.264718506652889, -1.9239473496570554 
1, 'BL', 6, 13, 'BL', 32.425279977867035, 4.78571732855346, -31.83796535970629, -3.6291115037944337 
1, 'BL', 7, 8, 'BL', -4.845746971886923, -4.610560726556173, 4.845746971886923, 4.67658304624365 
1, 'BL', 4, 5, 'BL', -57.554745213594174, 10.782324752797194, 57.95290718781598, -9.526399604147173 
0, 'BL', 12, 13, 'BL', 3.9511198421238873, -0.4985561629407016, -3.9215239014032477, 0.525333442640374 
0, 'BL', 1, 5, 'BL', 22.233594775216204, 4.127275191098818, -21.990326808152645, -8.945021728607742 
0, 'BL', 10, 11, 'BL', -17.901435147839692, 5.13001904647291, 18.144686826302262, -4.560593697511422 
0, 'BL', 13, 14, 'BL', 15.307730336252476, -2.128657581808227, -14.958332288145954, 2.8400453352865043 
0, 'BL', 1, 2, 'BL', 10.580709747256947, -4.306323210092614, -10.562580991816958, -2.019869746046652 
1, 'BL', 5, 6, 'BL', -17.31366453202547, 24.965697277526374, 17.31366453202547, -23.21850708018269 
0, 'BL', 2, 3, 'BL', 59.493884494232105, 2.6724492540488427, -58.105190318430175, -1.9678550283185814 
0, 'BL', 4, 5, 'BL', -57.06111496460505, 10.866295070793058, 57.452797698876225, -9.630807434826693 
1, 'BL', 9, 14, 'BL', 2.405545309801738, 8.45729139120175, -2.3222274592218923, -8.280063160222312 
0, 'BL', 2, 5, 'BL', 24.910564655843444, 4.834301571338983, -24.59522914218266, -7.9610780828960515 
1, 'BL', 9, 10, 'BL', -11.31874150566108, 10.956564413130991, 11.385669045369468, -10.778778273383978 
1, 'BL', 3, 4, 'BL', -25.360229315565675, 7.739852403747591, 25.779524279455416, -8.136673142379777 
0, 'BL', 7, 9, 'BL', 12.681981037825642, 6.2098645765402125, -12.681981037825642, -6.026219100716617 
0, 'BL', 6, 13, 'BL', 24.823216015170374, 3.7413535621273013, -24.47869490826099, -3.06288395370575 
0, 'BL', 2, 4, 'BL', 38.57835153722499, 2.691317886685056, -37.851144979735494, -4.4921221756387695 
1, 'BL', 1, 5, 'BL', 22.211178312741268, 4.16391857761198, -21.968122148598482, -8.982191857333419 
1, 'BL', 10, 11, 'BL', -18.443262457415614, 5.245380810338304, 18.70146840971762, -4.640949155753901 
0, 'BL', 4, 9, 'BL', 5.498423493293015, 4.040948032267693, -5.498423493293015, -3.829503807689065 
1, 'BL', 6, 11, 'BL', 21.85885307734378, -2.3649322029401674, -21.479402198521456, 3.159549804516928 
1, 'BL', 12, 13, 'BL', -4.642493002648564, -1.3778950614743621, 4.688328298641181, 1.4193650911819304 
1, 'BL', 2, 4, 'BL', 38.66624612745082, 2.768629982534435, -37.935415626464334, -4.557837745315624 
0, 'BL', 9, 10, 'BL', -10.780940461773639, 10.830507293401979, 10.843841738840581, -10.663416507103648 
0, 'BL', 3, 4, 'BL', -25.44901729318366, 7.674296269633601, 25.87030925189154, -8.066246172570004 
0, 'BL', 9, 14, 'BL', 1.1941294489678569, 8.208386624209766, -1.1200758130929955, -8.0508646191131 
0, 'BL', 6, 11, 'BL', 21.28240640192564, -2.3257579051683024, -20.9226206139042, 3.0791943469188823 
1, 'BL', 13, 14, 'BL', 14.057148581990077, -2.4564616822866014, -13.756180648973498, 3.0692438741102706 
1, 'BL', 2, 3, 'BL', 59.502132348389694, 2.671331342603821, -58.113060783468086, -1.9651471693156282 
0, 'BL', 4, 7, 'BL', 7.841163050946939, 1.9396593279738, -7.841163050946939, -1.8261765514376975 
0, 'BL', 6, 12, 'BL', 8.671087356246602, 1.0405849746885565, -8.59361284276443, -0.8793388979342467 
0, 'BL', 7, 8, 'BL', -4.840817986878087, -4.38368802510206, 4.840817986878087, 4.446586163798884 
1, 'BL', 7, 9, 'BL', 13.110465478541611, 6.534508076214479, -13.110465478541611, -6.3367400456231735 
0, 'BL', 5, 6, 'BL', -16.757421742076872, 24.98063591767817, 16.757421742076872, -23.26811548379294 
--end of line flow
