--generation dispatch
bus id,unit id,pg(MW),qg(MVar) 
101, 1, 20.164575361939722, 1.2566226238711473
101, 2, 12.648912635149422, 0.7668026329556126
101, 3, 12.309478547057557, -29.325201625696206
101, 4, 25.36638821541684, -27.33034744760126
102, 5, 18.654996783655633, -2.536652621469181
102, 6, 20.478510860597957, 1.425714103414996
102, 7, 21.534191904138808, -28.320244347978846
102, 8, 19.557506234380977, -10.135678139000373
107, 10, 20.605907514288983, 8.959224780451839
107, 11, 31.51876360951625, 0.1796741875888179
107, 9, 7.696730344950048, 26.626390108767943
113, 12, 95.57916668594791, -4.622245401740826
113, 13, 62.13982273937353, -27.86113255298424
113, 14, 37.46757679890038, -7.715660910483591
114, 15, 1.6415207177575734e-12, 4.2772550112888545
115, 16, 2.937431134253343, 1.5057861475725667
115, 17, 0.307774034070584, 4.7520783641066995
115, 18, 2.628896659067118, 3.552382124984358
115, 19, 0.14376714855890577, 2.027696693415615
115, 20, 3.089444632091469, 1.3703182016182636
115, 21, 88.52743490937377, 50.930847420941404
116, 22, 103.62368523115667, 24.21706822879725
118, 23, 383.8422234704197, 103.76181119314509
121, 24, 347.11183948205826, 24.10921373217687
122, 25, 44.87025470475361, -2.2890444477903826
122, 26, 37.85147903023856, 1.0092142457250737
122, 27, 53.53954682826277, 6.220653198548167
122, 28, 42.58530784866475, 1.1615634645227373
122, 29, 47.25777037906608, -4.31883393684294
122, 30, 37.35877327157773, 1.2922248424226297
123, 31, 109.53931366850023, -15.712936263889224
123, 32, 99.4341140547472, -11.004922655428263
123, 33, 132.5604586008451, 41.80717723257629
201, 34, 13.904313931595704, 1.9032427056949162
201, 35, 13.13462009348718, 0.015466922572040657
201, 36, 55.570710511699886, -20.071331396914058
201, 37, 15.132896836518162, -24.2241180911738
202, 38, 11.48287397627322, 4.4449086792849775
202, 39, 12.95433330873952, 3.9235170469095895
202, 40, 39.670762979560166, -40.33386515403406
202, 41, 16.15882668055487, -40.77464392806088
207, 42, 38.57650797293336, 2.5827254553301793
207, 43, 39.592383504659246, 37.22736662591343
207, 44, 21.870917689118674, 21.146966684180065
213, 45, 48.919674627521324, 28.005386491546627
213, 46, 62.93294145875113, -29.26303074046971
213, 47, 61.70075244318932, 27.283346349976732
214, 48, 1.682580624363614e-12, -16.322861799945215
215, 49, 1.3204652648610669, 2.6193284582450804
215, 50, 3.09195922550686, 3.6985677608467324
215, 51, 6.650838488372945, 3.4017238765054265
215, 52, 9.753467724161453, 5.110718857691144
215, 53, 2.831041540291506, 5.605099043095499
215, 54, 111.73335122463185, 74.59612357724234
216, 55, 115.00040620284724, 49.89688003463952
218, 56, 294.9686654825384, 76.51815927877375
221, 57, 475.55988631897725, 83.50111847499244
222, 58, 52.259327571426674, 1.1013305279803312
222, 59, 40.041301343633705, 4.609712846785764
222, 60, 41.275308625826156, 4.256309461533223
222, 61, 54.35411598538812, 0.5554556598375333
222, 62, 57.51219718023992, 2.4990686125187858
222, 63, 40.78809326519249, 2.3941744609094053
223, 64, 115.97305837926754, -24.03563700636023
223, 65, 115.97273165825725, 2.6668601798650644
223, 66, 163.90227911065267, 33.89689123807628
301, 67, 20.282814225372597, 0.4197199627135864
301, 68, 15.059757405257859, -1.3431450909071811
301, 69, 16.10890300529306, -32.59712088988955
301, 70, 31.06633973695817, -18.322826196254944
302, 71, 20.47750574054499, -2.332951322434253
302, 72, 12.020104877622709, 0.6631923770181037
302, 73, 16.864238736591233, -17.82941243033596
302, 74, 16.86423492782127, -35.76324043982765
307, 75, 23.43805687810822, 28.718757636997882
307, 76, 8.844553561258383, -9.867959105082837
307, 77, 66.99963833161124, 21.635498358353516
313, 78, 67.84228377723198, -17.947159922800452
313, 79, 25.092394941885352, 11.979805301503793
313, 80, 139.43605160775473, 32.650027215408336
314, 81, 1.6846827755813533e-12, -2.7594765912820787
315, 82, 1.7667173229762902, 4.454112618242471
315, 83, 5.556362564659174, 2.6711105314416703
315, 84, 4.236384256850686, 2.974721549507868
315, 85, 4.018429233132762, 4.403749300116504
315, 86, 4.314035404506745, 4.997336746577186
315, 87, 106.1673578620979, 70.41838404078386
316, 88, 109.26062827991808, 67.40880675031046
318, 89, 306.6904567723565, 60.09378470466047
321, 90, 378.3148343654062, 43.510557451003315
322, 91, 55.50629362468762, 4.515285987019804
322, 92, 63.20512908282845, 0.617508789187008
322, 93, 63.04233262320193, 2.5142960801573957
322, 94, 37.262106535536056, 4.594759556850062
322, 95, 53.320542674094, 1.9768951059411548
322, 96, 39.75688884737686, 3.707261265878097
323, 97, 104.22591017289392, -25.786307953220383
323, 98, 104.22586318325584, 13.458980596363661
323, 99, 182.4596696729791, 27.727753711905518
--end of generation dispatch
