--generation dispatch
bus id,unit id,pg(MW),qg(MVar) 
101, 1, 13.19540858349278, -0.4876841766370311
101, 2, 18.40823198994603, -1.901053751372861
101, 3, 47.420360915411806, -34.98895793964137
101, 4, 47.4203607903614, -24.159262947898927
102, 5, 19.944291414933893, -2.271296426709916
102, 6, 9.569041083491587, 3.487910548482734
102, 7, 68.86138563590205, -25.89453133310789
102, 8, 68.86138493082478, -10.746697578750872
107, 10, 37.671219965643246, -12.51442779902047
107, 11, 19.991119593118626, -5.22373802160967
107, 9, 21.07999149427487, 30.113191868843145
113, 12, 135.02699925441084, -11.615074490292237
113, 13, 100.01050335304728, -4.99973650115659
113, 14, 112.78005262900945, -12.868962022920158
114, 15, -8.532389672987438e-15, 18.619630585103394
115, 16, 0.307091779033089, 2.1703296636616494
115, 17, 2.992472742116859, 2.9322193349571144
115, 18, 6.084029744218341, 3.203588810941008
115, 19, 1.3184065799349909, 4.521299104281076
115, 20, 2.163602244660155, 2.0516535065298163
115, 21, 49.51742447965227, 57.71996709373597
116, 22, 75.80680909349027, -64.4862733241816
118, 23, 397.14949236367744, 158.57294374733726
121, 24, 324.6512277157189, 63.73478351843457
122, 25, 56.367626784029284, -0.8523739788001377
122, 26, 61.983374965037086, -13.105991154651711
122, 27, 59.918422794560776, -4.3551568630580455
122, 28, 59.436170281967954, 0.7016351640091932
122, 29, 56.34452023090316, 2.5504963373961522
122, 30, 51.55607746693758, -5.448850184516712
123, 31, 99.82716970199816, -87.05512041600777
123, 32, 48.63623957565983, -12.720911560411166
123, 33, 251.39439823588802, 11.539379561598377
201, 34, 13.729857669262266, 1.2334737781555163
201, 35, 16.296077615648088, 3.149798427350245
201, 36, 15.2698637360346, -37.299520748990425
201, 37, 15.269863170760766, -7.371748584933074
202, 38, 21.52936891902905, 0.3578155403712693
202, 39, 18.15598496474315, 2.965836052381068
202, 40, 15.551519433062225, -32.460130604761886
202, 41, 16.48112712081061, -28.175011608441352
207, 42, 22.24285217650918, -0.2130659875861922
207, 43, 7.02497985513831, 32.23944703773104
207, 44, 10.933797606936578, 2.1488183805689305
213, 45, 55.337529479138254, 4.212287898319195
213, 46, 33.76418240830271, -17.2917780335671
213, 47, 69.7574244926386, 0.6649584454871308
214, 48, -5.624042650160279e-15, 68.1779014633499
215, 49, 3.3429846024050756, 2.580140919050531
215, 50, 4.960316966044701, 4.524877146193444
215, 51, 5.636343624580351, 3.601645333295047
215, 52, 0.41450207922065435, 5.4334814980097965
215, 53, 3.185924557773892, 2.8807411579154105
215, 54, 89.41404966413066, 79.49863938028383
216, 55, 61.21776218790084, 74.78042484393933
218, 56, 442.10059217291666, 88.22537297526927
221, 57, 312.28110208299785, 56.43354394719627
222, 58, 48.02338851163443, 4.361822541081829
222, 59, 50.59231038451473, -1.1994956124464262
222, 60, 63.79626004038658, 3.465069959912246
222, 61, 47.120065672921946, 4.974554746793353
222, 62, 62.2104783147974, 5.007783614732807
222, 63, 52.66125107663032, 6.6315352487383015
223, 64, 85.49949864895534, -16.163330025424337
223, 65, 85.49950242903451, 14.937053201008936
223, 66, 121.72252091046373, 49.95410862005711
301, 67, 16.428311294597908, 3.0295476354869564
301, 68, 11.651491764463707, -3.0127162150600046
301, 69, 12.224992241325195, -22.910953596842557
301, 70, 12.224992087973286, -32.79706480770199
302, 71, 20.829441488662408, -0.09434076610341138
302, 72, 14.295473813622646, -0.7836474065555542
302, 73, 12.584675000383179, -41.20951399726474
302, 74, 12.58467447615447, -24.217546149270714
307, 75, 5.088733917306829, -7.731528165329935
307, 76, 25.822266635397696, -4.057047743539549
307, 77, 48.28213331006833, 23.569070597718436
313, 78, 104.78392309907038, 14.994142370990984
313, 79, 131.88881323058433, 43.351040371164245
313, 80, 18.45389312703425, 12.663526235158876
314, 81, -8.39349191941864e-15, 68.48695338624177
315, 82, 5.995825673255434, 4.587654851206707
315, 83, 5.464360527720208, 3.0470396241378888
315, 84, 7.1496107580787305, 3.538384319957321
315, 85, 0.11609189644460124, 5.320716626715003
315, 86, 0.5837286702114942, 3.3272309866665637
315, 87, 81.20351114821368, 74.04471373442867
316, 88, 87.77774305385539, 35.31508197559708
318, 89, 322.74340334497134, 50.61345200273077
321, 90, 400.510485108477, 28.906434989206243
322, 91, 55.28821572213847, -1.3263578151546003
322, 92, 57.56352885178704, 3.04799176449166
322, 93, 45.65058594122011, 8.043516213504459
322, 94, 50.080871428544114, 8.466160964441185
322, 95, 38.613048312435325, -1.1769172770803094
322, 96, 61.303053274931806, -1.1452191847746378
323, 97, 87.75582633699567, -10.177907849246791
323, 98, 87.75582007074327, -54.29020338466965
323, 99, 213.09926189362827, 24.318772464169566
--end of generation dispatch
