--generation dispatch
bus id,unit id,pg(MW),qg(MVar) 
101, 1, 14.454277874738926, 6.105178512030062
101, 2, 18.388973294301724, 4.56682194049604
101, 3, 78.55245785830738, 21.240519727036325
101, 4, 66.5566318327405, -0.35224185751388687
102, 5, 24.051715161745914, -2.210408207592871
102, 6, 16.271704133417703, 3.2109330796436777
102, 7, 65.74448313144049, -14.651061218953032
102, 8, 61.684785271774466, -18.525059147830113
107, 10, 49.666217965091526, 57.325368163107136
107, 11, 48.03529407509779, 58.033070644103155
107, 9, 29.88120982924301, 47.21928627875942
113, 12, 212.47298420893244, 72.61168021513448
113, 13, 176.16442258407142, 74.8862559804801
113, 14, 232.57231009324238, 45.636689353552924
114, 15, -1.0369245911524933e-11, 126.51354233124349
115, 16, 11.471498010400403, 2.4178188484092353
115, 17, 8.583124672757592, 3.0462862625015843
115, 18, 14.775333882386336, 2.55564509591961
115, 19, 10.733644059258687, 4.032791872090139
115, 20, 9.275616183612149, 3.296457262481175
115, 21, 129.31932218080507, 13.176505864853581
116, 22, 166.62730944227437, -21.618820989003783
118, 23, 500.2021551575471, 168.43441570788696
121, 24, 204.0827388699968, 172.57918081089494
122, 25, 42.53114687194937, 13.449315393150371
122, 26, 59.955250782699544, 17.46097154387942
122, 27, 60.02304473509494, 15.762718157529514
122, 28, 41.89943796331877, 20.40903697780671
122, 29, 41.70371108890339, 13.550806664506764
122, 30, 50.28092168567189, 13.387456486153948
123, 31, 161.09382015382994, 24.634847455099123
123, 32, 135.55286539401908, -0.5763903472747202
123, 33, 453.2016359785454, 66.64571021880755
201, 34, 19.82853867608246, 6.065189836642296
201, 35, 14.81972000858628, 7.5892265338263085
201, 36, 22.732454232864832, 22.994916229467858
201, 37, 51.64771459609946, 10.202466385724488
202, 38, 22.79279011120305, -1.6183118448927682
202, 39, 15.172307567530536, 1.845903399179634
202, 40, 56.216734249059016, -26.05330353645749
202, 41, 82.95888869632515, -18.854673776135314
207, 42, 7.881561188167068, 30.043624204018695
207, 43, 15.622041229725959, 28.786120151402848
207, 44, 52.121084320457435, 66.36428466573975
213, 45, 85.26051014348624, 64.86889842583444
213, 46, 63.160003573604016, 82.52533427349957
213, 47, 9.810125026586533, 94.3374578998499
214, 48, 7.930182798541693e-12, 181.6150380662928
215, 49, 0.4752055520224104, 6.961899995431217
215, 50, 1.4224945592494622, 7.646817587316233
215, 51, 1.7985453130672118, 5.144859199877748
215, 52, 8.311154288634482, 6.084143530484168
215, 53, 1.4405807395654593, 7.644393749628375
215, 54, 84.3275868673948, 81.97170822322289
216, 55, 48.66369421263662, 73.04741336915757
218, 56, 5.990001498306675, 189.60238290078192
221, 57, 88.22528944321061, 153.4944139809913
222, 58, 49.136821116434895, -4.3537743292639
222, 59, 64.48868355585493, -5.974955931294889
222, 60, 49.44911501474913, -13.666255636315954
222, 61, 36.235818524027756, -10.769663771417157
222, 62, 49.4039614229673, -4.845763206657201
222, 63, 46.57670783449204, -7.5958945969940865
223, 64, 84.00035078524557, 87.39198828289969
223, 65, 21.665080874696162, 97.20796709850146
223, 66, 17.827199159336892, 128.89956732023745
301, 67, 19.835028919674038, 7.40101343541432
301, 68, 19.57884386793465, 1.3064900680856162
301, 69, 38.649014740530184, 5.929980719624291
301, 70, 20.287075176441235, 13.57959130639241
302, 71, 22.743221923597225, 5.4416657537029804
302, 72, 20.75240858485881, 4.988121463170093
302, 73, 4.636846508241265, -35.03898425628607
302, 74, 10.417062702263445, -28.483628459051136
307, 75, 40.29250846891207, 28.40109449365876
307, 76, 61.783168003280124, 65.07217017412118
307, 77, 3.709217099157003, 37.215536880954645
313, 78, 131.03553595278854, -19.51828074989973
313, 79, 105.2441215391838, -26.71133178270936
313, 80, 153.62947652049766, 28.637245547403566
314, 81, 4.971218276786236e-12, 146.73484314774117
315, 82, 3.9368248646930044, 5.014045609150649
315, 83, 5.422364311440435, 5.090607132473313
315, 84, 6.306473887501301, 2.8067645290004712
315, 85, 2.32873765171304, 5.325352033739323
315, 86, 1.5121865642163683, 3.629938583158881
315, 87, 71.64921464677255, 56.90705428992365
316, 88, 86.36449377742298, 53.933978607225924
318, 89, 145.60495457469844, -41.069342190508095
321, 90, 139.63482673588007, -49.30204421503116
322, 91, 5.500695779444725, 13.061123364952763
322, 92, 26.35802790694788, 11.908314907023572
322, 93, 12.245011545709845, 19.297748104794096
322, 94, 2.035821296234377, 16.165955528588775
322, 95, 10.933805327206583, 11.841879922753737
322, 96, 6.697105599660462, 13.785643794920723
323, 97, 119.30792836940185, -45.491191149923445
323, 98, 186.9767569205464, -45.41643055800746
323, 99, 425.7982260870604, 60.0986606424683
--end of generation dispatch
