--generation dispatch
bus id,unit id,pg(MW),qg(MVar) 
101, 1, 15.183376365698459, 3.059979938494501
101, 2, 14.535309224206884, 6.289840853740052
101, 3, 66.07033451249731, 7.714874162426534
101, 4, 61.15183800539169, 19.07862376297675
102, 5, 17.599038925499517, 2.203491651645976
102, 6, 14.703595961755543, 2.7114000607250874
102, 7, 85.63668855660165, -6.420128417771329
102, 8, 65.96621167481825, -7.678275686748656
107, 10, 16.573049084384344, 23.200643053311072
107, 11, 41.11745510073991, 1.7669540997981303
107, 9, 34.08813280924883, -11.466970833942083
113, 12, 33.0293064846796, -0.38012865629144965
113, 13, 153.45172427093812, 0.7002696433136422
113, 14, 112.73846138693206, 17.357818821708342
114, 15, 2.1062627511288535e-12, 96.88589925577348
115, 16, 2.1589062802792816, 1.1684719139658424
115, 17, 3.534295278523261, 2.558736368576492
115, 18, 2.6503049462632453, 2.5464897085641587
115, 19, 7.123283254833085, 2.7281502895077385
115, 20, 3.5433795261719654, 2.9358539496356517
115, 21, 80.45288872778336, 33.30414405352193
116, 22, 111.52841844647173, -57.681647451705324
118, 23, 503.1161174773039, -15.761113639058461
121, 24, 394.63238944678494, 160.2420764063685
122, 25, 58.35201571430373, 4.8459276304164405
122, 26, 52.760466269360066, 1.2882762151005358
122, 27, 53.04555929233614, 0.891398209300927
122, 28, 48.6971700700495, 7.527204847855977
122, 29, 54.53819116079543, 4.219353999925036
122, 30, 59.904801463385255, 4.829964411433857
123, 31, 52.908140657041, -45.63046081097275
123, 32, 62.0398011145439, -80.91036285584443
123, 33, 79.66301739254455, -28.419591409960027
201, 34, 18.843250907160865, 0.9233912318701595
201, 35, 19.376892606191632, 2.7156291572427462
201, 36, 12.602170414945684, -1.9622595042093942
201, 37, 9.329305002860787, -9.87878356113595
202, 38, 11.688246486856116, 1.9987093243905907
202, 39, 10.866827606120154, 1.5286132571909947
202, 40, 17.03227795850814, -27.625448735786602
202, 41, 27.15627386208984, -8.625786244288909
207, 42, 46.89697096646405, 17.17444460169961
207, 43, 48.77198087457199, -3.953182902578026
207, 44, 34.2644704953833, 11.058826654486607
213, 45, 11.57584645728541, 13.433632948474932
213, 46, 95.72688432586617, 15.76369871519716
213, 47, 82.85896060604631, 16.051566419760825
214, 48, 2.209080530740584e-12, 78.04045767429254
215, 49, 1.7609770881373126, 3.9471025865606313
215, 50, 0.57648029259028, 0.7396950525147613
215, 51, 2.111853860950514, 2.4176130486125786
215, 52, 0.9140595364193883, 2.21850795038963
215, 53, 2.824361735021517, 2.6295484383063434
215, 54, 66.75214448246342, -18.57704309271419
216, 55, 17.908337455096802, 30.352170801728395
218, 56, 299.83814833386367, 38.42665582429765
221, 57, 365.16714204738287, 52.87891508125152
222, 58, 62.17359075514866, 4.905918376492663
222, 59, 54.53025876503703, -1.2553477162613251
222, 60, 60.8409793438044, 7.693812625986716
222, 61, 39.79343177011501, 2.345958839742254
222, 62, 48.33975557662813, 4.255290760578746
222, 63, 59.80471774662179, 11.47397287167645
223, 64, 65.42194875190796, 9.196935528940937
223, 65, 67.9649847601391, -37.03301445912764
223, 66, 166.50547625349142, 29.778383026197034
301, 67, 14.622601001427782, 2.864963847501167
301, 68, 9.572597447876307, 1.5069195077975566
301, 69, 11.821350735008748, -31.337340391272818
301, 70, 17.56520154909826, -19.242220427888633
302, 71, 11.768175087467782, -0.9925531358373326
302, 72, 18.065075489427453, -3.017238570101144
302, 73, 4.297053282996152, -21.881302792022485
302, 74, 17.671951431092733, -12.364088833343674
307, 75, 30.371097971787925, 20.831812805801672
307, 76, 43.45356358155547, 4.9913414847414055
307, 77, 10.272046466694976, -0.3671931019516704
313, 78, 20.972361977360993, -29.487443486179185
313, 79, 56.592899215748965, -9.242973998766914
313, 80, 69.31913043089554, 34.809811739553076
314, 81, 2.2442452222801323e-12, 66.19090867441507
315, 82, 1.718319038857059, 2.981129691562982
315, 83, 5.899811293814282, 4.759338518098903
315, 84, 8.084643680075354, 3.2420813759255114
315, 85, 4.139557006975684, 1.6627199293636465
315, 86, 5.9456333032061925, 2.1815071015052787
315, 87, 39.761436020460835, 65.19741372392487
316, 88, 89.15119954326039, 13.137653588232054
318, 89, 374.8862693948306, 77.5934020868505
321, 90, 307.62249366769856, 101.8947650787786
322, 91, 52.25890789390747, 2.869175757515842
322, 92, 57.31436814158428, 4.208520311342911
322, 93, 40.263807789657456, 3.2022655612388506
322, 94, 46.46651500812937, 4.026837346126435
322, 95, 60.12222900963592, 1.6877094123545358
322, 96, 37.56110346387345, 3.686323598883106
323, 97, 52.827960664278145, 30.44850190283409
323, 98, 32.4054976474626, 37.753544808922264
323, 99, 147.2541698465883, 64.12497276022988
--end of generation dispatch
