--contingency generator
conID,genID,busID,unitID,q(MW) 
1, '1 ', 8, '1 ', 15.045704592268327
1, '1 ', 1, '1 ', -45.5440258053282
1, '1 ', 3, '1 ', 21.80250831225845
1, '1 ', 2, '1 ', 39.648374921381595
1, '1 ', 6, '1 ', 12.887074146381169
--end of contingency generator
--bus
contingency id,bus id,v(pu),theta(deg) 
0, 4, 1.0407047872477517, 13.926143447040008
1, 11, 1.0783807047459477, 171.11570771950267
0, 7, 1.075617223935, 15.408775310512553
1, 10, 1.066165295438945, 169.65134286853205
1, 14, 1.0488937498686104, 169.08559295372075
0, 12, 1.084940380190243, 16.505154931200863
1, 4, 1.040544173539964, 169.27797768934568
0, 13, 1.0767651925956676, 16.167854777249797
1, 12, 1.056670526638166, 170.8151366072554
0, 14, 1.052296727773156, 13.943801699624082
1, 8, 1.0976164700947024, 173.94294940947537
0, 6, 1.099344550937739, 17.474892213092858
1, 5, 1.039692403076598, 170.01485309030085
1, 6, 1.099351558057735, 172.89999755533705
0, 5, 1.0397484262846874, 14.652815802389128
1, 7, 1.0751735315871385, 170.71767817415852
0, 3, 1.031710703213552, 11.656045392827295
0, 8, 1.0976049274665365, 18.632287829395032
1, 1, 1.026660168081654, 170.95933516348322
1, 13, 1.0700698601886809, 171.15015879474714
1, 9, 1.0686045202722487, 169.4037021485848
0, 11, 1.0788282658184234, 15.748277916956333
0, 9, 1.0694787737498075, 14.119607168674023
1, 3, 1.0317231514269476, 167.01353065604314
1, 2, 1.0453887778121764, 170.5914905035406
0, 1, 1.0266617713453903, 15.600350891230217
0, 2, 1.0453335428560508, 15.234476575002027
0, 10, 1.066938236655863, 14.342001254680383
--end of bus
--Delta
contingency id,Delta(MW) 
1, 0.0017938618587175217 
--end of Delta
--line flow
contingency id,line id,origin bus id,destination bus id,circuit id,p_origin(MW),q_origin(MVar),p_destination(MW),q_destination(MVar) 
1, 'BL', 1, 2, 'BL', 0.9156200611579379, -35.541212714409994, -0.7181553988475571, 30.47636784385236 
1, 'BL', 2, 5, 'BL', 6.70372838268068, -0.6298564916925216, -6.679480926550582, -3.0567815868894286 
1, 'BL', 4, 9, 'BL', -0.4527257316760879, 1.0099738965042775, 0.4527257316760879, -1.0040653487014595 
1, 'BL', 4, 7, 'BL', -13.743852228478724, -5.537014690985529, 13.743852228478724, 5.942606938540621 
1, 'BL', 6, 13, 'BL', 32.06784089570141, 8.8482214817559, -31.46213469934446, -7.655396898242316 
1, 'BL', 7, 8, 'BL', -37.69300459265924, -12.637402671405312, 37.69300459265924, 15.045703997681244 
1, 'BL', 4, 5, 'BL', -29.35499798841454, 11.62352400472264, 29.477905359979445, -11.235836407974148 
0, 'BL', 12, 13, 'BL', 3.7614532906329714, 0.2901900774492674, -3.7347409565112457, -0.26602177514865843 
0, 'BL', 1, 5, 'BL', 6.112468205815247, -10.032023311782382, -6.064948753009489, 4.9758137622389995 
0, 'BL', 10, 11, 'BL', -14.758545756959279, -0.11967206738700042, 14.915551562924236, 0.48720534163049933 
0, 'BL', 13, 14, 'BL', 13.271935153281731, 1.2972255408540718, -13.009770512064009, -0.763448331256086 
0, 'BL', 1, 2, 'BL', 0.8877894462034419, -35.43393775980553, -0.6916248843002677, 30.365419669641597 
1, 'BL', 5, 6, 'BL', -24.493560833161986, 7.7868594760821, 24.493560833161986, -6.449107067949967 
0, 'BL', 2, 3, 'BL', 34.04324617451486, -2.218181009557725, -33.54485646881932, -0.4062479034061539 
0, 'BL', 4, 5, 'BL', -28.872597816693656, 11.723599719080084, 28.992292969089476, -11.346044448115208 
1, 'BL', 9, 14, 'BL', 4.886823746930389, 5.499168557546454, -4.8265790604475, -5.371020037907954 
0, 'BL', 2, 5, 'BL', 6.733551335563789, -0.7059377351303056, -6.709189673246499, -2.9803534062633616 
1, 'BL', 9, 10, 'BL', -4.082925993868173, 4.6343042722214705, 4.093552505851164, -4.606076033850741 
1, 'BL', 3, 4, 'BL', -23.141823222048373, 3.554741284165516, 23.490257732489226, -4.039628219363749 
0, 'BL', 7, 9, 'BL', 23.525997144984952, 6.266520018662732, -23.525997144984952, -5.70290541924669 
0, 'BL', 6, 13, 'BL', 24.26590772015078, 6.969054062779946, -23.917028093666488, -6.282001168719148 
0, 'BL', 2, 4, 'BL', 13.571035857869134, -3.425188559286198, -13.47178753734326, 0.027491579933325738 
1, 'BL', 1, 5, 'BL', 6.093606371432543, -10.00281163000858, -6.046427073705445, 4.94549257495936 
1, 'BL', 10, 11, 'BL', -15.315543388686137, -0.0425646280398837, 15.484859262478977, 0.4389144132852607 
0, 'BL', 4, 9, 'BL', -0.6973272828429246, 0.8739967330959075, 0.6973272828429246, -0.8679688482110635 
1, 'BL', 6, 11, 'BL', 19.73209147332048, 2.457323367677418, -19.42135737939131, -1.806607308691241 
1, 'BL', 12, 13, 'BL', -5.008212955934937, -1.5385267157228668, 5.06252379478974, 1.5876650937343584 
1, 'BL', 2, 4, 'BL', 13.658502955861024, -3.32483174577942, -13.558160946966183, -0.06917476120770516 
0, 'BL', 9, 10, 'BL', -3.5273282131468022, 4.553478482314858, 3.536554906977017, -4.5289687171889454 
0, 'BL', 3, 4, 'BL', -23.233100583293435, 3.488707129194836, 23.5838588036425, -3.9678607447916647 
0, 'BL', 9, 14, 'BL', 3.6634694074698473, 5.076002421214014, -3.6199206993177597, -4.983368484386347 
0, 'BL', 6, 11, 'BL', 19.14488863852239, 2.4681397251159183, -18.852049653620554, -1.8548982627346504 
1, 'BL', 13, 14, 'BL', 12.019776986178002, 0.8169344586104899, -11.803112170828868, -0.37579663003853625 
1, 'BL', 2, 3, 'BL', 34.046215773043144, -2.196375741988845, -33.547788264431944, -0.4282030621574222 
0, 'BL', 4, 7, 'BL', -14.161625429518887, -5.669547658356919, 14.161625429518887, 6.099287860166214 
0, 'BL', 6, 12, 'BL', 8.853462995957273, 2.003121267105712, -8.769666225285135, -1.8287168093264086 
0, 'BL', 7, 8, 'BL', -37.68762255994068, -12.365807880060174, 37.68762255994068, 14.761165933839607 
1, 'BL', 7, 9, 'BL', 23.949152349537165, 6.694795734180161, -23.949152349537165, -6.1063153277927995 
0, 'BL', 5, 6, 'BL', -23.959717980340358, 7.790318009407315, 23.959717980340358, -6.504978422560896 
--end of line flow
