--generation dispatch
bus id,unit id,pg(MW),qg(MVar) 
101, 1, 15.515876152590925, 4.630780559507719
101, 2, 11.025410520966412, 5.2658149369911
101, 3, 57.425289069680005, -38.8177586649922
101, 4, 65.08818117386687, -29.039270590533572
102, 5, 17.15513895750788, 3.4277002274841504
102, 6, 19.1880553464817, 7.186151603139174
102, 7, 76.15893031847797, -16.884636500838646
102, 8, 61.94797498167287, -5.220760972260549
107, 10, 37.61049654337275, 20.244382236629566
107, 11, 14.837454992842984, 5.674631841344427
107, 9, 20.479168196936612, -6.537827780814139
113, 12, 89.93950888348188, 17.0922938795364
113, 13, 94.40501404220183, -20.877012265513358
113, 14, 144.2123106258567, 26.796423400823045
114, 15, 8.12891602398971e-15, 25.779717314033928
115, 16, 1.6708623033119805, 2.4584725880275853
115, 17, 6.107633083462548, 2.9475623614253674
115, 18, 2.5062868063233408, 3.664837796662747
115, 19, 0.45863897939635734, 1.8656845811139446
115, 20, 2.4672109232552937, 2.359321203758225
115, 21, 94.40786208349357, 57.11099834620612
116, 22, 52.4744568328886, -41.145675313834595
118, 23, 432.0048507083229, 62.49846359942692
121, 24, 293.6804962686418, 142.65660584472423
122, 25, 64.72327900749072, 6.291549172556992
122, 26, 50.172529892776154, 0.4658137205051731
122, 27, 63.81459985325486, 3.938578453391271
122, 28, 41.869357476722435, 6.790034885090104
122, 29, 55.245268071781844, 6.848805254443845
122, 30, 62.75205160189792, 3.4610493380075833
123, 31, 41.101687624638366, -25.03785226878582
123, 32, 41.10167828550163, -20.357966001591073
123, 33, 22.01714625583063, -27.743488182648356
201, 34, 12.842720970749774, 4.830279714952339
201, 35, 15.17900870436885, -0.6403226294080336
201, 36, 17.701308539694487, -40.39735657993495
201, 37, 14.524283612514475, -1.3072662105055093
202, 38, 18.67514512536509, -0.016555461076496924
202, 39, 13.316611523092588, -3.6522207022424986
202, 40, 25.767214621408325, -2.8034027018859433
202, 41, 33.998227261765834, -40.73323364544121
207, 42, 66.39639776900341, -12.646581501389392
207, 43, 39.40591934488721, 23.923975564635594
207, 44, 59.950352208708274, -2.6530489374398347
213, 45, 64.27433708370795, 26.905878452285698
213, 46, 75.97882651184017, -5.090766067841209
213, 47, 90.9380444556675, 17.44704449894019
214, 48, 7.477483418411892e-15, -54.466804781249934
215, 49, 0.31347974294318687, 3.031371486330006
215, 50, 6.828044899774825, 4.158443055174486
215, 51, 5.45161245553273, 2.280895019686805
215, 52, 4.23493851934019, 1.5756047061079501
215, 53, 0.8043280535316286, 2.4469921283389824
215, 54, 101.93723791432689, 56.719564639872246
216, 55, 109.95274481749814, 62.656408153639354
218, 56, 294.2065350118904, 67.14969953890379
221, 57, 361.2641283275342, 37.51519867942937
222, 58, 49.59579015542338, 5.864502916072373
222, 59, 36.219192991690285, 8.680706017391145
222, 60, 43.55522177340979, 6.783175395898543
222, 61, 58.14442986781294, 0.10638098869979641
222, 62, 63.55968611706564, -1.1846564894668155
222, 63, 61.131540564080275, 3.2342178376935284
223, 64, 59.00155074061493, 15.18741802127545
223, 65, 33.76645650624933, -43.899756485230974
223, 66, 124.98890115328471, -16.915453000519268
301, 67, 18.418023261748925, 1.866055884215236
301, 68, 9.220530622931983, 1.2001047257993243
301, 69, 13.779131587078982, -17.63173303287189
301, 70, 35.96705121326687, -29.57940679769788
302, 71, 15.861464649112468, 2.7615840433889915
302, 72, 21.307153429426084, 1.2551216471293973
302, 73, 28.089459435476314, -27.84237666144036
302, 74, 34.40841215887771, -21.29270921025748
307, 75, 63.99486668293384, -0.3536770443300768
307, 76, 11.692735005667714, 12.632275073095919
307, 77, 16.405368652225388, 5.33340364921571
313, 78, 120.6124631069522, 4.348742868039604
313, 79, 100.8161421104108, 47.00654920984732
313, 80, 21.46582461030966, 33.68233640641632
314, 81, 7.190598977937678e-15, -17.277820743259557
315, 82, 5.4505408797797505, 4.682184663244483
315, 83, 0.09672075906352803, 1.280246121023778
315, 84, 5.24592564884737, 2.9406082175333474
315, 85, 5.592978366092723, 3.5627071339838174
315, 86, 4.11277589153919, 3.29655162612664
315, 87, 36.85657555671147, 71.58068561028648
316, 88, 105.36490104445089, 35.271807022237994
318, 89, 411.09181671987614, 63.689737853584084
321, 90, 325.84724433383985, 34.355201277398386
322, 91, 41.68379192635387, -3.037139135322915
322, 92, 53.960420083477786, 1.1824503958542292
322, 93, 59.554886367860874, 1.5998701704357392
322, 94, 56.88744955625355, 6.365484836064907
322, 95, 43.82178171001344, 3.6868374507166606
322, 96, 35.534983202106936, 5.448548665536933
323, 97, 65.463660036433, -21.772010864566283
323, 98, 82.2718526516785, -17.856800729728576
323, 99, 73.63804496642997, -71.98198233059213
--end of generation dispatch
