--generation dispatch
bus id,unit id,pg(MW),qg(MVar) 
101, 1, 20.094805204040476, 6.350045789872764
101, 2, 20.459858828141147, 9.040665956501181
101, 3, 10.567170609671244, -10.294536997586473
101, 4, 19.626199618122754, -6.923001886510695
102, 5, 19.306651594408223, 7.3175450849754835
102, 6, 14.590152883741483, 0.4300578688082858
102, 7, 35.990499183174556, -18.690181827930882
102, 8, 35.99049806127351, -7.722648123224168
107, 10, 48.25896948079056, 7.968400906321104
107, 11, 28.278163711929018, 11.091043034163071
107, 9, 18.425487928016842, 11.524298332908915
113, 12, 90.18263944095091, 0.6711532008222869
113, 13, 90.64445750309942, -15.717369335520665
113, 14, 139.820128955465, 32.79372352861768
114, 15, 3.678168098483773e-15, -9.378981636369359
115, 16, 1.8427342828182598, 5.187083319696098
115, 17, 3.275796592625348, 1.9715293207027185
115, 18, 3.1973277451271516, 3.6158992541063144
115, 19, 1.561703994549556, 3.669054287765585
115, 20, 2.965313172432559, 1.1789326385469412
115, 21, 15.118143162002124, 11.113205944042447
116, 22, 67.73042978793282, -27.279262755047377
118, 23, 419.04744197135363, 106.0535857498512
121, 24, 438.34889221289296, 169.14477666317845
122, 25, 56.43831894446851, -3.203709797519218
122, 26, 49.75729017232301, -10.66552548385642
122, 27, 56.29200072672906, -5.434581996551115
122, 28, 40.94328362441378, -6.195694063629491
122, 29, 48.746060695897214, -8.023402653722547
122, 30, 61.48020097001213, -5.098974990718371
123, 31, 80.11811987549169, -34.41155437279323
123, 32, 51.37687373976272, -7.888765168321311
123, 33, 50.243993057007735, 36.27673046025662
201, 34, 15.520372104342822, 2.391425917688512
201, 35, 18.341602984222455, -0.0522776266775697
201, 36, 38.72994822625068, -34.76143878408801
201, 37, 16.797821662829886, -24.506232735977687
202, 38, 15.551038891445609, 3.514928069945696
202, 39, 22.49152269342831, -0.016647454790974958
202, 40, 23.267075300266097, -37.21037253686358
202, 41, 44.90853937324156, -2.179054233424372
207, 42, 44.61822606941201, 9.362797404810438
207, 43, 48.00002543922918, 8.212371698949664
207, 44, 29.77398210756195, -8.469179966275899
213, 45, 97.83911125546373, 43.69165451114568
213, 46, 113.59658212681289, 21.746064017194985
213, 47, 86.5381901116633, -2.6648930117087684
214, 48, -2.4833492118957595e-15, 9.150092104433247
215, 49, 5.291607296593233, 1.388803903042743
215, 50, 1.8933738830876043, 4.105059025032948
215, 51, 3.241310338991215, 1.9960202453428433
215, 52, 2.3980291807462466, 3.8847789168428313
215, 53, 4.835507831923963, 4.114847518140271
215, 54, 56.29631617952117, -25.22189421296786
216, 55, 74.40843889904431, 61.66671426951015
218, 56, 310.3950676071051, 70.57897744580798
221, 57, 375.6575266091245, 48.583519377371445
222, 58, 51.6981687740385, -0.37018113968983396
222, 59, 62.354628503691345, 8.41176441140963
222, 60, 45.89621256980667, 4.006801793730576
222, 61, 63.14370794398333, 8.091036019776134
222, 62, 59.99964062068235, 5.344059817125763
222, 63, 47.72846102192621, 4.166959853612595
223, 64, 71.64381762049261, -3.2855863044366718
223, 65, 1.4149454499147147, -77.91762894525768
223, 66, 218.29517123331325, 41.11476500070888
301, 67, 19.936959825820594, 1.2094015127674098
301, 68, 21.008610363351515, -0.7686767627165167
301, 69, 40.806661071369156, -22.988951419737482
301, 70, 1.9852544773122016, -13.592419025543595
302, 71, 13.285375680651825, -1.5480496569235571
302, 72, 20.565075069200955, 0.5069878418435646
302, 73, 38.72464297673037, -20.41186303319074
302, 74, 3.4638644410515713, -15.476472831605921
307, 75, 23.79595866977982, 17.82884039182776
307, 76, 28.150118378379705, 5.650061641929177
307, 77, 7.105714315241787, -8.817371090787288
313, 78, 88.58468349341399, 14.828627800907071
313, 79, 128.78835264945323, 2.7356864553262255
313, 80, 92.46879395823308, -16.526912242049878
314, 81, -1.450767637307558e-15, -21.13041139126189
315, 82, 3.804227666908671, 1.6016116376151504
315, 83, 5.442734217375535, 2.7651112085906653
315, 84, 0.5654002204002626, 3.102963351297937
315, 85, 0.8622256220710539, 1.4136478540959325
315, 86, 0.20131615216207338, 2.047970041677342
315, 87, 76.2042811225786, 82.507031779084
316, 88, 61.50721246350689, 74.1335897804069
318, 89, 338.2064532466072, 53.837449440331994
321, 90, 404.7936019479104, 34.862961086604265
322, 91, 45.53418668865211, 7.263958333050961
322, 92, 50.57122938747504, 2.4206253603488346
322, 93, 58.96012287766658, 4.026571397416985
322, 94, 45.76991250219741, 2.911345951153911
322, 95, 56.64278762129122, 1.7652194467573332
322, 96, 44.37843820492723, -1.4730323439835817
323, 97, 16.10390961362703, -23.06279557574092
323, 98, 70.19763131125924, 2.4919081860278305
323, 99, 227.4447798355168, 13.554673413634246
--end of generation dispatch
