--generation dispatch
bus id,unit id,pg(MW),qg(MVar) 
101, 1, 12.922891452578321, 1.1907791466810174
101, 2, 15.941486225580853, -1.2721937105051313
101, 3, 41.271838087851215, -13.712528054134637
101, 4, 50.5491849263193, -31.765507706226185
102, 5, 22.70220420604328, 4.309934268816753
102, 6, 10.229328356303157, 3.030689659672909
102, 7, 58.47791601850998, -6.7405227071361375
102, 8, 58.28232832012504, -30.44244758674988
107, 10, 34.56614437770244, 28.714944130809663
107, 11, 25.73607358138286, -0.7861805300186196
107, 9, 24.74231100270598, 1.510461483947361
113, 12, 49.40766766758928, 11.109702450234206
113, 13, 37.81756036449929, -2.7292668161905804
113, 14, 24.007920369250094, 6.261753073415818
114, 15, -1.0395264924520158e-8, -21.432228449908177
115, 16, 5.5862990528236836, 2.4423276569210923
115, 17, 1.824452666059743, 3.014288266854244
115, 18, 4.094371579528314, 2.651620654275128
115, 19, 0.7062693498250008, 2.839053834520637
115, 20, 1.1295763974791344, 2.7643047199574524
115, 21, 96.47713973204301, 28.95190367755613
116, 22, 89.30162305124071, -18.656241549386312
118, 23, 311.57630544856676, 145.47756856399675
121, 24, 468.8235740620643, 28.856167698491937
122, 25, 41.19249784596148, 0.07100597632258515
122, 26, 47.97491113857819, -4.468718796080041
122, 27, 51.84469858432387, 2.8958775899792784
122, 28, 36.183692374076074, -4.249217132315106
122, 29, 36.02172423602191, 4.6005237811259905
122, 30, 51.763763398361505, -1.3320159510428697
123, 31, 108.46334177799342, -63.728812492997676
123, 32, 90.95621976673827, -17.118154179144067
123, 33, 94.95474035433237, 46.99519582817794
201, 34, 12.528746648031499, 2.3814564638630316
201, 35, 20.729189552618504, -1.8894857186509848
201, 36, 17.605202584038217, -30.220514542911577
201, 37, 17.54207165171901, -17.43456421302404
202, 38, 16.320954466038163, 2.737918510301756
202, 39, 14.277412365072378, -1.9472313294103316
202, 40, 25.78240831507511, -16.731954954424246
202, 41, 17.82104540415929, -15.180072269212012
207, 42, 53.2709074035589, -1.797217612476669
207, 43, 9.23453721793097, -2.051642099168314
207, 44, 30.696865909079524, 21.603815486823574
213, 45, 77.83593102930695, 7.411913517450797
213, 46, 83.89263757933645, -2.1515288879587193
213, 47, 95.81937716614948, -3.536144285153564
214, 48, -2.945454678891866e-8, 48.48697127920617
215, 49, 2.306001245684576, 3.92022394727496
215, 50, 7.601842743299299, 4.82785687245832
215, 51, 3.3685705558759076, 3.5897223352115697
215, 52, 3.178360991240736, 4.443524357652128
215, 53, 3.067357885333578, 1.813315670171842
215, 54, 97.64295077345173, 88.33682144517341
216, 55, 53.15481156373645, 53.64334210721732
218, 56, 366.03344602853826, 79.11917883151385
221, 57, 479.3567515513619, 108.35106829429283
222, 58, 64.3493768047271, 4.22320167973256
222, 59, 49.06741260874356, -0.6471635143452643
222, 60, 42.89548469119752, 3.6750725868447627
222, 61, 52.21161123453863, -0.36098287771202986
222, 62, 38.29703386829685, 6.855015774560048
222, 63, 45.463031677606956, 4.634479700411781
223, 64, 96.74504793841842, 18.903016623595004
223, 65, 74.07780316018768, 6.320451719669683
223, 66, 114.76809819766609, 62.392111420431426
301, 67, 14.517463280014317, 0.47386591927738714
301, 68, 21.82505330305578, -0.8285695552971155
301, 69, 20.854006341147027, -14.965744849768923
301, 70, 22.15933885185701, -33.148880336384195
302, 71, 17.734938263253305, -0.6455366378570719
302, 72, 14.633414628554155, 2.2690835928987703
302, 73, 23.646377153808373, -7.4127427507917005
302, 74, 27.18473572486753, -27.800342618928667
307, 75, 65.93934424168873, 19.989073102112897
307, 76, 38.07233725316346, -7.897672302748963
307, 77, 19.26832354605771, 2.1613050229775874
313, 78, 158.41483416195706, -9.733101233745412
313, 79, 93.80673282266264, 19.580205435540282
313, 80, 72.8785826114294, -20.986100912827673
314, 81, -5.542868307090843e-9, -12.919489340895773
315, 82, 2.003668673767588, 3.1168288191298257
315, 83, 0.056971898818112515, 3.582131769209597
315, 84, 3.5531714235065093, 4.273743231172068
315, 85, 8.383461232453321, 1.776737304901019
315, 86, 1.289728365366169, 2.437299936080193
315, 87, 94.66710972244981, 75.48808586037302
316, 88, 92.35182411694254, 63.699745380054495
318, 89, 389.197847083536, 102.14830221048635
321, 90, 418.2190963180134, 42.79261414165443
322, 91, 43.05394360747787, 5.421989655636945
322, 92, 38.873345516258524, -4.9690793636955615
322, 93, 58.64760149415899, 10.997298213260718
322, 94, 36.107560592600414, 3.8082296697698395
322, 95, 52.04704460726337, -4.018702924969193
322, 96, 57.79037896118987, 2.8338701523452996
323, 97, 25.912052263330505, 36.39524407340624
323, 98, 18.831524829551338, -26.89171614459249
323, 99, 179.66428667133096, -17.145791241743602
--end of generation dispatch
