--contingency generator
conID,genID,busID,unitID,q(MW) 
1, '1 ', 8, '1 ', 22.575459624778485
1, '1 ', 1, '1 ', 58.89157460877662
1, '1 ', 3, '1 ', 39.753009383476154
1, '1 ', 2, '1 ', -70.69190416976002
1, '1 ', 6, '1 ', -9.531059424748006
--end of contingency generator
--bus
contingency id,bus id,v(pu),theta(deg) 
0, 4, 1.0318733683255066, 69.19961038419099
1, 11, 1.0421717616848896, 72.7421578656016
0, 7, 1.0675599964074522, 69.74374060415549
1, 10, 1.04563932785739, 72.35008120976246
1, 14, 1.0218710761526915, 71.02311219963953
0, 12, 1.032222127250769, 67.18896469115273
1, 4, 1.0316827857409796, 74.69040466579442
0, 13, 1.0293819853818251, 67.1122986532523
1, 12, 1.007214814024672, 71.84010879128876
0, 14, 1.0250750878947894, 65.70770502910663
1, 8, 1.1000372180332385, 79.646973555635
0, 6, 1.0452838888096807, 68.00155887832018
1, 5, 1.0280599538943167, 75.22395388004544
1, 6, 1.0452839870960664, 73.5507583984195
0, 5, 1.0281486358200302, 69.72543082630838
1, 7, 1.0670975919189445, 75.19933478399064
0, 3, 1.0543022450753263, 69.34404129066581
0, 8, 1.1000349300412358, 74.18901964143188
1, 1, 1.0679926016086658, 77.90168755136119
1, 13, 1.0232675751872573, 72.29294465216284
1, 9, 1.0561432928595376, 72.57559259196222
0, 11, 1.0425864086762249, 67.24177384328748
0, 9, 1.057020085959286, 67.14226057493856
1, 3, 1.0543041432623035, 74.83958373153338
1, 2, 1.030539239460955, 76.8686983454893
0, 1, 1.0679885526717148, 72.40569807849946
0, 2, 1.0305828161881396, 71.3726048488672
0, 10, 1.0463928432774547, 66.89685761058008
--end of bus
--Delta
contingency id,Delta(MW) 
1, 0.0017661943549294376 
--end of Delta
--line flow
contingency id,line id,origin bus id,destination bus id,circuit id,p_origin(MW),q_origin(MVar),p_destination(MW),q_destination(MVar) 
1, 'BL', 1, 2, 'BL', 50.37070660843983, 48.394812039611224, -49.49061239872435, -51.52266954546758 
1, 'BL', 2, 5, 'BL', 16.302998842191073, -5.4564800243757645, -16.153446927939655, 2.2473637920688816 
1, 'BL', 4, 9, 'BL', 7.460714422980636, 1.773429346177835, -7.460714422980636, -1.4848921032545945 
1, 'BL', 4, 7, 'BL', -4.7812968563902905, -6.1366057242858005, 4.7812968563902905, 6.250334591451065 
1, 'BL', 6, 13, 'BL', 21.540304580389943, 6.9257852581947645, -21.230355866647585, -6.3153994843592045 
1, 'BL', 7, 8, 'BL', -51.67726227905988, -17.947712348540904, 51.67726227905988, 22.577187100279275 
1, 'BL', 4, 5, 'BL', -18.724055299146357, 14.921067790949564, 18.795953277733133, -14.694279485460356 
0, 'BL', 12, 13, 'BL', 1.050112934061815, 0.30653342333542355, -1.047631664402104, -0.30428846507186336 
0, 'BL', 1, 5, 'BL', 26.2338762077613, 10.454363851672781, -25.824577151409585, -14.17106118167601 
0, 'BL', 10, 11, 'BL', -2.1387214317799703, 2.997664717265934, 2.148882811874614, -2.9738780472503095 
0, 'BL', 13, 14, 'BL', 6.527841559573972, -1.8411414354165458, -6.453634237092615, 1.992230374572756 
0, 'BL', 1, 2, 'BL', 50.34944013827851, 48.31565461829564, -49.4710853209001, -51.449037030488626 
1, 'BL', 5, 6, 'BL', 13.358698290041803, 25.48687768682538, -13.358698290041803, -23.77181879671889 
0, 'BL', 2, 3, 'BL', 15.69438995177967, -18.054998512622717, -15.475957992245284, 14.214954989585749 
0, 'BL', 4, 5, 'BL', -18.34952574783938, 15.050559112039991, 18.42014285750986, -14.827811060487875 
1, 'BL', 9, 14, 'BL', 14.067575436145688, 6.920347483004775, -13.787487434047307, -6.32456277678682 
0, 'BL', 2, 5, 'BL', 16.320696017590222, -5.488328798780913, -16.1707236275667, 2.2800255187219136 
1, 'BL', 9, 10, 'BL', 8.83757150415164, 9.811851625360305, -8.787843336829269, -9.67975385300133 
1, 'BL', 3, 4, 'BL', 6.172743642254915, 10.817061698061252, -6.069651749743031, -11.94653270281799 
0, 'BL', 7, 9, 'BL', 46.55775171171318, 11.285293864409823, -46.55775171171318, -9.070022750536623 
0, 'BL', 6, 13, 'BL', 15.382404554866184, 5.048082249655181, -15.223721391755305, -4.735585565476072 
0, 'BL', 2, 4, 'BL', 20.53272823134219, -8.893182143571266, -20.274580679309906, 6.060797063205655 
1, 'BL', 1, 5, 'BL', 26.22147781522213, 10.500759221707426, -25.811905800629077, -14.21590245686673 
1, 'BL', 10, 11, 'BL', -2.5965159090638394, 3.0102459083623785, 2.608375436078859, -2.982484063709421 
0, 'BL', 4, 9, 'BL', 7.265452654469015, 1.6362657359455, -7.265452654469015, -1.3642320942176411 
1, 'BL', 6, 11, 'BL', 6.951204180174983, -1.629266953646777, -6.906893322308974, 1.722059432374408 
1, 'BL', 12, 13, 'BL', -5.850763420897522, -1.606405198790526, 5.930927514736055, 1.6789346170253623 
1, 'BL', 2, 4, 'BL', 20.604467831459715, -8.828701463707944, -20.34518033905715, 6.000596503355155 
0, 'BL', 9, 10, 'BL', 9.297644111864827, 9.805649238016713, -9.245657598461037, -9.667552401090461 
0, 'BL', 3, 4, 'BL', 6.086951755906114, 10.73186456864687, -5.985673447453166, -11.86621353041562 
0, 'BL', 9, 14, 'BL', 13.0733788779323, 6.468133362278479, -12.831341312589416, -5.953287032977812 
0, 'BL', 6, 11, 'BL', 6.486377319043129, -1.631629392221953, -6.447489457957687, 1.7130654373882521 
1, 'BL', 13, 14, 'BL', 5.556030236575438, -2.2444503627571066, -5.497413809213185, 2.3637956447474266 
1, 'BL', 2, 3, 'BL', 15.693476224538188, -18.077561993816914, -15.474721453756189, 14.2390664159185 
0, 'BL', 4, 7, 'BL', -5.1151450821894535, -6.269670116021871, 5.1151450821894535, 6.392664660298578 
0, 'BL', 6, 12, 'BL', 6.959812125018658, 2.035672752759865, -6.900660914167247, -1.9125625806997846 
0, 'BL', 7, 8, 'BL', -51.672173429411664, -17.67599483173035, 51.672173429411664, 22.285686338492383 
1, 'BL', 7, 9, 'BL', 46.89662091667803, 11.69963073456347, -46.89662091667803, -9.442643265094262 
0, 'BL', 5, 6, 'BL', 13.764361975914767, 25.542765398911456, -13.764361975914767, -23.799310784057695 
--end of line flow
