--generation dispatch
bus id,unit id,pg(MW),qg(MVar) 
101, 1, 20.776616071839634, -2.4962300155955526
101, 2, 11.336546189419906, 2.799011479965102
101, 3, 35.7386022682594, -9.993018386882799
101, 4, 9.073275066302033, -25.14457718991662
102, 5, 17.08654672575737, 0.8591205003789563
102, 6, 17.133441067585657, -3.3594740781749373
102, 7, 23.82206714906842, -18.19652380383946
102, 8, 23.822066724617994, -43.431020901231925
107, 10, 48.44309024801166, 6.755059450696463
107, 11, 11.15291883060557, 19.61148440056872
107, 9, 47.36936679631164, 5.812005136150444
113, 12, 33.74465535159138, 29.98050246894444
113, 13, 115.20359941583398, 6.128351793828435
113, 14, 41.24118476170487, 41.36143919316123
114, 15, 4.548808237212099e-13, -15.379835802236729
115, 16, 5.869650921609465, 3.5512724974555905
115, 17, 5.686257691171443, 3.855468031032215
115, 18, 8.236661149606215, 2.4878327277394505
115, 19, 1.1950281481970866, 2.4675712082244345
115, 20, 5.337425186422532, 1.9946791929069045
115, 21, 59.12797941749883, 37.943470220308726
116, 22, 42.220892997288075, -19.766331781033116
118, 23, 304.99886243831673, 73.47489070657844
121, 24, 458.7638161446454, 120.41057186418355
122, 25, 63.7587556296221, 4.046188213064615
122, 26, 58.49110617602308, 3.762511633170124
122, 27, 53.214887455776974, 7.480821142447809
122, 28, 44.74878076065403, -0.20311793399575478
122, 29, 44.86455391926756, -1.944203591038591
122, 30, 44.28352061493386, 7.2630981760069275
123, 31, 44.93821838483845, -10.4255181012271
123, 32, 48.627775554344566, -5.20316856790591
123, 33, 185.1448062523732, -49.14137360189393
201, 34, 16.758770807689338, -0.16020141651793116
201, 35, 18.350765944361505, -2.0315677591582695
201, 36, 12.751623380518769, -10.820964720002609
201, 37, 33.562728861351914, -10.986321656430311
202, 38, 11.442248421272502, 1.4477192886461447
202, 39, 12.263746924836122, 1.401879355994458
202, 40, 35.57748192922187, -20.57273908239925
202, 41, 12.797570087854115, -13.975276401462892
207, 42, 44.79145225891583, -17.920749058224214
207, 43, 24.702819847127508, 23.00661090530847
207, 44, 21.96285657174721, 2.2108523881665243
213, 45, 52.787473452996, 30.025276516312758
213, 46, 134.91928630127606, 3.0943620806410075
213, 47, 94.44988837675508, 33.2740340286711
214, 48, 4.661320514835877e-13, -41.02588929970968
215, 49, 0.6016368019739459, 3.0887831872889575
215, 50, 9.646035465002905, 3.47720510563485
215, 51, 0.7739583114692038, 3.0899461844398726
215, 52, 2.7429076173672473, 2.7693610453711055
215, 53, 1.647888264782961, 2.816567978171412
215, 54, 52.30526828984997, 59.09750748676159
216, 55, 58.344271550106804, 60.49698139083803
218, 56, 438.800191667354, 76.27737620048458
221, 57, 451.3283246126269, 52.67832154775237
222, 58, 49.75707579472706, 0.5974757616211429
222, 59, 51.7314315151763, 2.4012131281039095
222, 60, 51.33722588721334, 5.191623271909261
222, 61, 47.335074323449724, 3.0125791549088548
222, 62, 57.562474732507454, 9.053147718549225
222, 63, 46.207603873439574, 2.026704197064004
223, 64, 67.57773385537703, -21.914684535173
223, 65, 67.57773556814428, -36.178292154338614
223, 66, 107.98346335582352, 28.44644229579549
301, 67, 11.819797229140812, -1.7344523661873297
301, 68, 17.697765424601478, -1.0237021178435866
301, 69, 51.934077209522144, -29.283419065037826
301, 70, 43.2003415177842, -16.093852637806425
302, 71, 22.4198101317551, -4.245586227366894
302, 72, 14.261832943350903, -4.534086326414139
302, 73, 11.284409116717779, -22.701671500641385
302, 74, 32.72563307345372, -11.669405046233406
307, 75, 54.32231508140989, 26.198913190006216
307, 76, 4.819100704551455, -3.307082094573313
307, 77, 16.044609780049285, 0.17251164591469353
313, 78, 70.50532965076961, 4.069190269676444
313, 79, 110.7500608830462, 9.87738142372908
313, 80, 69.14266530925751, -2.4282099491563125
314, 81, 4.637195436272005e-13, 13.637932729358843
315, 82, 4.2055685247613255, 4.923071300430281
315, 83, 6.633627283024944, 1.3832822053839886
315, 84, 0.7182520578530838, 2.8959076993663615
315, 85, 2.0657793998494722, 3.8897624227258283
315, 86, 2.7579592431243976, 1.0556600482955072
315, 87, 75.39758881710716, 79.71717619625383
316, 88, 54.12664133298497, 73.94507096944102
318, 89, 461.8342606651731, 58.70877916213189
321, 90, 363.0979787859575, 65.16972866118158
322, 91, 53.529282592461506, -3.934133677458205
322, 92, 57.128861433119575, -5.979500538277928
322, 93, 53.39000069605285, 6.520637630466139
322, 94, 40.397449951377794, 4.260296565030828
322, 95, 41.801189969518276, 5.233794750909184
322, 96, 57.32711904285575, 7.470738075325984
323, 97, 52.511382290677865, -15.449359246138002
323, 98, 87.7914241147316, -38.32516876603731
323, 99, 193.64970810754122, 31.757913443866105
--end of generation dispatch
