--generation dispatch
bus id,unit id,pg(MW),qg(MVar) 
101, 1, 17.55840579981389, 0.7314202968000033
101, 2, 10.047535486261209, 3.60832609645063
101, 3, 30.387819479384735, 7.9271539002182685
101, 4, 30.38781803779947, 1.2607389732555558
102, 5, 11.905913407672829, 0.8826041597517937
102, 6, 13.681810446277796, 3.2609694781272736
102, 7, 59.08742829468324, -5.174389871430234
102, 8, 53.80905467535129, 1.9369463839494268
107, 10, 37.323850837665475, -7.9776616326002925
107, 11, 18.75054621133219, 15.202290048300448
107, 9, 47.904923573031525, 6.362581985195927
113, 12, 101.70529128218125, 7.36249863701493
113, 13, 36.92464284026853, 1.5608461785208736
113, 14, 94.64086259047352, 3.152379109812656
114, 15, 9.225631591497266e-15, 5.3976302964948095
115, 16, 7.204496268772777, 2.19756761123464
115, 17, 2.0481166549395846, 2.5926634674996705
115, 18, 2.6004511256877887, 1.7789218992126463
115, 19, 1.8255846808477474, 3.2647364513455215
115, 20, 0.6509189222767934, 2.2179759506858807
115, 21, 112.25564083251028, 25.415398328977858
116, 22, 97.62983636622232, -15.774120117258947
118, 23, 427.32710715128525, 40.19791288180022
121, 24, 425.5800970085858, 126.17129298386611
122, 25, 62.23390579149852, 4.485019221256061
122, 26, 35.552719989053706, -5.124755509418708
122, 27, 41.40259274673442, 0.027059984400011595
122, 28, 61.4613266584536, 2.693217290155991
122, 29, 52.30293793297166, -7.917687143944651
122, 30, 40.67629595446194, -5.285732356703231
123, 31, 29.954250043336977, -60.818188286318964
123, 32, 42.89636399877881, -30.771874833283903
123, 33, 67.38518561593469, -30.54697156812195
201, 34, 20.402717504064547, 1.4989391397724854
201, 35, 19.15593245278305, 4.320631892238309
201, 36, 17.74642591519328, -15.950228574062539
201, 37, 36.03203755278834, -15.579653628773565
202, 38, 21.29228319310607, 1.7721011210211588
202, 39, 18.557820080735336, 3.0997292979637945
202, 40, 16.788920543992866, -9.701855960251466
202, 41, 18.055227808627276, -21.134559171853812
207, 42, 61.399985506093, -4.941124451736993
207, 43, 39.62656427956058, 12.50430531881117
207, 44, 49.088765799489885, 13.295478756168295
213, 45, 38.238793221307915, -4.524259344434085
213, 46, 39.00561639603548, 38.04342734972538
213, 47, 100.93725156837905, 6.098220029328211
214, 48, 5.61913442258819e-15, 35.32104016134285
215, 49, 0.34501332745135543, 3.7293542468191783
215, 50, 1.5950959514827643, -0.4222758362319528
215, 51, 4.68206467296563, -0.9486536060045876
215, 52, 4.114212337952834, 1.4685020976907195
215, 53, 2.370731225720653, 0.08690565883423236
215, 54, 7.487037248689063, -20.48936948969295
216, 55, 116.61898908783327, 37.276389952214394
218, 56, 327.31013276153817, 83.75019358340056
221, 57, 305.3753668598006, 32.31536563005621
222, 58, 36.97544858011478, 2.2932454451989677
222, 59, 46.78627887892598, 10.650443904274164
222, 60, 56.4985203176091, 1.5212495980063647
222, 61, 63.34316761151949, 4.551205382086757
222, 62, 59.486815062473205, 9.577536697261
222, 63, 59.67697312043109, 5.528001931410586
223, 64, 14.301098690857192, 9.993087154042467
223, 65, 21.873680577626637, -47.48349522478064
223, 66, 121.84594082816797, 17.939365263164603
301, 67, 17.61173587021758, -1.3733921607120583
301, 68, 19.75966109697868, 1.0715089780264162
301, 69, 37.97769621479655, -36.6749793253759
301, 70, 12.558222121575145, -20.783937928312437
302, 71, 12.14766094990947, -3.3357765356939892
302, 72, 19.949875977534393, -0.7200858968737883
302, 73, 29.27840134925316, -9.290814512800159
302, 74, 19.25990957517818, -38.09644760759946
307, 75, 4.633002832665757, 13.911405749030825
307, 76, 66.05023064965883, 4.010785423762283
307, 77, 26.71658215428746, 1.499912254091153
313, 78, 55.66875624116773, 1.9192491898013895
313, 79, 45.349009109447515, -5.0002716003397545
313, 80, 91.14153452766013, -3.456923599650747
314, 81, 1.2724678202367096e-14, 47.34444732812338
315, 82, 5.365319856512783, 3.0865579058744066
315, 83, 5.729072367171782, 2.9670957049534974
315, 84, 3.2764066928234405, 2.5428239420037557
315, 85, 7.037616840423965, 3.722504709125729
315, 86, 2.5663929499303837, 4.871488582133672
315, 87, 83.89718861702522, 83.85504189064311
316, 88, 16.3358202642385, 57.76443516147741
318, 89, 505.0552562795167, 92.67042355906825
321, 90, 445.29988199006283, 87.06300178566387
322, 91, 51.07018584789134, 6.8076033460280385
322, 92, 53.159989215744496, -0.7781544044124226
322, 93, 54.30180118590018, 3.350361621820497
322, 94, 43.24404829352519, 6.790387249553674
322, 95, 44.860598567718476, 0.734660612875514
322, 96, 49.11560432923383, -0.06264109018969383
323, 97, 61.691227016497876, 23.587426798613194
323, 98, 19.080132772558184, 24.033487988407312
323, 99, 159.35289533236428, 56.14362735064635
--end of generation dispatch
