--generation dispatch
bus id,unit id,pg(MW),qg(MVar) 
101, 1, 19.22336895658367, -4.804421688066776
101, 2, 19.433915202419186, -0.11536409073807859
101, 3, 36.86268559338698, -34.57415113238275
101, 4, 36.86268525090936, -11.919869477728215
102, 5, 12.151285096347332, 1.703672669047529
102, 6, 18.46594447110595, -0.5914821981506536
102, 7, 44.989438557876596, -24.935708003739233
102, 8, 44.9894393500911, -23.498854657170337
107, 10, 25.292585713058596, -2.329613920819767
107, 11, 17.270049389654112, -1.2662149287193216
107, 9, 54.6775695958278, 2.560323325064206
113, 12, 147.89748663935868, 43.98305843186589
113, 13, 33.112791504323674, 16.48336062736247
113, 14, 17.321564332829, -32.790555420683134
114, 15, 1.1840797661734301e-13, 24.432683973657642
115, 16, 2.2367210538075857, 2.5225938089201136
115, 17, 4.016031367193856, 1.2422398146869877
115, 18, 3.908537064243198, 4.654446989368139
115, 19, 1.9501988601824274, 3.3677725206851243
115, 20, 0.14309462665545591, 3.8629455534783976
115, 21, 106.9732810157695, 53.12465360243464
116, 22, 113.80305582679016, -20.587730782806663
118, 23, 397.49478627287414, 55.79343376484811
121, 24, 304.7208339192057, 96.4710003213313
122, 25, 36.94249475727379, 1.4107488934218573
122, 26, 56.1085745611095, 0.5851494228666364
122, 27, 60.74293072455165, 2.407017255306569
122, 28, 46.27855068890905, 2.7827838230541273
122, 29, 48.8642500515891, 7.424775902772872
122, 30, 41.383235181016566, -3.386076737719648
123, 31, 105.64485413004655, -2.398379147620218
123, 32, 91.02413196707725, 21.009333763897484
123, 33, 116.62271511421797, -27.185876741522026
201, 34, 13.069293961566359, 2.1217665290756984
201, 35, 17.190778409064986, 0.6009814559030813
201, 36, 11.337598744347712, -33.597235788421614
201, 37, 41.36517937208839, -12.59391103200637
202, 38, 19.343191585370217, 2.452219388866052
202, 39, 12.576236425829245, 0.2984423275430794
202, 40, 10.900714471783076, -19.10711799549906
202, 41, 20.764698778745878, -12.687445565249712
207, 42, 20.37288281341729, 6.217874644377114
207, 43, 0.43772702661400575, -10.719240527959416
207, 44, 46.931852556717395, 7.807787603132869
213, 45, 83.25975482036263, 17.481660792506975
213, 46, 95.68698464111267, 36.50668706353254
213, 47, 80.93876040065577, -30.38661330090461
214, 48, 1.1939945932365933e-13, -31.8232440520489
215, 49, 3.012194552955598, 3.104798148328144
215, 50, 2.8597486186154444, 3.571214115226668
215, 51, 4.641004587645722, 5.128900638289173
215, 52, 6.268134067178634, 2.062917121572597
215, 53, 7.389796351760175, 5.428422941634733
215, 54, 90.6016204642548, 60.19257599348742
216, 55, 92.18769465104592, 75.83704592097034
218, 56, 406.4607205082858, 64.95887805638414
221, 57, 323.52094764168555, 47.66156697878852
222, 58, 63.812430632523615, 1.6789318874408057
222, 59, 62.81355324549541, 7.705430332174049
222, 60, 52.256730002108384, 4.078970260859764
222, 61, 60.03244703518169, 3.799175542559949
222, 62, 46.40714167732686, 7.083589752334357
222, 63, 46.85812359325505, 0.09096016269880748
223, 64, 97.37162093354225, -60.01469023061927
223, 65, 97.37161042309731, -16.38507564625861
223, 66, 128.65148228935413, 11.676246536608033
301, 67, 15.75290929683585, 0.8614959269306014
301, 68, 14.565402499709815, -3.921389797092772
301, 69, 15.268580869149314, -32.23350384622619
301, 70, 15.26861132220767, -3.465746416692433
302, 71, 19.428232829130156, -1.9290231411390286
302, 72, 18.116694942981308, 1.4997780210552278
302, 73, 15.975979652775285, -42.42322144476631
302, 74, 15.975981450765728, -22.63026961010147
307, 75, 1.4446140066447923, 21.439074475161988
307, 76, 42.51380135860616, 21.439376101250083
307, 77, 49.60891593919352, -13.755395717618965
313, 78, 53.17909467713277, -24.77454610400289
313, 79, 85.40683457560277, 1.305622068261895
313, 80, 67.47338592189588, 1.7054049684306487
314, 81, 1.2079431486996252e-13, 32.57038001339448
315, 82, 3.9871932382248207, 2.8283252570347304
315, 83, 7.531312117732436, 2.1105858611028054
315, 84, 7.465665387033867, 4.0529786680510345
315, 85, 3.4115508492410314, 2.0817838609508854
315, 86, 5.021251606839295, 2.9325036444067236
315, 87, 103.98970803631813, 56.95810968033735
316, 88, 107.27917728768793, 50.07251087695511
318, 89, 315.1554559573652, 59.92710149734928
321, 90, 281.7639710784134, 43.038510649803314
322, 91, 37.84632440077756, -2.4434986084023764
322, 92, 46.96596487312281, 2.043566479175093e-5
322, 93, 38.114287775276935, -0.4331111111050297
322, 94, 59.05899924578781, 11.404953519327094
322, 95, 50.711252951330344, 2.9309183095148974
322, 96, 51.25028292535508, 0.4410781352104467
323, 97, 111.84627967487, 6.79358465788247
323, 98, 107.17703062050359, -23.981011768575616
323, 99, 147.23325049285404, 61.751409881739086
--end of generation dispatch
