--generation dispatch
bus id,unit id,pg(MW),qg(MVar) 
101, 1, 14.62897165566289, 4.77152589789786
101, 2, 11.231639456419291, 2.1694179245498337
101, 3, 35.099290119312926, 10.422183573971228
101, 4, 35.09929176543207, 6.51836345520806
102, 5, 10.733788534166349, 0.9772090712888357
102, 6, 20.393577690911883, 7.415717346312732
102, 7, 53.177544592418016, -4.525511035491901
102, 8, 53.17754437450933, -14.69535765484226
107, 10, 59.13233793214581, -4.733932502249491
107, 11, 35.930133132400755, 4.416612288951873
107, 9, 43.694265613934725, 1.8395033897760131
113, 12, 47.869982694798914, -0.9314572071769924
113, 13, 137.45569599300256, 29.49061692845548
113, 14, 139.8335346275354, 10.365035709009746
114, 15, -7.979628819322623e-17, 44.603657833852004
115, 16, 1.1685484388995306, 3.2244728030596406
115, 17, 2.4833207673730535, 2.4005979800857955
115, 18, 4.169302752740765, 3.3730859952673344
115, 19, 1.4808042768913376, 2.4640012499545336
115, 20, 3.850991332175665, 2.1148696510668814
115, 21, 39.95170648554677, 23.611178883414603
116, 22, 38.05481867751398, -52.9072419000622
118, 23, 314.5143860248948, 65.42959613571465
121, 24, 378.8012453429037, 164.94078032778168
122, 25, 47.81196044954895, 4.630631917146308
122, 26, 59.41707284619525, 0.8282554326068542
122, 27, 43.67010716778651, -2.5705135352588666
122, 28, 63.2445149818571, 2.5885243443402235
122, 29, 54.71057212642818, 4.343936004384792
122, 30, 56.87434466519819, 8.15458111908524
123, 31, 33.57986191996096, -12.15901915281837
123, 32, 75.84964915840064, -53.70131886485589
123, 33, 207.5855836613363, -100.1795957908442
201, 34, 17.981638454529936, 4.585533216045208
201, 35, 14.085571325557076, 1.721694189340284
201, 36, 22.975170251896344, -5.021927934573734
201, 37, 5.981399308946336, -12.477142647931773
202, 38, 9.909334935458432, 0.22735507563150717
202, 39, 18.223523214809134, 2.853505046989049
202, 40, 24.775803975293762, -22.66211309835134
202, 41, 43.03480291667322, -15.151601498027842
207, 42, 18.07545608714874, -0.3435554963566641
207, 43, 55.000889229026335, 18.37176509968596
207, 44, 45.39791497508692, 11.08341509770767
213, 45, 20.23710463417174, -0.7171307554453402
213, 46, 48.899091024724136, -2.4821293137459874
213, 47, 45.8191915173147, 24.534044803877915
214, 48, -8.156651258646201e-17, 36.77919671911645
215, 49, 0.32318880336024597, 4.43064385923073
215, 50, 2.8047507868112933, 2.42415783064508
215, 51, 4.380907649375561, 5.452520652322383
215, 52, 3.493860566109546, 1.2141280205744274
215, 53, 3.5234525560737913, 2.0075966794378637
215, 54, 98.50353582744397, -21.657005307125942
216, 55, 6.9243292356990995, 44.87073570385963
218, 56, 235.07431359027237, 38.224823912132834
221, 57, 210.04652979595818, 25.464073072086627
222, 58, 35.92989751101521, 2.6154788552651858
222, 59, 54.21515122485397, -0.9558320923994444
222, 60, 47.102258456508196, 5.728092905929861
222, 61, 44.18872640431909, 5.519147175201604
222, 62, 64.64820009852811, 3.246973034489907
222, 63, 44.779622233110054, 5.369065706505004
223, 64, 93.90956017617147, -9.575928829774782
223, 65, 85.12979677252349, 27.73317879287676
223, 66, 178.52210329020272, 15.90911447308239
301, 67, 14.29627833663089, 0.3667558138650319
301, 68, 14.590834285352118, 4.795987614815149
301, 69, 30.76766792640737, -35.679834656602104
301, 70, 40.4083898993084, -26.276065021129476
302, 71, 12.21786393045064, 1.9251362204838747
302, 72, 11.07258406215903, -1.546175357269185
302, 73, 34.37658152051393, -18.142347602293587
302, 74, 42.84281332804724, -23.808672210666593
307, 75, 11.05897897495613, 0.3810232474921759
307, 76, 35.9719095785607, 16.729305372651925
307, 77, 40.33338975500948, 3.0052859740616373
313, 78, 97.383519829618, -3.736584592118884
313, 79, 140.39666966836586, 11.974368187525247
313, 80, 81.82673843832154, -19.763407667216736
314, 81, -2.0272094236021591e-16, -4.917202777753272
315, 82, 4.677272480890199, 3.410766091891024
315, 83, 6.523358878399206, 3.7536462054484963
315, 84, 7.216918285615616, 2.5921092084878703
315, 85, 3.1198137570057405, 2.843791555358438
315, 86, 7.700047000677013, 2.2692337193173713
315, 87, 46.848677865027476, 64.04613855744279
316, 88, 30.69149648927918, 59.48844096768324
318, 89, 269.35498179674033, 36.602146407245705
321, 90, 249.7909205285568, 50.301440452666306
322, 91, 48.1603936917267, 4.251871196004382
322, 92, 62.23810164920309, 0.2783261106210667
322, 93, 50.82686460773716, 5.986870386430925
322, 94, 48.00611943436109, -4.108090205070719
322, 95, 39.795867651340295, 0.5361174184279932
322, 96, 50.948892468225885, 6.580304515285452
323, 97, 40.04443915675699, -4.521356145664289
323, 98, 108.57944083837043, -25.21044520505917
323, 99, 254.98942209046578, 36.08821307004981
--end of generation dispatch
