--contingency generator
conID,genID,busID,unitID,q(MW) 
1, '1 ', 8, '1 ', 6.982756982065394
1, '1 ', 1, '1 ', -0.4827473839403747
1, '1 ', 3, '1 ', 29.132165843127474
1, '1 ', 2, '1 ', 20.05865131831801
1, '1 ', 6, '1 ', -6.845553557423287
--end of contingency generator
--bus
contingency id,bus id,v(pu),theta(deg) 
0, 4, 1.070477727412028, 103.42161859353156
1, 11, 1.0838048650757883, 92.87416897224509
0, 7, 1.0892726223647595, 103.53660584385166
1, 10, 1.0765053601256804, 91.29119393662263
1, 14, 1.054223823913535, 90.63988563154159
0, 12, 1.0854449626383071, 105.35117414889822
1, 4, 1.0702823528693473, 91.82395606575713
0, 13, 1.079231064480636, 105.04140903571269
1, 12, 1.057144940399717, 92.76341076067115
0, 14, 1.0576780667343502, 102.44135530762107
1, 8, 1.0994480946227776, 93.69014927851627
0, 6, 1.1000000090357767, 106.2874098611683
1, 5, 1.072802859664544, 92.92699748580976
1, 6, 1.100000003460632, 94.76006430981056
0, 5, 1.0728883725287197, 104.51512143213758
1, 7, 1.0887938219340916, 91.89682992718919
0, 3, 1.0622689986552893, 100.11889931453783
0, 8, 1.0994481021510203, 105.32866025424642
1, 1, 1.0997763637480749, 95.70620111902153
1, 13, 1.072463947732938, 93.0881358094728
1, 9, 1.0797490136788546, 90.79539822409637
0, 11, 1.0842755103616635, 104.45747627574683
0, 9, 1.08066533541618, 102.45936180513189
1, 3, 1.0622689901992057, 88.5262824370994
1, 2, 1.0912384619900866, 94.11766224085666
0, 1, 1.0997763684541793, 107.2974812050431
0, 2, 1.091238471517133, 105.70985795754599
0, 10, 1.077315358711712, 102.93057992193575
--end of bus
--Delta
contingency id,Delta(MW) 
1, 0.001883607528925167 
--end of Delta
--line flow
contingency id,line id,origin bus id,destination bus id,circuit id,p_origin(MW),q_origin(MVar),p_destination(MW),q_destination(MVar) 
1, 'BL', 1, 2, 'BL', 55.703865896030834, -4.789176292502361, -55.20627538911674, -0.02842335639002158 
1, 'BL', 2, 5, 'BL', 16.10016964763932, 4.381921302328578, -15.95635292641822, -7.993973159485336 
1, 'BL', 4, 9, 'BL', 3.8491496527316724, 4.954348219598813, -3.8491496527316724, -4.774900457737573 
1, 'BL', 4, 7, 'BL', -0.7247005994974047, 2.9124062505765096, 0.7247005994974047, -2.896678332712554 
1, 'BL', 6, 13, 'BL', 30.547769671565902, 8.125081862026718, -30.001522006974824, -7.049349688689176 
1, 'BL', 7, 8, 'BL', -21.266784105200056, -6.2526253067492235, 21.266784105200056, 6.982757087692676 
1, 'BL', 4, 5, 'BL', -49.396016253315565, 9.758930487883845, 49.691475306236384, -8.826961894737906 
0, 'BL', 12, 13, 'BL', 3.109312544312843, -0.05359642608203785, -3.0911792295914893, 0.07000275844887938 
0, 'BL', 1, 5, 'BL', 27.43299886881522, 4.260857496573124, -27.073426945970482, -8.583586814568378 
0, 'BL', 10, 11, 'BL', -15.036763139705386, 2.7355388668541423, 15.201899356127825, -2.348973198502449 
0, 'BL', 13, 14, 'BL', 14.765671264539435, -0.23078433493094508, -14.445633012973943, 0.88239442274363 
0, 'BL', 1, 2, 'BL', 55.67433667117007, -4.780411756360309, -55.17727762289246, -0.03881059639911655 
1, 'BL', 5, 6, 'BL', -16.07101344590892, 23.58556412947138, 16.07101344590892, -22.03621925968764 
0, 'BL', 2, 3, 'BL', 58.2179481077618, 2.3274878042913087, -56.870879182732295, -1.7313388808920536 
0, 'BL', 4, 5, 'BL', -48.91836695536733, 9.877042164919658, 49.20851754286821, -8.961818102023244 
1, 'BL', 9, 14, 'BL', 4.861116231687106, 7.909618499681244, -4.7671431121399905, -7.7097250840323 
0, 'BL', 2, 5, 'BL', 16.128807808332454, 4.319888957207695, -15.984930064327159, -7.932071962963505 
1, 'BL', 9, 10, 'BL', -9.041955682610592, 7.6001131262835315, 9.080022836023375, -7.498991640481336 
1, 'BL', 3, 4, 'BL', -34.46674623495892, 8.905597761879108, 35.2272499505234, -8.419868472367853 
0, 'BL', 7, 9, 'BL', 20.11692164389912, 8.71169178982791, -20.11692164389912, -8.266109013040705 
0, 'BL', 6, 13, 'BL', 22.920883278146448, 6.113748925508958, -22.613233947746664, -5.507891355272136 
0, 'BL', 2, 4, 'BL', 27.837130221278073, 2.17835583219221, -27.450364092782962, -4.977243230448721 
1, 'BL', 1, 5, 'BL', 27.412886625915604, 4.306428917724077, -27.05351190717083, -8.629520912824205 
1, 'BL', 10, 11, 'BL', -15.585034195780423, 2.7983668351869824, 15.7625521793438, -2.382816815650017 
0, 'BL', 4, 9, 'BL', 3.6047707191428477, 4.809008752962825, -3.6047707191428477, -4.644394794078295 
1, 'BL', 6, 11, 'BL', 19.671668617645196, -0.11249294523605613, -19.367899658083928, 0.7486231416641544 
1, 'BL', 12, 13, 'BL', -5.4733067197737455, -2.0435128393750404, 5.540781397790283, 2.1045613575805078 
1, 'BL', 2, 4, 'BL', 27.926405900726053, 2.2722738214273477, -27.536820853257097, -5.061896867379801 
0, 'BL', 9, 10, 'BL', -8.496645395483483, 7.529419838899912, 8.531751617549503, -7.436163763308286 
0, 'BL', 3, 4, 'BL', -34.56347483186849, 8.825725733770582, 35.327034203582, -8.332465167390637 
0, 'BL', 9, 14, 'BL', 3.6462648435640688, 7.473494201870778, -3.5710022500780383, -7.3134005819608205 
0, 'BL', 6, 11, 'BL', 19.093420848063744, -0.11549535238106046, -18.807246851523047, 0.7147794954843221 
1, 'BL', 13, 14, 'BL', 13.521998801863333, -0.723884520498757, -13.249491886524012, 1.2787189947068214 
1, 'BL', 2, 3, 'BL', 58.222096394737505, 2.3269217836464122, -56.87483904460973, -1.7299789358974067 
0, 'BL', 4, 7, 'BL', -1.1442121731249508, 2.767577109068725, 1.1442121731249508, -2.7519223017702643 
0, 'BL', 6, 12, 'BL', 8.663594436384187, 2.158448218851788, -8.58261933138931, -1.9899164345482632 
0, 'BL', 7, 8, 'BL', -21.261133883179216, -5.959769535140481, 21.261133883179216, 6.683593218239821 
1, 'BL', 7, 9, 'BL', 20.54208351983026, 9.149303636739205, -20.54208351983026, -8.6800338247524 
0, 'BL', 5, 6, 'BL', -15.539563638089483, 23.61258506447075, 15.539563638089483, -22.09301040678355 
--end of line flow
