--generation dispatch
bus id,unit id,pg(MW),qg(MVar) 
101, 1, 16.90752101205615, 4.892584200371126
101, 2, 18.710732448737577, 6.596260157122737
101, 3, 53.84392097741236, 19.01997620291724
101, 4, 75.40980684440447, 4.702426708629839
102, 5, 16.514282687486663, 1.74653360836415
102, 6, 20.581909685603794, 0.6516993057839312
102, 7, 97.89253150895155, -4.400289594619135
102, 8, 98.04442373867994, -15.006621034430866
107, 10, 86.6117722267544, 8.222874630497047
107, 11, 33.47798406835037, -26.27028703645492
107, 9, 57.465189855912165, -16.7167935558692
113, 12, 31.91464350578232, -12.833458108755062
113, 13, 20.304757344495474, 12.29133662526329
113, 14, 60.52428711974387, -44.68481373270945
114, 15, 1.2777976221552382e-15, 15.898268552093416
115, 16, 0.5026089577128993, 2.579910774950244
115, 17, 3.9036647984137103, 2.088096524117941
115, 18, 2.209476885584517, 4.171167813321716
115, 19, 0.7545793133353669, 2.793169341805023
115, 20, 9.044750951284971, 1.9832812411244929
115, 21, 159.58703581868903, 51.411233828786564
116, 22, 111.18447314214073, -29.06392325197661
118, 23, 303.7525381496073, 142.1856976473645
121, 24, 403.8308428017331, 195.38872101990478
122, 25, 43.431004725628554, -11.694630920407498
122, 26, 48.098159108542866, -11.05288417333295
122, 27, 51.54031357006081, -9.129053337639828
122, 28, 61.370440169469475, -9.868940613073017
122, 29, 44.27204164187334, -7.728985948401473
122, 30, 60.463415686738706, -11.640093237164532
123, 31, 19.42670921206012, -41.14648081536883
123, 32, 47.12209331439623, -81.96143457917934
123, 33, 184.42373436964215, -12.19357556828527
201, 34, 18.012158186336237, 6.223931592908602
201, 35, 15.661964967970947, 3.2883126543583314
201, 36, 28.68590532516879, -17.84167198001362
201, 37, 25.00505707344685, -3.502608526584884
202, 38, 11.745022616054193, 6.326523273815694
202, 39, 11.4463176566393, 4.840744868779555
202, 40, 16.7350741483127, -16.327960980209596
202, 41, 11.588695932538656, -9.591758217038842
207, 42, 7.947411426476689, -0.3385272373054074
207, 43, 60.13736972458983, 38.16003548442481
207, 44, 6.065916813578014, -7.041296769740687
213, 45, 80.5533176669953, -36.458562277566536
213, 46, 136.42463762579575, 31.29491555212511
213, 47, 127.02820877766557, -23.404535974067
214, 48, -2.5449354349977477e-16, 174.65018265977693
215, 49, 5.030233054173457, 1.2789108742954989
215, 50, 2.242771025386957, 2.9427327245369437
215, 51, 4.515011808661097, 4.474238725382214
215, 52, 2.4522318040331275, 2.8831745334877588
215, 53, 0.5937616551419436, 2.667192074482747
215, 54, 68.54069825826188, -15.430986553813945
216, 55, 68.13869629226393, 43.06609511121801
218, 56, 455.81374103266256, 16.365682672876602
221, 57, 368.5871876848154, 60.245749168866
222, 58, 36.008463205984086, -1.597952499279007
222, 59, 59.14877714331284, 3.588177721768349
222, 60, 46.471464894460745, 6.539551088852868
222, 61, 53.41864710881398, 1.2982936560517055
222, 62, 44.92027334145293, 7.166037276433256
222, 63, 62.504323257347785, 0.973559831586637
223, 64, 38.27071993497662, -50.70703079702388
223, 65, 83.261876613788, -6.684103875815945
223, 66, 171.9286752911001, 11.81169766348608
301, 67, 14.580754372992779, 5.795285232978414
301, 68, 21.26051114361097, 3.397136189228899
301, 69, 24.1877062134985, -7.4229913516957575
301, 70, 1.2214085980526677, -30.91898705883013
302, 71, 19.780515228736384, -0.5473946456896139
302, 72, 12.348894280272795, -1.2610399268721768
302, 73, 25.262958837871434, -27.57698591032161
302, 74, 68.61622644340797, -33.84443569703259
307, 75, 31.919539256387846, 17.552916845352367
307, 76, 68.19725931495746, -3.1120105188899063
307, 77, 7.691525337187124, 12.076971912132315
313, 78, 45.45843457520561, -12.130013634061738
313, 79, 149.77239387441514, 5.1565963361670955
313, 80, 86.12066033746906, 3.5791060629856735
314, 81, -4.4301913431362397e-16, 92.96884022164959
315, 82, 4.891992178236415, 4.24084079668275
315, 83, 3.1803238244478873, 1.8131213181908075
315, 84, 6.398241120179444, 5.048319209144844
315, 85, 1.1564705646907611, 1.8871515991460135
315, 86, 0.094182616074926, 3.174570959369256
315, 87, 49.593922185253234, 77.29036969732975
316, 88, 2.3115406814868225, 40.86759770120522
318, 89, 309.0440445182614, 116.98188307519575
321, 90, 441.5046862674634, 129.93230166772648
322, 91, 48.59815954672824, 3.322738962316649
322, 92, 60.74267167807277, 2.552118547102081
322, 93, 38.112517269092606, 8.237087720046619
322, 94, 42.566234045426356, 3.111821865121175
322, 95, 50.99754445696902, -0.4875942602393523
322, 96, 38.51448817853535, 4.3748188348553825
323, 97, 67.97814973967668, -29.062868457042278
323, 98, 47.892994333707755, -45.2684388800394
323, 99, 65.19274179821353, -55.782683379652
--end of generation dispatch
