--contingency generator
conID,genID,busID,unitID,q(MW) 
1, '1 ', 8, '1 ', 18.63100226754206
1, '1 ', 1, '1 ', -2.738627126948291
1, '1 ', 3, '1 ', 7.8599115293642114
1, '1 ', 2, '1 ', 22.622914462829844
1, '1 ', 6, '1 ', -7.859235845766335
--end of contingency generator
--bus
contingency id,bus id,v(pu),theta(deg) 
0, 4, 1.0328452253357578, 66.46323484050423
1, 11, 1.0531672163894843, 55.48311530031235
0, 7, 1.0672762384991272, 68.54745693190925
1, 10, 1.051172338683332, 54.14530356774617
1, 14, 1.0342379426823622, 53.36866686903249
0, 12, 1.052100727928051, 68.93848872456392
1, 4, 1.0326759789880338, 53.64000543846948
0, 13, 1.046935595290988, 68.54708035310172
1, 12, 1.0277608849708197, 55.111415605604876
0, 14, 1.0370988086610875, 66.3866224021178
1, 8, 1.0936740482536844, 60.141091019300205
0, 6, 1.0642024458257462, 69.85700933562612
1, 5, 1.03284870794549, 54.43416988620607
1, 6, 1.064202446954984, 57.101803819637794
0, 5, 1.0329219045347144, 67.24813032013816
1, 7, 1.0668905353778249, 55.68566637582217
0, 3, 1.0118570172502563, 63.4583468995444
0, 8, 1.0936740477243565, 73.0008581109463
1, 1, 1.0466245505600844, 55.604352612011134
1, 13, 1.0412904884580036, 55.37521206012315
1, 9, 1.0588818229742711, 53.88720900142819
0, 11, 1.0535497103807798, 68.29207421261586
0, 9, 1.059619063238655, 66.77194253858661
1, 3, 1.0117954550180754, 50.6407792869018
1, 2, 1.0441840381070198, 55.07381258589116
0, 1, 1.0466245494229838, 68.42138318296115
0, 2, 1.044184029808939, 67.89171089230341
0, 10, 1.0518267275249809, 67.00725815579389
--end of bus
--Delta
contingency id,Delta(MW) 
1, 0.0015760908411490608 
--end of Delta
--line flow
contingency id,line id,origin bus id,destination bus id,circuit id,p_origin(MW),q_origin(MVar),p_destination(MW),q_destination(MVar) 
1, 'BL', 1, 2, 'BL', 16.74576754028851, -3.980606362179742, -16.695946383862065, -1.6376444888221613 
1, 'BL', 2, 5, 'BL', 8.278319439125028, 2.248133972761025, -8.233596142327684, -5.843361991768916 
1, 'BL', 4, 9, 'BL', -0.875393201683474, 1.3108468666153215, 0.875393201683474, -1.2986794891906186 
1, 'BL', 4, 7, 'BL', -19.229511844668224, -5.203130842982432, 19.229511844668224, 5.947464914392867 
1, 'BL', 6, 13, 'BL', 28.088225319354763, 4.840497699518778, -27.613721257888358, -3.906051076885092 
1, 'BL', 7, 8, 'BL', -51.45810803297236, -14.220266165901421, 51.45810803297236, 18.631002267150393 
1, 'BL', 4, 5, 'BL', -31.952400317487673, 9.949486778933078, 32.09260129489587, -9.507249838209646 
0, 'BL', 12, 13, 'BL', 3.0535057472056906, -0.6433177235865628, -3.034070984702396, 0.6609015563276444 
0, 'BL', 1, 5, 'BL', 10.869059568347382, 1.2039410834509567, -10.803293614871265, -6.25183666037384 
0, 'BL', 10, 11, 'BL', -11.228642323452078, 3.9982432576013025, 11.334005180970763, -3.7516004295255243 
0, 'BL', 13, 14, 'BL', 10.734236451184145, -2.091186674766135, -10.547728109136358, 2.470924773399844 
0, 'BL', 1, 2, 'BL', 16.720433248953555, -3.9725547333548548, -16.670765181143224, -1.6461634677505117 
1, 'BL', 5, 6, 'BL', -21.77994242371371, 19.857124322780408, 21.77994242371371, -18.0745449650139 
0, 'BL', 2, 3, 'BL', 43.24457553412719, 5.995318659150939, -42.40832596575544, -7.102222173859047 
0, 'BL', 4, 5, 'BL', -31.521269095132652, 10.042731048275073, 31.658232785713153, -9.610705504429006 
1, 'BL', 9, 14, 'BL', 6.724455964457093, 6.506528010856414, -6.625199950678791, -6.29539717138374 
0, 'BL', 2, 5, 'BL', 8.304400400421883, 2.196110926138658, -8.259674474321827, -5.791592476105507 
1, 'BL', 9, 10, 'BL', -2.0072926145315364, 10.429876213121588, 2.0392979376626386, -10.344857357271849 
1, 'BL', 3, 4, 'BL', -31.62246589401809, 0.21869261115102745, 32.2775199967073, 0.11550983945437565 
0, 'BL', 7, 9, 'BL', 31.851250906794295, 7.922259469756, -31.851250906794295, -6.881858415964302 
0, 'BL', 6, 13, 'BL', 21.328451584332015, 3.498751148772044, -21.05559639535369, -2.9614141046572513 
0, 'BL', 2, 4, 'BL', 15.806911186238722, -0.15800861776983766, -15.672213783616598, -3.100338639313577 
1, 'BL', 1, 5, 'BL', 10.85160573119299, 1.24197923503732, -10.785879761752227, -6.289667904879309 
1, 'BL', 10, 11, 'BL', -11.717787844059302, 4.071040690511779, 11.832052706522234, -3.80355925074025 
0, 'BL', 4, 9, 'BL', -1.0941291532065553, 1.2043053240245456, 1.0941291532065553, -1.1913447730800328 
1, 'BL', 6, 11, 'BL', 15.345015083787416, -1.1984577591904895, -15.146332713744812, 1.6145234930446577 
1, 'BL', 12, 13, 'BL', -4.5678293642884, -1.9024443044002908, 4.619037576124811, 1.9487755436808243 
1, 'BL', 2, 4, 'BL', 15.88618018037667, -0.08250911145751161, -15.750004339372879, -3.170757940968201 
0, 'BL', 9, 10, 'BL', -1.5191232650777238, 10.354485681967844, 1.5501524171344272, -10.272059924382575 
0, 'BL', 3, 4, 'BL', -31.701725659081063, 0.18855723002127434, 32.359951179205495, 0.15343618315728236 
0, 'BL', 9, 14, 'BL', 5.640205382093569, 6.183325901129422, -5.560907783520747, -6.014649284796235 
0, 'BL', 6, 11, 'BL', 14.833984197750652, -1.1736877186437482, -14.648285188133201, 1.5625646718224857 
1, 'BL', 13, 14, 'BL', 9.639252752804907, -2.434423689851201, -9.48343594206493, 2.751672660036263 
1, 'BL', 2, 3, 'BL', 43.24651443023414, 6.026998417386153, -42.409963256982394, -7.132358469999815 
0, 'BL', 4, 7, 'BL', -19.60212885366348, -5.298179215194068, 19.60212885366348, 6.071270960081279 
0, 'BL', 6, 12, 'BL', 7.687591795349988, 1.3970252246677433, -7.621335111428067, -1.259126580830241 
0, 'BL', 7, 8, 'BL', -51.45337976041347, -13.993530429837506, 51.45337976041347, 18.390434032797884 
1, 'BL', 7, 9, 'BL', 32.22859618830279, 8.272801251508781, -32.22859618830279, -7.202791379585392 
0, 'BL', 5, 6, 'BL', -21.302081729342216, 19.87097922881037, 21.302081729342216, -18.12976366095819 
--end of line flow
