--contingency generator
conID,genID,busID,unitID,q(MW) 
1, '1 ', 8, '1 ', 1.6696167718952832
1, '1 ', 1, '1 ', -1.959301844354121
1, '1 ', 3, '1 ', 25.553218568960006
1, '1 ', 2, '1 ', 21.048336935872154
1, '1 ', 6, '1 ', 1.6867543387324953
--end of contingency generator
--bus
contingency id,bus id,v(pu),theta(deg) 
0, 4, 1.0704591851128344, 33.54257960732505
1, 11, 1.0637853875760717, 72.12128790313969
0, 7, 1.0974659393921655, 34.058186869461665
1, 10, 1.0406714962735417, 69.54631825761149
1, 14, 1.0343776319191151, 69.88066089979999
0, 12, 1.0826522023166318, 36.35691910696681
1, 4, 1.0702278714814637, 70.8385959783999
0, 13, 1.0753948070710004, 36.0895457482602
1, 12, 1.0479307675473157, 72.30297201880677
0, 14, 1.0392803109836666, 32.909971253554794
1, 8, 1.0999999998233578, 71.78817351676314
0, 6, 1.0999999998731897, 37.54770826461817
1, 5, 1.0739809063492634, 72.08832868996147
1, 6, 1.0999999998076793, 74.88883468727803
0, 5, 1.0741029165576779, 34.78593714569059
1, 7, 1.0973576628567598, 71.35523986945195
0, 3, 1.0668586812844565, 30.70581826764254
0, 8, 1.0999999998411463, 34.4903452427908
1, 1, 1.0999999999116628, 74.58813881435151
1, 13, 1.0670231575909528, 72.88067934537402
1, 9, 1.0417343856269754, 68.7754142767438
0, 11, 1.0649427939046139, 34.85924072720176
0, 9, 1.0440831043288714, 31.637962151504894
1, 3, 1.0668586812221346, 68.00871837491557
1, 2, 1.0930854904079563, 73.12929898073219
0, 1, 1.099999999976665, 37.28697261129268
0, 2, 1.0930854904142404, 35.828570439775326
0, 10, 1.042721698122149, 32.37037530620133
--end of bus
--Delta
contingency id,Delta(MW) 
1, 0.002920706397250921 
--end of Delta
--line flow
contingency id,line id,origin bus id,destination bus id,circuit id,p_origin(MW),q_origin(MVar),p_destination(MW),q_destination(MVar) 
1, 'BL', 1, 2, 'BL', 50.7197757701623, -6.29360999939172, -50.30621285549444, 1.2075118619989098 
1, 'BL', 2, 5, 'BL', 14.662853512713099, 5.251888284677875, -14.534845518522872, -8.923562308826831 
1, 'BL', 4, 9, 'BL', 7.447578619735404, 12.591460693098156, -7.447578619735404, -11.615691431952882 
1, 'BL', 4, 7, 'BL', -5.1778899211969405, -1.5753747506468017, 5.1778899211969405, 1.6265282060235222 
1, 'BL', 6, 13, 'BL', 36.56485848988268, 9.831670193612808, -35.78108999213572, -8.288185353076415 
1, 'BL', 7, 8, 'BL', -5.177889921188285, -1.6265282060411437, 5.177889921188285, 1.6696167732019376 
1, 'BL', 4, 5, 'BL', -56.655473820968155, 9.072223639443564, 57.03918822026685, -7.861870579183687 
0, 'BL', 12, 13, 'BL', 3.182369570046035, 0.4199625324218914, -3.162949248884047, -0.40239176565626167 
0, 'BL', 1, 5, 'BL', 24.872734192883854, 4.274800569579213, -24.573008029567717, -8.852202695469089 
0, 'BL', 10, 11, 'BL', -25.392533863917976, -0.6707683927631365, 25.879452941537238, 1.8105922469781035 
0, 'BL', 13, 14, 'BL', 18.961940844727778, 2.340723283224065, -18.422410393464148, -1.2422187044564623 
0, 'BL', 1, 2, 'BL', 50.70564484344891, -6.289376700430921, -50.29231568318755, 1.2025648759251908 
1, 'BL', 5, 6, 'BL', -24.574192758976615, 24.532722035269956, 24.574192758976615, -22.244335809513984 
0, 'BL', 2, 3, 'BL', 53.57464718068954, 1.5008306827660363, -52.4391826458843, -1.8264123964130476 
0, 'BL', 4, 5, 'BL', -56.319708393500946, 9.235175556750619, 56.69918516930545, -8.038189262433207 
1, 'BL', 9, 14, 'BL', -5.175944277578083, 5.341890540541215, 5.240747486605358, -5.204045432707176 
0, 'BL', 2, 5, 'BL', 14.659230220325185, 5.176743064462357, -14.531794456615842, -8.850617637859955 
1, 'BL', 9, 10, 'BL', -14.648585609155475, 6.940935708478037, 14.725605879209922, -6.736339266490859 
1, 'BL', 3, 4, 'BL', -29.01048244231663, 9.350403051197645, 29.5657797302307, -9.394602750398462 
0, 'BL', 6, 13, 'BL', 26.87676278951443, 7.422890647008103, -26.451730078092226, -6.585868556048467 
0, 'BL', 2, 4, 'BL', 28.203867113032942, 3.228768332218465, -27.803545784314963, -5.99331706915973 
1, 'BL', 1, 5, 'BL', 24.873206804221496, 4.334308155024701, -24.573083195153373, -8.909424857036413 
1, 'BL', 10, 11, 'BL', -26.212515302834845, -0.7438957013930576, 26.73349199797633, 1.9634446817199773 
0, 'BL', 4, 9, 'BL', 6.892411161411118, 12.155519465029244, -6.892411161411118, -11.265621126321918 
1, 'BL', 6, 11, 'BL', 31.18650409359526, 5.821999390051019, -30.396448118103393, -4.167523357988102 
1, 'BL', 12, 13, 'BL', -7.50468238040753, -1.686672030356135, 7.623706671192565, 1.7943606743997975 
1, 'BL', 2, 4, 'BL', 28.291133170275742, 3.3454741194260578, -27.88781039624743, -6.1000739455635085 
0, 'BL', 9, 10, 'BL', -13.83548558074881, 6.995783256641516, 13.905624440322413, -6.8094665752846595 
0, 'BL', 3, 4, 'BL', -29.13372415372308, 9.258541145196205, 29.692155030631056, -9.295059876525215 
0, 'BL', 9, 14, 'BL', -6.544211764191914, 5.030053658764928, 6.62365120207221, -4.861075331221343 
0, 'BL', 6, 11, 'BL', 30.28683002767545, 5.573581537557914, -29.542409061644122, -4.014670923285109 
1, 'BL', 13, 14, 'BL', 17.50464483868174, 1.8462876403043538, -17.039506678005807, -0.8992486028128042 
1, 'BL', 2, 3, 'BL', 53.55314841718835, 1.503940574198623, -52.41857956611187, -1.8332958246127191 
0, 'BL', 4, 7, 'BL', -5.1691278029002925, -1.5086851906584116, 5.1691278029002925, 1.559299270206452 
0, 'BL', 6, 12, 'BL', 10.81146921609863, 2.365581603086696, -10.687051950493839, -2.106634562859142 
0, 'BL', 7, 8, 'BL', -5.169127802893916, -1.5592992702237325, 5.169127802893916, 1.6019334999117518 
0, 'BL', 5, 6, 'BL', -24.237315935492468, 24.57887388578456, 24.237315935492468, -22.31790772076164 
--end of line flow
