--contingency generator
conID,genID,busID,unitID,q(MW) 
1, '1 ', 8, '1 ', 3.377923950572074
1, '1 ', 1, '1 ', 1.120314193899129
1, '1 ', 3, '1 ', 24.64928162533779
1, '1 ', 2, '1 ', 15.804183273883666
1, '1 ', 6, '1 ', -2.0036268305707194
--end of contingency generator
--bus
contingency id,bus id,v(pu),theta(deg) 
0, 4, 1.0528875961819821, 28.5459379420425
1, 11, 1.072139813472372, 46.987067872552586
0, 7, 1.0715694920857104, 28.208284293120865
1, 10, 1.0615083008411808, 45.208800489680804
1, 14, 1.0484740970863855, 44.83519201506144
0, 12, 1.0780201190036294, 31.099450090949393
1, 4, 1.0526992509612418, 45.41747706821944
0, 13, 1.0717930517693268, 30.808322110815006
1, 12, 1.049802776281387, 46.80567709379542
0, 14, 1.0517215430528957, 28.18998616619604
1, 8, 1.0766382822304812, 45.40994297898862
0, 6, 1.0919326110820513, 32.149778923271
1, 5, 1.0563067256546366, 46.547635742794355
1, 6, 1.0919326092844581, 49.098321371413206
0, 5, 1.0563869626877604, 29.665420136000645
1, 7, 1.0711347962070434, 45.03305941327905
0, 3, 1.0466699626805045, 25.89236973048294
0, 8, 1.0766382832472816, 28.584484649965773
1, 1, 1.0819836913870804, 49.437371827021124
1, 13, 1.065284848227418, 47.2786078106579
1, 9, 1.0649976719284264, 44.59072393572506
0, 11, 1.0725852078793239, 30.099553932107288
0, 9, 1.0658247053464147, 27.791535549602017
1, 3, 1.0466699619521127, 42.770017254846316
1, 2, 1.0681194773379727, 47.079539819316565
0, 1, 1.0819836928486177, 32.55843994708754
0, 2, 1.0681194786854076, 30.201605777288325
0, 10, 1.0622528516244236, 28.38264445825979
--end of bus
--Delta
contingency id,Delta(MW) 
1, 0.002020628687492029 
--end of Delta
--line flow
contingency id,line id,origin bus id,destination bus id,circuit id,p_origin(MW),q_origin(MVar),p_destination(MW),q_destination(MVar) 
1, 'BL', 1, 2, 'BL', 80.55715685751318, -2.4698536169382805, -79.48280536554239, -0.3525320562698653 
1, 'BL', 2, 5, 'BL', 7.594813294892049, 2.823151566292154, -7.554534162861501, -6.604198328085658 
1, 'BL', 4, 9, 'BL', 3.0015941701182065, 4.197631514116438, -3.0015941701182065, -4.072138310176086 
1, 'BL', 4, 7, 'BL', 3.6990606404593693, 2.7120085680933244, -3.6990606404593693, -2.674036003420383 
1, 'BL', 6, 13, 'BL', 31.741040606483466, 6.6688259561522045, -31.157407053931934, -5.519469298693707 
1, 'BL', 7, 8, 'BL', -4.30638381070547, -3.3324021989222956, 4.30638381070547, 3.3779237271047577 
1, 'BL', 4, 5, 'BL', -49.77654361362397, 7.275935130991911, 50.08140583609077, -6.314306053233395 
0, 'BL', 12, 13, 'BL', 2.9966598381435574, 0.053831329309218745, -2.979583438109046, -0.03838125308755025 
0, 'BL', 1, 5, 'BL', 27.421607307869735, 3.5476883036967592, -27.05550016927701, -7.661509478693347 
0, 'BL', 10, 11, 'BL', -16.99829736921015, 1.8134166704477366, 17.210792241313044, -1.3159896127414754 
0, 'BL', 13, 14, 'BL', 14.50061857015477, -0.6024307550626986, -14.187204548206424, 1.2405536586985306 
0, 'BL', 1, 2, 'BL', 80.5260493280415, -2.4610638135900444, -79.45252554205786, -0.3638489840946022 
1, 'BL', 5, 6, 'BL', -21.85374163152131, 19.12445262268932, 21.85374163152131, -17.46988447981846 
0, 'BL', 2, 3, 'BL', 43.1284770434514, 0.43375394009933643, -42.35882053539049, -2.088882500232444 
0, 'BL', 4, 5, 'BL', -49.26680329321596, 7.373495186699074, 49.56564873528032, -6.430844882180281 
1, 'BL', 9, 14, 'BL', 1.0642021386162526, 6.01191864668516, -1.0224279410290364, -5.923059331575018 
0, 'BL', 2, 5, 'BL', 7.62457437410734, 2.7645705763657134, -7.58434797213539, -6.546071601947801 
1, 'BL', 9, 10, 'BL', -11.16490524521447, 8.678705214259026, 11.220989651935497, -8.529722744345918 
1, 'BL', 3, 4, 'BL', -26.816945276337975, 6.803630481549476, 27.29128020020903, -7.003346768958295 
0, 'BL', 7, 9, 'BL', 7.551301244788853, 5.623261589068306, -7.551301244788853, -5.538336303901133 
0, 'BL', 6, 13, 'BL', 23.634679702779636, 5.1258538278473225, -23.31019117348717, -4.486834618309672 
0, 'BL', 2, 4, 'BL', 19.445223753155545, 1.1454410376775286, -19.247784922813935, -4.370430744191026 
1, 'BL', 1, 5, 'BL', 27.400602791821726, 3.590168376445888, -27.034774237423022, -7.704722550631857 
1, 'BL', 10, 11, 'BL', -17.569293027497082, 1.915064706791327, 17.79673461213156, -1.3826490436500194 
0, 'BL', 4, 9, 'BL', 2.7415522248174806, 4.071172404192367, -2.7415522248174806, -3.9576855183927933 
1, 'BL', 6, 11, 'BL', 22.03787694981176, 0.7418423322901049, -21.65055524109073, 0.0692577715697098 
1, 'BL', 12, 13, 'BL', -6.11473190369685, -1.3539920898658124, 6.193357341223816, 1.425129390485381 
1, 'BL', 2, 4, 'BL', 19.540942846152888, 1.2300034152320904, -19.34133389897832, -4.447734268568638 
0, 'BL', 9, 10, 'BL', -10.597994678972782, 8.566205665134703, 10.64999402217768, -8.428074747158462 
0, 'BL', 3, 4, 'BL', -26.919079701392405, 6.7316836178559925, 27.39611430099899, -6.924763318093028 
0, 'BL', 9, 14, 'BL', -0.21689353828358549, 5.6713875814413655, 0.25293658775473205, -5.594719186224495 
0, 'BL', 6, 11, 'BL', 21.43094543525379, 0.764547895787075, -21.06461286826149, 0.0025983199927850364 
1, 'BL', 13, 14, 'BL', 13.174893663083495, -1.0333066503725377, -12.911840028932033, 1.5688938834935868 
1, 'BL', 2, 3, 'BL', 43.13119035676863, 0.43332176293495195, -42.36143849139792, -2.088048570785645 
0, 'BL', 4, 7, 'BL', 3.2509794641619956, 2.5850188747568836, -3.2509794641619956, -2.5538925158448365 
0, 'BL', 6, 12, 'BL', 9.201289636091474, 1.5949260372870526, -9.111391749530867, -1.4078234552264917 
0, 'BL', 7, 8, 'BL', -4.300321859788393, -3.0693689169162326, 4.300321859788393, 3.112190313754354 
1, 'BL', 7, 9, 'BL', 8.005444451164838, 6.006438202342679, -8.005444451164838, -5.910397024033273 
0, 'BL', 5, 6, 'BL', -21.28744495967117, 19.13965257393943, 21.28744495967117, -17.532119265687413 
--end of line flow
