--generation dispatch
bus id,unit id,pg(MW),qg(MVar) 
101, 1, 10.414652904950946, 6.706731781839014
101, 2, 16.30503331088062, 8.064003621363641
101, 3, 81.36664417357312, 11.582525039320883
101, 4, 65.91924454115059, 12.146619982627842
102, 5, 16.654856513166454, 2.201642833066904
102, 6, 12.381090186683323, 3.6400928372871046
102, 7, 98.63735856022642, -9.837352677007754
102, 8, 94.5623068208148, -13.374460893706138
107, 10, 67.61523175977399, 8.724416341545238
107, 11, 54.69159229943205, -18.747034436728878
107, 9, 39.3710908536095, -13.459824237407313
113, 12, 83.20752476116762, -15.621462289155009
113, 13, 114.10536441322247, 20.369596805337416
113, 14, 62.731106827675106, -0.0009742256495363157
114, 15, -4.965611399051159e-16, 29.45752017739785
115, 16, 0.9903773356609472, 2.1359003886689822
115, 17, 0.6832894532522762, 2.8188876320649063
115, 18, 4.2549985777575445, 2.3919509111007944
115, 19, 4.621482029146123, 1.8116878352179828
115, 20, 5.229775617679799, 1.4047792045637835
115, 21, 78.39270661614178, 64.01288549662124
116, 22, 73.52229058976526, -50.34725403893546
118, 23, 436.7057727744351, 16.7394287759814
121, 24, 325.7462190055287, 96.41856745535598
122, 25, 46.47769577135892, -4.324534519946514
122, 26, 35.85770540205391, 3.2821351819911033
122, 27, 41.02763653300332, -2.90232539495629
122, 28, 36.76290582200141, 7.366402566005716
122, 29, 35.29059193130212, -3.2960057586726927
122, 30, 61.31670392151552, 4.021524617071669
123, 31, 89.32207892727591, -37.01447034551026
123, 32, 55.234518504338084, -49.421620522689174
123, 33, 173.06651491419169, -63.78451880709482
201, 34, 14.26508286421765, 4.39972697634768
201, 35, 10.421405092476208, 4.87540740505765
201, 36, 39.254283495876315, -4.044525424338558
201, 37, 40.93793727362138, -12.495008262072407
202, 38, 17.101117652044515, 7.074287052786937
202, 39, 13.207690923574143, 2.785016004846123
202, 40, 3.6393046096307757, -15.202132607394944
202, 41, 18.237819456960988, -36.39852881267706
207, 42, 64.84760626561257, 21.15023375679277
207, 43, 48.089061096472335, -20.841342175857918
207, 44, 47.5817473464866, 28.544146498683407
213, 45, 89.6487192715413, 24.35617252479516
213, 46, 137.63631385904534, -4.304250916304847
213, 47, 14.837166977689659, 22.792518356147273
214, 48, -4.2244345400529687e-16, 31.011079094032862
215, 49, 3.9260075016309868, 5.10032564290316
215, 50, 5.514798065533895, 0.7688226849632007
215, 51, 3.9277861696471827, 3.4099580581680082
215, 52, 0.8574210384496301, 3.417491438753364
215, 53, 0.6327615643302322, 1.4880459799844385
215, 54, 25.379317428124335, -0.9477385007141735
216, 55, 102.25568630182023, 65.63853206047528
218, 56, 337.12557294767106, 0.6482347110531765
221, 57, 307.95396869485046, 39.20015188155372
222, 58, 39.28028865737119, -0.6737836348375768
222, 59, 62.77104943544814, -1.7110579819580862
222, 60, 35.96115767975547, 6.969924750317007
222, 61, 53.33283138248347, 7.102536223022268
222, 62, 59.68211289980659, 0.46116998550217214
222, 63, 37.37448153105774, 5.100442740203122
223, 64, 75.29981054128073, -17.97715410772285
223, 65, 7.725860533759341, 13.009056569654973
223, 66, 152.88402902934476, -28.526760003749313
301, 67, 11.05653875076018, 1.039232461293416
301, 68, 11.067651169698603, 2.186127619589043
301, 69, 15.450681900184854, -34.54482706037923
301, 70, 25.208601369563773, -14.864786189697668
302, 71, 15.275704882969801, -0.859192567951018
302, 72, 9.708317428751585, 0.9393061958627003
302, 73, 12.971777655446616, -15.611798982559842
302, 74, 56.82735743369088, -29.515607196838292
307, 75, 38.845231021916725, 1.7343830141788081
307, 76, 29.58492256926822, -8.82893081504
307, 77, 58.31580237012643, 26.632497450604195
313, 78, 22.660139246175692, 32.57132428788075
313, 79, 111.31425891218784, 30.19865757389353
313, 80, 10.674672049146992, 25.038971684530075
314, 81, -1.807947337000474e-15, 9.635711473621805
315, 82, 1.3316159839933632, 3.977290674663155
315, 83, 2.072987811006705, 3.901753537186208
315, 84, 6.065212314462369, 0.9415920504876857
315, 85, 5.210106209179595, 2.737038969491875
315, 86, 3.664866785033718, 4.773431261408744
315, 87, 77.13946069758302, 77.45092780278783
316, 88, 62.71074865765525, 57.57315645678446
318, 89, 381.7176184483472, 41.306796945655705
321, 90, 336.9476221759484, 48.75259326294051
322, 91, 57.63654846262132, 1.7910293991267416
322, 92, 51.27967934619581, 1.8154498442904616
322, 93, 55.366474120243836, 1.9016014261712886
322, 94, 35.137063677254524, 7.148502351791052
322, 95, 64.25794804731329, 2.8175314607841924
322, 96, 59.57048566110378, 8.334121655431613
323, 97, 62.217526329987656, -20.919854272031195
323, 98, 93.62169040895446, -39.552011156739944
323, 99, 155.26901374760234, 4.509107909376323
--end of generation dispatch
